label,issue,expire,fl_low,fl_high,polygon
BRAVO 2,2019-06-01 00:05:00+00:00,2019-06-01 04:05:00+00:00,0.0,39000.0,"POLYGON ((-66.15 25.3, -60.15 24, -60.3 22.3, -66.15 22.15, -67.3 24, -66.15 25.3))"
1W,2019-06-01 00:55:00+00:00,2019-06-01 02:55:00+00:00,0.0,38000.0,"POLYGON ((-113.76 40.87457093942089, -110.6681314077607 40.54766696095994, -111.43808383564682 38.41768538464265, -114.45541656412884 38.992651318763215, -113.76 40.87457093942089))"
3E,2019-06-01 00:55:00+00:00,2019-06-01 02:55:00+00:00,0.0,45000.0,"POLYGON ((-72.58141744893663 37.314117035316904, -72.79933985502997 35.06616814957474, -73.7612320341291 34.23553982536499, -77.55925001702265 34.964427780843245, -75.81627813641721 36.76204939932964, -72.58141744893663 37.314117035316904))"
1E,2019-06-01 00:55:00+00:00,2019-06-01 02:55:00+00:00,0.0,45000.0,"POLYGON ((-83.75055177935047 45.06425631715061, -84.56964511433613 43.881880980101606, -87.01912150223214 43.871699411802986, -86.88721010774728 44.934626529224666, -83.75055177935047 45.06425631715061))"
2E,2019-06-01 00:55:00+00:00,2019-06-01 02:55:00+00:00,0.0,45000.0,"POLYGON ((-77.67304139269572 38.70350160220162, -75.81627813641721 36.76204939932964, -79.30571980103298 33.142522346807496, -81.05 33.52726208852721, -78.84954153973574 38.31757419217999, -77.67304139269572 38.70350160220162))"
7W,2019-06-01 00:55:00+00:00,2019-06-01 02:55:00+00:00,0.0,45000.0,"POLYGON ((-118.94000000000001 45.034524177054436, -117.64402183804225 42.58977796944813, -121.1502297971497 40.91841127259239, -122.91 42.48, -122.59 44.918155221318045, -118.94000000000001 45.034524177054436))"
6W,2019-06-01 00:55:00+00:00,2019-06-01 02:55:00+00:00,0.0,38000.0,"POLYGON ((-120.0795198308565 48.888518886265175, -115.6927265360814 48.884528047598145, -116.52982479694084 48.044865085241376, -120.47653393908877 48.081036699914264, -120.0795198308565 48.888518886265175))"
3W,2019-06-01 00:55:00+00:00,2019-06-01 02:55:00+00:00,0.0,40000.0,"POLYGON ((-117.81 45.33910686720918, -110.73 44.60821373441834, -112.53573418916467 42.04626316203784, -115.84216282696617 42.934649905339896, -117.81 45.33910686720918))"
5W,2019-06-01 00:55:00+00:00,2019-06-01 02:55:00+00:00,0.0,40000.0,"POLYGON ((-117.27976865849362 47.79474988412122, -114.55762909243603 47.59455677916645, -111.60898563900187 46.37421061052071, -115.5702680693902 45.84417082880712, -117.27976865849362 47.79474988412122))"
2W,2019-06-01 00:55:00+00:00,2019-06-01 02:55:00+00:00,0.0,38000.0,"POLYGON ((-116.8241993155752 43.35724382604407, -113.12372218068526 42.1980288942044, -115.44920097632402 38.24523983824482, -120.00308267513729 34.970893655971295, -121.55 39.271844778681974, -116.8241993155752 43.35724382604407))"
4W,2019-06-01 00:55:00+00:00,2019-06-01 02:55:00+00:00,0.0,38000.0,"POLYGON ((-109.95209749051911 46.18429616608735, -107.06 44.50726208852722, -107.23553180908378 42.38015313579989, -109.49447001678767 41.94194961280839, -109.95209749051911 46.18429616608735))"
BRAVO 3,2019-06-01 01:05:00+00:00,2019-06-01 05:05:00+00:00,0.0,39000.0,"POLYGON ((-66 25.3, -62 25, -65 22, -67 23.15, -66 25.3))"
2C,2019-06-01 01:23:00+00:00,2019-06-01 02:55:00+00:00,,,"POLYGON ((-93.31114272430271 45.07254424072276, -89.65292652999133 45.28079172672084, -87.8391914948508 44.46807338540705, -93.2896365590429 44.87370389055253, -89.60128190481578 45.27262878010688, -87.75740840975949 44.65058784234938, -89.57114344490003 45.46330618366316, -89.62278807007559 45.47146913027711, -93.31114272430271 45.07254424072276))"
7C,2019-06-01 01:23:00+00:00,2019-06-01 03:55:00+00:00,0.0,45000.0,"POLYGON ((-102.32938652570027 37.30777237696987, -101.78393198024574 37.30777237696987, -101.78393198024574 36.762317831515325, -102.32938652570027 36.762317831515325, -102.32938652570027 37.30777237696987))"
3C,2019-06-01 01:23:00+00:00,2019-06-01 02:55:00+00:00,0.0,42000.0,"POLYGON ((-91.61833851611559 42.67304865974469, -91.90803678446144 42.05388165387847, -93.99186243315609 42.07534699451338, -93.70070894000592 42.60849002180683, -91.61833851611559 42.67304865974469))"
5C,2019-06-01 01:23:00+00:00,2019-06-01 02:55:00+00:00,0.0,45000.0,"POLYGON ((-98.80697617161957 45.29183235880665, -98.34131433376213 43.0842942227913, -99.99 42.07089313279082, -103.53278127842304 43.056567324880525, -103.45821025489727 44.74765573920177, -98.80697617161957 45.29183235880665))"
6C,2019-06-01 01:23:00+00:00,2019-06-01 02:55:00+00:00,0.0,45000.0,"POLYGON ((-106.28 32.651844778681955, -102.20405280581647 30.947682516475272, -102.46607336090584 29.873048685196448, -103.95 28.96904835410886, -106.28 32.651844778681955))"
1C,2019-06-01 01:23:00+00:00,2019-06-01 02:55:00+00:00,0.0,45000.0,"POLYGON ((-91.5973922529804 31.094482211701738, -91.15271215292982 30.172507489061243, -92.56844627043198 29.668326172639098, -93.28784903804147 30.203546785254815, -92.64847669293799 30.952504891110653, -91.5973922529804 31.094482211701738))"
4C,2019-06-01 01:23:00+00:00,2019-06-01 02:55:00+00:00,0.0,44000.0,"POLYGON ((-98.70660666457356 45.6547883002816, -95.67393428075451 45.39095205128576, -98.37 44.25541730984525, -98.70660666457356 45.6547883002816))"
9C,2019-06-01 01:55:00+00:00,2019-06-01 03:55:00+00:00,,,"POLYGON ((-93.52720475545779 45.166706535765, -89.65726955240204 45.28286468453171, -87.80192868538025 44.34182949588083, -93.51163865981711 44.96731321424569, -89.60425193962534 45.27235229443234, -87.71145955546753 44.52019803720141, -89.56680042248932 45.46123322585229, -89.61981803526602 45.47174561595165, -93.52720475545779 45.166706535765))"
7E,2019-06-01 01:55:00+00:00,2019-06-01 03:55:00+00:00,0.0,30000.0,"POLYGON ((-81.30626038480294 27.67760811963143, -81.29524482197264 26.52918049094965, -81.78 26.385429060579106, -81.8986500779675 27.398487322152523, -81.30626038480294 27.67760811963143))"
13C,2019-06-01 01:55:00+00:00,2019-06-01 03:55:00+00:00,0.0,45000.0,"POLYGON ((-102.14828868719921 37.309286318510445, -101.60283414174468 37.309286318510445, -101.60283414174468 36.7638317730559, -102.14828868719921 36.7638317730559, -102.14828868719921 37.309286318510445))"
4E,2019-06-01 01:55:00+00:00,2019-06-01 03:55:00+00:00,0.0,45000.0,"POLYGON ((-84.31000000000002 45.91089313279081, -82.75391687072135 45.52419066141748, -84.08 43.53, -87.37273125707605 43.96886364859652, -84.31000000000002 45.91089313279081))"
5E,2019-06-01 01:55:00+00:00,2019-06-01 03:55:00+00:00,0.0,45000.0,"POLYGON ((-78.03232622975764 38.33247787478489, -77.04 38.360893132790814, -75.99198438470724 36.88981871168704, -78.56723776888498 33.390712183763085, -81.65583038422625 32.349828748247305, -78.03232622975764 38.33247787478489))"
6E,2019-06-01 01:55:00+00:00,2019-06-01 03:55:00+00:00,0.0,45000.0,"POLYGON ((-72.418413134897 37.29047722444652, -72.79933985502997 35.06616814957474, -73.7612320341291 34.23553982536499, -78.56723776888498 33.390712183763085, -75.99198438470724 36.88981871168704, -72.418413134897 37.29047722444652))"
12C,2019-06-01 01:55:00+00:00,2019-06-01 03:55:00+00:00,0.0,45000.0,"POLYGON ((-106.36406552690968 32.95830555593388, -101.8161027315283 30.944785814376942, -102.39356860039521 29.719036489778045, -104.83722919037305 29.978674224827614, -106.36406552690968 32.95830555593388))"
8C,2019-06-01 01:55:00+00:00,2019-06-01 03:55:00+00:00,0.0,45000.0,"POLYGON ((-92.2254431908457 31.02442689702429, -89.54240207820213 31.043338094458317, -90.75659982332118 30.008310933543626, -91.97843995183646 29.89004076223679, -92.39722771572859 30.392741474644307, -92.2254431908457 31.02442689702429))"
11C,2019-06-01 01:55:00+00:00,2019-06-01 03:55:00+00:00,0.0,45000.0,"POLYGON ((-98.80697617161957 45.29183235880665, -98.23891430936986 42.46911561052133, -99.64756183524906 41.95466768348639, -103.53278127842304 43.056567324880525, -103.66916342484141 44.44867750701674, -98.80697617161957 45.29183235880665))"
10C,2019-06-01 01:55:00+00:00,2019-06-01 03:55:00+00:00,0.0,42000.0,"POLYGON ((-98.87596844980204 45.77180967675428, -95.49067798356249 45.08425592101803, -98.37 44.42178626558165, -98.87596844980204 45.77180967675428))"
11W,2019-06-01 01:55:00+00:00,2019-06-01 03:55:00+00:00,0.0,38000.0,"POLYGON ((-109.57467145555276 45.80602467555299, -108.14980221332287 45.153169888527685, -107.53493890047126 42.70111697496717, -109.27721893154497 42.05082917011303, -109.57467145555276 45.80602467555299))"
10W,2019-06-01 01:55:00+00:00,2019-06-01 03:55:00+00:00,0.0,40000.0,"POLYGON ((-117.14091032006843 45.30861974006429, -111.85169745520805 44.704263400529854, -112.36426581083533 42.04626316203784, -116.19 43.21726208852722, -117.14091032006843 45.30861974006429))"
8W,2019-06-01 01:55:00+00:00,2019-06-01 03:55:00+00:00,0.0,35000.0,"POLYGON ((-109.83879657098211 41.332422181714335, -111.33703106519322 38.41827580394368, -114.71157582612034 37.63474007060306, -113.76 40.73, -109.83879657098211 41.332422181714335))"
13W,2019-06-01 01:55:00+00:00,2019-06-01 03:55:00+00:00,0.0,45000.0,"POLYGON ((-118.94000000000001 45.034524177054436, -117.38789618675922 42.941914775105566, -122.24000000000001 40.43273791147279, -122.91 42.48, -122.77070019761155 44.88765144514146, -118.94000000000001 45.034524177054436))"
12W,2019-06-01 01:55:00+00:00,2019-06-01 03:55:00+00:00,0.0,42000.0,"POLYGON ((-115.6927265360814 48.884528047598145, -111.95 46.61, -117.98720813427856 45.6960399146456, -117.62999999999998 47.8927379114728, -115.6927265360814 48.884528047598145))"
9W,2019-06-01 01:55:00+00:00,2019-06-01 03:55:00+00:00,0.0,38000.0,"POLYGON ((-116.8241993155752 43.35724382604407, -113.28327203928488 42.45165856535487, -114.42002052695258 39.29920920862755, -118.81022069409255 35.71493523333193, -121.24000007034823 39.77735639982129, -116.8241993155752 43.35724382604407))"
YANKEE 2,2019-06-01 02:01:00+00:00,2019-06-01 06:00:00+00:00,0.0,52000.0,"POLYGON ((179.3 7, 179 3.3, 165 6.4, 179.3 7))"
14C,2019-06-01 02:55:00+00:00,2019-06-01 04:55:00+00:00,,,"POLYGON ((-93.47102322970416 45.12737023971391, -89.68598429372604 45.23049277502716, -87.94462518643148 44.38424923917074, -93.45574407266504 44.92795472537219, -89.63463590916017 45.22072688949574, -87.85720757433886 44.56413298244963, -89.59856668163341 45.41037651830605, -89.64991506619928 45.42014240383747, -93.47102322970416 45.12737023971391))"
9E,2019-06-01 02:55:00+00:00,2019-06-01 04:55:00+00:00,,,"POLYGON ((-77.72707338462857 38.63991305344934, -76.00218895529805 37.04771601585249, -79.75872683921371 32.65286529407782, -81.30780719367324 32.15984613611911, -77.99976537830014 34.60778150379271, -77.72707338462857 38.63991305344934))"
8E,2019-06-01 02:55:00+00:00,2019-06-01 04:55:00+00:00,0.0,45000.0,"POLYGON ((-82.8386271146419 45.383650757564034, -82.35252081359094 43.37006233013753, -88.05111147433757 43.52047122641467, -87.17554216134646 44.555509896803734, -82.8386271146419 45.383650757564034))"
15C,2019-06-01 02:55:00+00:00,2019-06-01 04:55:00+00:00,0.0,44000.0,"POLYGON ((-98.37 45.85371281826269, -94.4074117407452 44.97887071948992, -97.63643801995232 44.26018648757783, -98.37 45.85371281826269))"
18C,2019-06-01 02:55:00+00:00,2019-06-01 04:55:00+00:00,0.0,40000.0,"POLYGON ((-105.37467149740743 41.96153829394487, -104.36618002581075 41.40775734427847, -104.46244505924481 41.23244892081302, -105.4709365308415 41.78622987047942, -105.37467149740743 41.96153829394487))"
17W,2019-06-01 02:55:00+00:00,2019-06-01 04:55:00+00:00,0.0,42000.0,"POLYGON ((-115.65978228640087 48.831400538118686, -112.79176837978437 46.60691302342925, -116.29165022148095 46.38965532428226, -117.54780538240131 47.69353682521569, -115.65978228640087 48.831400538118686))"
18W,2019-06-01 02:55:00+00:00,2019-06-01 04:55:00+00:00,0.0,40000.0,"POLYGON ((-120.17491051332782 44.57644810005267, -117.45137497262854 42.8959215987814, -122.24000000000001 40.533712818262686, -122.91 42.48, -122.6602682342606 44.28461079194627, -120.17491051332782 44.57644810005267))"
10E,2019-06-01 02:55:00+00:00,2019-06-01 04:55:00+00:00,0.0,43000.0,"POLYGON ((-75.60798711929414 37.359097829047506, -72.418413134897 37.29047722444652, -72.79933985502997 35.06616814957474, -73.7612320341291 34.23553982536499, -78.65320077223997 32.882346770485604, -75.60798711929414 37.359097829047506))"
16C,2019-06-01 02:55:00+00:00,2019-06-01 04:55:00+00:00,0.0,45000.0,"POLYGON ((-98.03618699634835 45.1842312412767, -97.29999159983579 42.72658098799276, -98.96634137667466 41.56935836135006, -104.08372190609433 44.29332315017509, -98.03618699634835 45.1842312412767))"
17C,2019-06-01 02:55:00+00:00,2019-06-01 04:55:00+00:00,0.0,45000.0,"POLYGON ((-106.28499923489855 33.276036596749044, -101.2868222453762 31.68846555646447, -103.29545604096907 28.915027596438687, -104.31585227335323 29.530966792072043, -106.28499923489855 33.276036596749044))"
16W,2019-06-01 02:55:00+00:00,2019-06-01 04:55:00+00:00,0.0,36000.0,"POLYGON ((-117.14091032006843 45.30861974006429, -114.5507215113556 45.019033169701196, -112.03586971457551 42.07192106312077, -116.45153443857357 43.088585883258176, -117.14091032006843 45.30861974006429))"
14W,2019-06-01 02:55:00+00:00,2019-06-01 04:55:00+00:00,0.0,44000.0,"POLYGON ((-109.63470750549504 41.397360181326064, -111.33703106519322 38.41827580394368, -116.74999999999999 37.13273791147279, -116.31123018358169 40.759404649049124, -109.63470750549504 41.397360181326064))"
15W,2019-06-01 02:55:00+00:00,2019-06-01 04:55:00+00:00,0.0,44000.0,"POLYGON ((-117.03469944007689 43.29221575460944, -116.41904732689363 42.13513993101227, -116.8655491385817 38.70239577812766, -118.20428666500027 36.791146702245406, -121.82846196775523 39.330743154207696, -117.03469944007689 43.29221575460944))"
CHARLIE 3,2019-06-01 03:10:00+00:00,2019-06-01 07:10:00+00:00,0.0,44000.0,"POLYGON ((-62.15 39, -64 36.45, -68.45 34.15, -72.45 34, -72.45 37.15, -62.15 39))"
19C,2019-06-01 03:55:00+00:00,2019-06-01 05:55:00+00:00,,,"POLYGON ((-93.30984138995379 45.07267638582373, -89.6849371868075 45.22999140796115, -87.79935581955166 44.34057052783567, -93.29093789339183 44.87357174545156, -89.63282373939875 45.22088232648052, -87.71403242129611 44.52145700524657, -89.59961378855195 45.41087788537206, -89.6517272359607 45.41998696685269, -93.30984138995379 45.07267638582373))"
11E,2019-06-01 03:55:00+00:00,2019-06-01 05:55:00+00:00,0.0,45000.0,"POLYGON ((-83.59251908259002 44.449821075375404, -83.54242099207183 42.96983009408638, -86.83287687776331 43.167262496166266, -87.25718327206692 44.279567249255514, -83.59251908259002 44.449821075375404))"
23C,2019-06-01 03:55:00+00:00,2019-06-01 05:55:00+00:00,0.0,38000.0,"POLYGON ((-105.51071882021266 42.64272311039387, -104.31050304810373 41.27532804947988, -104.4608141879965 41.14339412198535, -105.66102996010544 42.51078918289934, -105.51071882021266 42.64272311039387))"
19W,2019-06-01 03:55:00+00:00,2019-06-01 05:55:00+00:00,0.0,40000.0,"POLYGON ((-109.7367837692957 41.80907806787167, -110.98457049785742 38.95392167906239, -114.94227087699477 38.24870593066429, -114.30294318799815 41.13764070616779, -109.7367837692957 41.80907806787167))"
12E,2019-06-01 03:55:00+00:00,2019-06-01 05:55:00+00:00,0.0,45000.0,"POLYGON ((-78.02479903578671 34.657312435190434, -76.75806151953049 33.962967262902886, -78.93095346765332 31.94397086757049, -81.3065221515992 32.15984812876103, -79.73459231110617 33.50444888269803, -78.02479903578671 34.657312435190434))"
13E,2019-06-01 03:55:00+00:00,2019-06-01 05:55:00+00:00,0.0,45000.0,"POLYGON ((-77.42037639967373 38.28621569161832, -72.58141744893663 37.314117035316904, -72.61449218536606 34.997111206835285, -74.8803724193057 33.63990760342029, -77.3127566574465 34.15773689960388, -77.42037639967373 38.28621569161832))"
22C,2019-06-01 03:55:00+00:00,2019-06-01 05:55:00+00:00,0.0,45000.0,"POLYGON ((-105.61515586247744 34.15952525366143, -101.22939376873013 31.36764383058726, -103.36730441863041 29.069070318372592, -105.72900754996992 31.34824983201551, -105.61515586247744 34.15952525366143))"
20C,2019-06-01 03:55:00+00:00,2019-06-01 05:55:00+00:00,0.0,42000.0,"POLYGON ((-93.35963212030002 46.53904599343952, -93.70949318820203 44.869038218713236, -97.06502844463122 45.03053598772278, -93.35963212030002 46.53904599343952))"
21C,2019-06-01 03:55:00+00:00,2019-06-01 05:55:00+00:00,0.0,45000.0,"POLYGON ((-97.04725473246995 45.794400825621246, -97.56234153277589 42.464472852289234, -99.45856059027645 41.3746803667142, -100.16000000000001 44.88910686720918, -97.04725473246995 45.794400825621246))"
20W,2019-06-01 03:55:00+00:00,2019-06-01 05:55:00+00:00,0.0,44000.0,"POLYGON ((-117.22597160410893 43.058767371976174, -116.19 42.551786265581654, -118.32696495517929 40.1157678450917, -120.70040051621665 38.43693260795357, -121.99197737514966 39.63861994766571, -117.22597160410893 43.058767371976174))"
14E,2019-06-01 04:55:00+00:00,2019-06-01 06:55:00+00:00,,,"POLYGON ((-88.01887599268575 44.39962821705375, -84.11693890927744 43.52442051001284, -84.13886831506775 43.5268449363263, -82.72004312619507 43.52745682170171, -84.16071146846794 43.32926938123845, -88.06264855187625 44.20447708827936, -82.71995687380493 43.32745684030041, -84.13878206267762 43.32684495492499, -88.01887599268575 44.39962821705375))"
16E,2019-06-01 04:55:00+00:00,2019-06-01 06:55:00+00:00,,,"POLYGON ((-75.81241063833022 35.97442526830294, -77.50450176683668 34.27015493948968, -77.50867340480211 34.26568818716917, -77.73916103151547 34.00325736266762, -77.71212110595408 34.02494198353913, -79.62278258530964 32.97681295292609, -79.63300560705221 32.97037234650308, -80.09831852133209 32.63632025991255, -77.36257419246576 34.12924161991631, -75.6704830639593 35.83351194872957, -77.58889018121369 33.87127754773527, -77.35840255450033 34.13370837223682, -79.52659158613062 32.80146389625072, -77.61593010677507 33.84959292686376, -79.98168147866792 32.4738524160832, -79.51636856438805 32.80790450267373, -75.81241063833022 35.97442526830294))"
28C,2019-06-01 04:55:00+00:00,2019-06-01 06:55:00+00:00,,,"POLYGON ((-108.1745991607199 43.54742571583544, -104.8614314809511 41.50441323865754, -104.7130361749357 41.16940433073216, -108.2715989186622 43.37252275142625, -104.8184998789712 41.45746217979752, -104.5301732130335 41.25040517742131, -104.6785685190489 41.58541408534669, -104.7215001210288 41.63236514420672, -108.1745991607199 43.54742571583544))"
17E,2019-06-01 04:55:00+00:00,2019-06-01 06:55:00+00:00,0.0,37000.0,"POLYGON ((-79.64932267983401 38.25901131316944, -79.52837386337492 37.573426539732026, -79.72533238083903 37.53867970680663, -79.84628119729813 38.224264480244045, -79.64932267983401 38.25901131316944))"
21W,2019-06-01 04:55:00+00:00,2019-06-01 06:55:00+00:00,0.0,35000.0,"POLYGON ((-113.2042620487179 42.459749492772154, -112.25484639554375 42.199834615969614, -112.05299299418324 40.716410838268104, -113.05732120161709 40.50656593055943, -113.2042620487179 42.459749492772154))"
15E,2019-06-01 04:55:00+00:00,2019-06-01 06:55:00+00:00,0.0,45000.0,"POLYGON ((-72.58141744893663 37.314117035316904, -72.79933985502997 35.06616814957474, -74.03960245309027 34.47617000801013, -75.71174695463243 35.336854287419605, -76.74026584164622 37.30758198700871, -72.58141744893663 37.314117035316904))"
25C,2019-06-01 04:55:00+00:00,2019-06-01 06:55:00+00:00,0.0,45000.0,"POLYGON ((-96.21223595222033 45.672269892919324, -95.29518406594457 44.587521737608704, -98.2649486306275 41.53367360394068, -99.11634885601711 41.70067983690824, -98.10008285061079 44.95856578086203, -96.21223595222033 45.672269892919324))"
24C,2019-06-01 04:55:00+00:00,2019-06-01 06:55:00+00:00,0.0,45000.0,"POLYGON ((-93.80757997067326 46.28611756471879, -88.79268739181839 45.15748392405804, -89.04909876221464 44.30210412974968, -95.29518406594457 44.587521737608704, -96.21223595222033 45.672269892919324, -93.80757997067326 46.28611756471879))"
27C,2019-06-01 04:55:00+00:00,2019-06-01 06:55:00+00:00,0.0,42000.0,"POLYGON ((-104.62 34.00547582294556, -103.79694434427167 32.33934960372403, -105.14700840670639 32.26295012254367, -105.61568556468808 33.33602754337187, -104.62 34.00547582294556))"
26C,2019-06-01 04:55:00+00:00,2019-06-01 06:55:00+00:00,0.0,42000.0,"POLYGON ((-102.98 31.449106867209185, -102.20405280581647 30.947682516475272, -103.41696915255709 30.107919967433553, -104.12790811003201 30.23621303633142, -102.98 31.449106867209185))"
22W,2019-06-01 04:55:00+00:00,2019-06-01 06:55:00+00:00,0.0,32000.0,"POLYGON ((-117.45159377948188 42.7165730657032, -116.19 42.71815522131804, -119.65999999999998 40.52821373441835, -120.33236234723596 40.757720373717476, -117.45159377948188 42.7165730657032))"
BRAVO 4,2019-06-01 05:00:00+00:00,2019-06-01 09:00:00+00:00,0.0,42000.0,"POLYGON ((-62.45 27.15, -61.45 22.15, -66.45 24.3, -62.45 27.15))"
YANKEE 3,2019-06-01 05:38:00+00:00,2019-06-01 09:40:00+00:00,0.0,53000.0,"POLYGON ((178 7, 176.5 4.2, 165.1 6.4, 178 7))"
21E,2019-06-01 05:55:00+00:00,2019-06-01 07:55:00+00:00,,,"POLYGON ((-77.22965956366842 34.20250873222741, -79.4734718288978 32.59767229877448, -79.8981717868989 32.53321815773997, -77.81204184484835 33.76613808259266, -79.43051825691602 32.6150487785855, -77.62221788704096 33.78697303283909, -77.85379829722969 33.74895071075697, -77.14000452038304 34.02372961372222, -77.59359206816859 33.79626226982633, -79.92818095323864 32.73095396617029, -79.50348099523754 32.7954081072048, -79.54643456721932 32.77803162739378, -77.92795815515166 33.92912093140094, -77.88620170277032 33.94630830323663, -77.6546212925816 33.98433062531875, -77.68324711145397 33.97504138833152, -77.22965956366842 34.20250873222741))"
19E,2019-06-01 05:55:00+00:00,2019-06-01 07:55:00+00:00,0.0,40000.0,"POLYGON ((-74.60644182037366 37.63092786463809, -72.86597049247547 37.55045114356834, -73.47020168908674 36.69651935562807, -75.01474901886439 36.64163395907266, -75.3619702534059 37.163686490809184, -74.60644182037366 37.63092786463809))"
30C,2019-06-01 05:55:00+00:00,2019-06-01 07:55:00+00:00,0.0,45000.0,"POLYGON ((-95.68156804532835 45.40364983116974, -94.97423131025474 44.73702672910585, -94.7469355234926 43.41049613079542, -96.04435293301412 43.42633613572091, -97.61182614301103 45.19618580037367, -95.68156804532835 45.40364983116974))"
33C,2019-06-01 05:55:00+00:00,2019-06-01 07:55:00+00:00,0.0,33000.0,"POLYGON ((-104.02208649302054 33.64982947043608, -103.93563885639196 33.46947757518313, -104.82093467190263 33.04513087862789, -104.90738230853121 33.22548277388084, -104.02208649302054 33.64982947043608))"
31C,2019-06-01 05:55:00+00:00,2019-06-01 07:55:00+00:00,0.0,45000.0,"POLYGON ((-97.23275030476198 42.84770234845753, -97.45618779298003 41.65317478063818, -98.52815839926383 41.43518758043316, -98.55163755582204 42.367689620000036, -97.23275030476198 42.84770234845753))"
23W,2019-06-01 05:55:00+00:00,2019-06-01 07:55:00+00:00,0.0,38000.0,"POLYGON ((-112.99843143780146 41.78978051148548, -112.03801477751684 41.8925795466065, -111.75924183399326 41.25048869176169, -112.51105204221422 41.01475875404588, -112.99843143780146 41.78978051148548))"
18E,2019-06-01 05:55:00+00:00,2019-06-01 07:55:00+00:00,0.0,40000.0,"POLYGON ((-85.28354278663856 44.20857399630089, -82.50916063855463 43.196139624324495, -83.65320604294469 42.816262289376276, -86.95241587472975 43.16637479174858, -86.85434660427352 43.755332792238704, -85.28354278663856 44.20857399630089))"
20E,2019-06-01 05:55:00+00:00,2019-06-01 07:55:00+00:00,0.0,45000.0,"POLYGON ((-74.94211314614527 36.253622284956656, -72.67399383088501 36.208824888541756, -72.61449218536606 34.997111206835285, -75.10928185556631 33.36391611371047, -76.20591680798546 33.76572079614409, -74.94211314614527 36.253622284956656))"
29C,2019-06-01 05:55:00+00:00,2019-06-01 07:55:00+00:00,0.0,45000.0,"POLYGON ((-93.93802156556542 46.19625818199586, -87.94427637985387 45.42646464493681, -88.54369257923592 43.94463098084894, -94.95062021720533 44.77726985709515, -95.7663093790772 45.544189428504374, -93.93802156556542 46.19625818199586))"
32C,2019-06-01 05:55:00+00:00,2019-06-01 07:55:00+00:00,0.0,45000.0,"POLYGON ((-102.70497857235021 31.18499016254979, -102.2650174601098 30.69336544469163, -103.1382952187843 29.59165150205673, -103.59349019726194 30.42685014830444, -102.70497857235021 31.18499016254979))"
22E,2019-06-01 06:55:00+00:00,2019-06-01 08:55:00+00:00,0.0,45000.0,"POLYGON ((-84.49986409838081 43.72622921856642, -84.39838886008658 43.5538842853275, -85.84326713791518 42.703152182019544, -85.9447423762094 42.87549711525846, -84.49986409838081 43.72622921856642))"
38C,2019-06-01 06:55:00+00:00,2019-06-01 08:55:00+00:00,0.0,35000.0,"POLYGON ((-102.4337675674118 30.793027829133788, -102.28318935515291 30.661398797408577, -102.94966069763828 29.898982923357828, -103.10023890989717 30.03061195508304, -102.4337675674118 30.793027829133788))"
37C,2019-06-01 06:55:00+00:00,2019-06-01 08:55:00+00:00,0.0,40000.0,"POLYGON ((-97.71007563234393 42.465826263197904, -96.78 42.493432484632855, -97.38667252680948 41.375982967581706, -98.35 41.38, -97.71007563234393 42.465826263197904))"
24W,2019-06-01 06:55:00+00:00,2019-06-01 08:55:00+00:00,0.0,40000.0,"POLYGON ((-113.22339697907795 40.41984593186585, -111.68948089176757 40.41536975993516, -111.69006451598398 40.21537061148004, -113.22398060329435 40.21984678341073, -113.22339697907795 40.41984593186585))"
24E,2019-06-01 06:55:00+00:00,2019-06-01 08:55:00+00:00,0.0,45000.0,"POLYGON ((-72.88006515612935 36.21466566920305, -73.07221436463854 33.63124800742979, -77.86242363578312 32.10709887104252, -80.66325012944866 31.236984808497795, -72.88006515612935 36.21466566920305))"
23E,2019-06-01 06:55:00+00:00,2019-06-01 08:55:00+00:00,0.0,40000.0,"POLYGON ((-75.10832558932798 37.580787207420215, -72.72597914373145 37.434453762607674, -73.02800505405024 36.32362951557459, -75.1599614385435 36.88546799774109, -75.10832558932798 37.580787207420215))"
36C,2019-06-01 06:55:00+00:00,2019-06-01 08:55:00+00:00,0.0,37000.0,"POLYGON ((-93.75559940385897 45.88855529018949, -94.3078099790039 43.79171107708074, -95.40055896333077 43.641705690060455, -96.63402290800136 44.89743732472874, -93.75559940385897 45.88855529018949))"
34C,2019-06-01 06:55:00+00:00,2019-06-01 08:55:00+00:00,0.0,37000.0,"POLYGON ((-88.19 45.05910686720918, -87.32334839228129 44.81139906535674, -87.53487411494778 44.08755516547479, -88.84512588505221 44.08755516547479, -88.19 45.05910686720918))"
35C,2019-06-01 06:55:00+00:00,2019-06-01 08:55:00+00:00,0.0,39000.0,"POLYGON ((-93.75559940385897 45.88855529018949, -90.93188027056618 45.82093252553699, -89.18908953325469 45.16856344203276, -89.5908327140811 44.55143788671401, -93.02336007378014 44.80612842522379, -93.75559940385897 45.88855529018949))"
CHARLIE 4,2019-06-01 07:00:00+00:00,2019-06-01 11:00:00+00:00,0.0,48000.0,"POLYGON ((-60 40, -61 37.3, -72.3 34, -72.45 37.15, -60 40))"
DELTA 1,2019-06-01 07:10:00+00:00,2019-06-01 11:10:00+00:00,0.0,48000.0,"POLYGON ((-72.45 35.45, -72.3 32.45, -77 31, -79 32, -72.45 35.45))"
OSCAR 1,2019-06-01 07:48:00+00:00,2019-06-01 11:50:00+00:00,0.0,50000.0,"POLYGON ((-156.4 8.2, -151.5 4.3, -158.1 7.1, -156.4 8.2))"
27E,2019-06-01 07:55:00+00:00,2019-06-01 09:55:00+00:00,,,"POLYGON ((-75.09172112286774 36.30081956717736, -79.18013867169675 32.48806662463163, -79.6623282482666 32.47372549234905, -75.29327047789724 35.50743983918078, -79.12145293436166 32.50929366285346, -74.91474628472915 36.20765355048771, -75.2664416504781 35.53958559353244, -79.66827395689673 32.67363709418568, -79.18608438032688 32.68797822646826, -79.24477011766197 32.66675118824643, -75.41658766119755 35.66489736457375, -75.44341648861669 35.63275161022209, -75.09172112286774 36.30081956717736))"
39C,2019-06-01 07:55:00+00:00,2019-06-01 09:55:00+00:00,0.0,37000.0,"POLYGON ((-86.56081159722562 45.01673391124676, -86.42624949006314 44.86877094521812, -87.41159834035062 43.97266416158461, -87.5461604475131 44.120627127613254, -86.56081159722562 45.01673391124676))"
43C,2019-06-01 07:55:00+00:00,2019-06-01 09:55:00+00:00,0.0,45000.0,"POLYGON ((-88.36 30.585429060579106, -87.45548952842962 30.55106553975586, -87.76849600314694 30.217523086343178, -88.36 30.296287181737327, -88.36 30.585429060579106))"
42C,2019-06-01 07:55:00+00:00,2019-06-01 09:55:00+00:00,0.0,38000.0,"POLYGON ((-102.860022749919 38.0400340522619, -102.60058364975428 37.521919361330475, -102.77941635024571 37.43237124446061, -103.03885545041042 37.95048593539204, -102.860022749919 38.0400340522619))"
25E,2019-06-01 07:55:00+00:00,2019-06-01 09:55:00+00:00,,,"POLYGON ((-84.10210634095009 43.56411878388673, -85.16846813887916 42.69339019290473, -85.53083961766025 42.59063823377076, -83.99901825629476 43.3927337005157, -85.14420402418632 42.70390474840148, -85.5853994729299 42.78305242813531, -85.22302799414881 42.88580438726927, -85.24729210884165 42.87528983177252, -84.10210634095009 43.56411878388673))"
26E,2019-06-01 07:55:00+00:00,2019-06-01 09:55:00+00:00,0.0,40000.0,"POLYGON ((-73.76005618686249 37.763948243098106, -70.9107273746298 37.76147064377434, -71.86548910627073 36.709830418435665, -73.28867965570832 36.854480577629516, -73.76005618686249 37.763948243098106))"
41C,2019-06-01 07:55:00+00:00,2019-06-01 09:55:00+00:00,0.0,37000.0,"POLYGON ((-93.24 45.36910686720917, -93.33 43.92184477868197, -94.68969165009669 43.700622664498766, -96.13121549064199 45.17150533028373, -93.24 45.36910686720917))"
40C,2019-06-01 07:55:00+00:00,2019-06-01 09:55:00+00:00,0.0,39000.0,"POLYGON ((-93.18691725449506 45.758675831711265, -89.46 45.63, -88.62049711859396 44.4318569983591, -91.73719422241652 44.37080489153317, -93.18691725449506 45.758675831711265))"
29E,2019-06-01 08:55:00+00:00,2019-06-01 10:55:00+00:00,,,"POLYGON ((-77.26096657285007 33.8785391698131, -79.04221805096495 32.44622164154044, -79.50651649299962 32.35658892595476, -77.14917380567607 33.71270076289967, -79.00527666751165 32.46148954502721, -79.54442649326703 32.55296313984173, -79.08012805123235 32.64259585542741, -79.11706943468565 32.62732795194064, -77.26096657285007 33.8785391698131))"
28E,2019-06-01 08:55:00+00:00,2019-06-01 10:55:00+00:00,0.0,36000.0,"POLYGON ((-85.80562016260704 44.68785456228271, -85.66964595237927 44.541188226155654, -86.67876104228681 43.60563865832412, -86.81473525251458 43.75230499445117, -85.80562016260704 44.68785456228271))"
47C,2019-06-01 08:55:00+00:00,2019-06-01 10:55:00+00:00,0.0,45000.0,"POLYGON ((-88.04958783329838 30.618980827799422, -86.93629782388639 30.29548312859381, -88.67961080880822 30.061777665082957, -88.04958783329838 30.618980827799422))"
46C,2019-06-01 08:55:00+00:00,2019-06-01 10:55:00+00:00,0.0,40000.0,"POLYGON ((-102.42526414068814 38.17607240566697, -102.17726744305224 37.429378815807944, -102.3670727120122 37.36633946401057, -102.6150694096481 38.1130330538696, -102.42526414068814 38.17607240566697))"
45C,2019-06-01 08:55:00+00:00,2019-06-01 10:55:00+00:00,0.0,43000.0,"POLYGON ((-94.03 45.51815522131804, -91.81352350830277 45.13479719167947, -93.41740046888069 43.24367166818133, -95.04054746801845 44.6236700250656, -94.03 45.51815522131804))"
44C,2019-06-01 08:55:00+00:00,2019-06-01 10:55:00+00:00,0.0,43000.0,"POLYGON ((-91.48 45.731844778681975, -88.36725473454754 45.30643746966527, -87.924038988155 44.09857518360462, -91.74750392839101 44.438571499359945, -91.48 45.731844778681975))"
CHARLIE 5,2019-06-01 09:45:00+00:00,2019-06-01 13:45:00+00:00,0.0,48000.0,"POLYGON ((-58.3 40.15, -59.15 37.45, -72.3 32.15, -72.45 36.3, -58.3 40.15))"
30E,2019-06-01 09:55:00+00:00,2019-06-01 11:55:00+00:00,0.0,45000.0,"POLYGON ((-76.79675516055829 32.167464372928194, -76.72389557557602 31.981207880756216, -78.32609239930993 31.354462502509854, -78.3989519842922 31.540718994681832, -76.79675516055829 32.167464372928194))"
51C,2019-06-01 09:55:00+00:00,2019-06-01 11:55:00+00:00,0.0,42000.0,"POLYGON ((-101.46303855698478 37.91772658640386, -100.73 37.63085812115821, -101.64127271652531 37.25941115779838, -102.47995070166142 37.79911401955855, -101.46303855698478 37.91772658640386))"
48C,2019-06-01 09:55:00+00:00,2019-06-01 11:55:00+00:00,0.0,40000.0,"POLYGON ((-90.03130832331567 45.462598587750236, -88.19 45.13828375768358, -88.75988877488993 44.149668200317265, -90.90679925923678 44.48965128444674, -90.03130832331567 45.462598587750236))"
49C,2019-06-01 09:55:00+00:00,2019-06-01 11:55:00+00:00,0.0,45000.0,"POLYGON ((-93.24 44.87, -91.91066077471918 44.59250661046822, -93.02429257020208 43.62385986951361, -93.79060196291702 43.89048074431516, -93.24 44.87))"
31E,2019-06-01 09:55:00+00:00,2019-06-01 11:55:00+00:00,0.0,35000.0,"POLYGON ((-78.11297307489883 38.178633346881476, -75.51 37.51815522131803, -75.90491082640685 37.124916871343125, -77.47984340785484 37.192482379673756, -78.11297307489883 38.178633346881476))"
50C,2019-06-01 09:55:00+00:00,2019-06-01 11:55:00+00:00,0.0,42000.0,"POLYGON ((-96.17485263840608 42.572452027108, -95.08173984454123 42.01905578771035, -95.74 41.66910686720917, -96.68789704841058 41.87198206512391, -96.17485263840608 42.572452027108))"
32E,2019-06-01 10:55:00+00:00,2019-06-01 12:55:00+00:00,0.0,45000.0,"POLYGON ((-76.74078217290761 32.029984967666245, -76.65282524206742 31.85036431652286, -78.08317449274534 31.149948583040302, -78.17113142358554 31.329569234183683, -76.74078217290761 32.029984967666245))"
33E,2019-06-01 10:55:00+00:00,2019-06-01 12:55:00+00:00,0.0,40000.0,"POLYGON ((-75.12058989200156 38.04267355047089, -75.3488473880379 36.533753323518816, -76.18 36.404570939420886, -77.82619096163913 37.664895832943174, -75.12058989200156 38.04267355047089))"
54C,2019-06-01 10:55:00+00:00,2019-06-01 12:55:00+00:00,0.0,42000.0,"POLYGON ((-96.78 42.493432484632855, -95.74 42.181996575946265, -95.51815175973773 41.570486304804184, -96.01245667089266 41.37413373947627, -96.78 42.493432484632855))"
55C,2019-06-01 10:55:00+00:00,2019-06-01 12:55:00+00:00,0.0,45000.0,"POLYGON ((-100.87077597748907 38.18704855782013, -100.08653106688963 37.407107372595725, -101.33223375868985 37.03944943071171, -102.04410953276388 37.68708964854766, -100.87077597748907 38.18704855782013))"
53C,2019-06-01 10:55:00+00:00,2019-06-01 12:55:00+00:00,0.0,42000.0,"POLYGON ((-93.05171735204448 44.8145203180684, -91.2916193270691 44.844520156002304, -90.04114037821364 43.34520064596091, -91.24115470595407 43.5090722841733, -92.8541410403185 44.20151475601422, -93.05171735204448 44.8145203180684))"
52C,2019-06-01 10:55:00+00:00,2019-06-01 12:55:00+00:00,0.0,42000.0,"POLYGON ((-88.17087291197707 46.12610301878265, -87.78419932866784 44.559281552199224, -88.83044607950166 43.284657715839046, -89.30100946839998 45.89702235384234, -88.17087291197707 46.12610301878265))"
56C,2019-06-01 10:55:00+00:00,2019-06-01 12:55:00+00:00,0.0,38000.0,"POLYGON ((-88.2279438387248 42.27955299765962, -88.12398334535823 42.10869570100836, -88.67976892416456 41.7705202521912, -88.78372941753113 41.94137754884246, -88.2279438387248 42.27955299765962))"
25W,2019-06-01 10:55:00+00:00,2019-06-01 12:55:00+00:00,0.0,32000.0,"POLYGON ((-112.42732995967474 40.483559170755555, -112.02200665060724 39.64972313269488, -112.20188137954509 39.56228697375855, -112.60720468861258 40.39612301181923, -112.42732995967474 40.483559170755555))"
34E,2019-06-01 10:55:00+00:00,2019-06-01 12:55:00+00:00,0.0,38000.0,"POLYGON ((-87.1173132571202 44.23662848234986, -85.10821526268333 43.90061673907604, -84.71399039390894 43.33724505082592, -87.099219582433 43.483463451113145, -87.1173132571202 44.23662848234986))"
DELTA 2,2019-06-01 11:00:00+00:00,2019-06-01 15:00:00+00:00,0.0,45000.0,"POLYGON ((-72.45 34.3, -72.3 31.3, -77 29.45, -78.15 31.3, -75 32.45, -72.45 34.3))"
PAPA 1,2019-06-01 11:32:00+00:00,2019-06-01 15:30:00+00:00,0.0,53000.0,"POLYGON ((-142.5 9.5, -141.5 7.1, -148.5 7, -142.5 9.5))"
38E,2019-06-01 11:55:00+00:00,2019-06-01 13:55:00+00:00,0.0,37000.0,"POLYGON ((-78.12491406111562 42.61523193438383, -78.06549801249216 42.424261430991365, -79.67649934012073 41.92303568400711, -79.73591538874419 42.114006187399575, -78.12491406111562 42.61523193438383))"
37E,2019-06-01 11:55:00+00:00,2019-06-01 13:55:00+00:00,0.0,38000.0,"POLYGON ((-86.26429876690533 43.67035653473591, -84.25927686558946 43.574413097837294, -84.26883624055709 43.3746416825892, -86.27385814187296 43.470585119487815, -86.26429876690533 43.67035653473591))"
35E,2019-06-01 11:55:00+00:00,2019-06-01 13:55:00+00:00,0.0,45000.0,"POLYGON ((-78.28070468048081 31.437024870148406, -77.08971085178503 31.896553338566942, -77.01771664513562 31.709960642544498, -78.2087104738314 31.25043217412596, -78.28070468048081 31.437024870148406))"
61C,2019-06-01 11:55:00+00:00,2019-06-01 13:55:00+00:00,0.0,39000.0,"POLYGON ((-87.77993872917683 42.3526044775208, -87.72106344251803 42.16146656756874, -88.23059194738902 42.00451896469585, -88.28946723404782 42.19565687464791, -87.77993872917683 42.3526044775208))"
59C,2019-06-01 11:55:00+00:00,2019-06-01 13:55:00+00:00,0.0,42000.0,"POLYGON ((-94.8792910599941 42.60849002180683, -94.54464601272046 41.71316747320913, -95.59360376827914 40.90277484459019, -96.18646282972406 41.970540869097164, -94.8792910599941 42.60849002180683))"
57C,2019-06-01 11:55:00+00:00,2019-06-01 13:55:00+00:00,0.0,42000.0,"POLYGON ((-88.05633282942742 44.180462354160724, -87.86096404325056 44.13767173149891, -88.03005900329279 43.36563629389473, -88.22542778946965 43.40842691655654, -88.05633282942742 44.180462354160724))"
36E,2019-06-01 11:55:00+00:00,2019-06-01 13:55:00+00:00,0.0,42000.0,"POLYGON ((-77.32 37.666368955736395, -75.10832558932798 37.580787207420215, -75.60953905550228 36.067644441501535, -77.55927715668273 37.038643440797436, -77.32 37.666368955736395))"
58C,2019-06-01 11:55:00+00:00,2019-06-01 13:55:00+00:00,0.0,42000.0,"POLYGON ((-90.54055529542966 44.89614897327001, -89.27589307799182 43.19605311331964, -90.71 42.899106867209184, -91.96279912051827 44.26186701468672, -90.54055529542966 44.89614897327001))"
60C,2019-06-01 11:55:00+00:00,2019-06-01 13:55:00+00:00,0.0,45000.0,"POLYGON ((-100.48634917971489 38.38086417783985, -100.00316620292863 37.35441774730114, -101.5952695978463 37.03835951549176, -101.15178788077824 37.919247324130794, -100.48634917971489 38.38086417783985))"
DELTA 3,2019-06-01 12:50:00+00:00,2019-06-01 16:50:00+00:00,0.0,42000.0,"POLYGON ((-66.3 39.3, -65.3 35, -75.15 28.3, -79 31, -73 34.45, -71 38.45, -66.3 39.3))"
41E,2019-06-01 12:55:00+00:00,2019-06-01 14:55:00+00:00,0.0,38000.0,"POLYGON ((-85.61438028703644 43.57586101426336, -83.70922719581377 43.51871515501239, -83.71522358204332 43.31880506684226, -85.620376673266 43.37595092609323, -85.61438028703644 43.57586101426336))"
39E,2019-06-01 12:55:00+00:00,2019-06-01 14:55:00+00:00,0.0,45000.0,"POLYGON ((-77.84705268022037 30.99761524914683, -77.7050182051099 30.856809681500895, -78.411270683112 30.144393250207937, -78.55330515822247 30.28519881785387, -77.84705268022037 30.99761524914683))"
43E,2019-06-01 12:55:00+00:00,2019-06-01 14:55:00+00:00,0.0,42000.0,"POLYGON ((-73.06340412822207 37.72510577939862, -72.92131902607515 37.584351299015594, -74.31623739735065 36.17624607401698, -74.45832249949757 36.3170005544, -73.06340412822207 37.72510577939862))"
40E,2019-06-01 12:55:00+00:00,2019-06-01 14:55:00+00:00,0.0,36000.0,"POLYGON ((-75.72047742613485 37.9491130095111, -75.01474901886439 36.64163395907266, -76.0142380630318 36.315210579347806, -77.32 37.21085812115822, -75.72047742613485 37.9491130095111))"
62C,2019-06-01 12:55:00+00:00,2019-06-01 14:55:00+00:00,0.0,43000.0,"POLYGON ((-87.91468965727663 43.008768500640656, -87.35948818589317 42.15470891840492, -88.28901497202187 41.9893433239012, -89.73116934743703 42.39583648934925, -87.91468965727663 43.008768500640656))"
65C,2019-06-01 12:55:00+00:00,2019-06-01 14:55:00+00:00,0.0,45000.0,"POLYGON ((-101.06913578628233 38.03016354448845, -99.99696144301524 37.91772658640386, -99.88 36.77371281826268, -101.0978974445991 36.93770423349737, -101.06913578628233 38.03016354448845))"
64C,2019-06-01 12:55:00+00:00,2019-06-01 14:55:00+00:00,0.0,38000.0,"POLYGON ((-93.73802420426058 42.19976160791117, -94.18314578473516 41.27279279472185, -95.59360376827914 40.90277484459019, -95.19336534867172 42.32981747154622, -93.73802420426058 42.19976160791117))"
42E,2019-06-01 12:55:00+00:00,2019-06-01 14:55:00+00:00,0.0,34000.0,"POLYGON ((-77.33271354851514 42.91445850470731, -77.25258849362369 42.73121010613684, -79.00542443950323 41.964785529033136, -79.08554949439468 42.148033927603606, -77.33271354851514 42.91445850470731))"
63C,2019-06-01 12:55:00+00:00,2019-06-01 14:55:00+00:00,0.0,40000.0,"POLYGON ((-89.46 44.79815522131804, -88.54366297839407 43.58081336797352, -89.49846556142643 43.088585883258176, -90.77722608202583 43.90790735297796, -89.46 44.79815522131804))"
HOTEL 1,2019-06-01 13:20:00+00:00,2019-06-01 17:20:00+00:00,0.0,48000.0,"POLYGON ((-134.45 9.15, -132.15 6.3, -138.15 4.3, -139.45 7.45, -134.45 9.15))"
44E,2019-06-01 13:55:00+00:00,2019-06-01 15:55:00+00:00,0.0,36000.0,"POLYGON ((-73.2462114092309 37.86287675709625, -73.13303282091323 36.22135150332075, -74.92502291576102 36.253444960442884, -74.35150544712074 37.42422406765901, -73.2462114092309 37.86287675709625))"
46E,2019-06-01 13:55:00+00:00,2019-06-01 15:55:00+00:00,0.0,38000.0,"POLYGON ((-84.81960038847485 43.7489214566247, -83.71222538892854 43.41876011092732, -84.33272829149155 42.968470870163635, -85.88761764382731 43.43703142853838, -84.81960038847485 43.7489214566247))"
45E,2019-06-01 13:55:00+00:00,2019-06-01 15:55:00+00:00,0.0,34000.0,"POLYGON ((-76.02848614379884 37.93994712682875, -74.92502291576102 36.253444960442884, -75.84918020406344 36.14889446941725, -77.04303243388551 36.96541117669358, -76.02848614379884 37.93994712682875))"
66C,2019-06-01 13:55:00+00:00,2019-06-01 15:55:00+00:00,0.0,45000.0,"POLYGON ((-86.76988521701416 42.946375389281236, -86.46898027857797 42.037036268843885, -87.9 41.99, -89.00929314437766 42.89637944292443, -86.76988521701416 42.946375389281236))"
67C,2019-06-01 13:55:00+00:00,2019-06-01 15:55:00+00:00,0.0,40000.0,"POLYGON ((-88.62270100746562 44.86586725917397, -87.8577277171864 43.425907329232885, -89.61919183935386 43.447686415438525, -89.76 44.128283757683576, -88.62270100746562 44.86586725917397))"
69C,2019-06-01 13:55:00+00:00,2019-06-01 15:55:00+00:00,0.0,45000.0,"POLYGON ((-100.73 37.92, -98.93254176232153 37.296584825392486, -99.88 36.5063689557364, -101.20784388488761 36.57864742802027, -100.73 37.92))"
68C,2019-06-01 13:55:00+00:00,2019-06-01 15:55:00+00:00,0.0,40000.0,"POLYGON ((-93.65 41.93910686720918, -93.48094222702113 41.13246617619712, -94.7240294581597 40.847190840679545, -94.5376851957121 41.43658816881988, -93.65 41.93910686720918))"
49E,2019-06-01 14:55:00+00:00,2019-06-01 16:55:00+00:00,0.0,45000.0,"POLYGON ((-74.24882194587147 34.690697594603094, -74.13693778973334 34.524920830232276, -76.34951624405393 33.03163270755328, -76.46140040019206 33.1974094719241, -74.24882194587147 34.690697594603094))"
71C,2019-06-01 14:55:00+00:00,2019-06-01 16:55:00+00:00,0.0,45000.0,"POLYGON ((-100.59024296373272 37.6527849668747, -98.68761235164578 36.960915446210805, -99.3415761937844 36.33879241765623, -100.69468706687066 36.50541651904672, -100.59024296373272 37.6527849668747))"
72C,2019-06-01 14:55:00+00:00,2019-06-01 16:55:00+00:00,0.0,40000.0,"POLYGON ((-93.10107308931423 41.8476084778528, -92.49813731655594 41.23995065790597, -93.46700381163896 40.40332400489701, -93.94280114746395 40.905362549474624, -93.10107308931423 41.8476084778528))"
48E,2019-06-01 14:55:00+00:00,2019-06-01 16:55:00+00:00,0.0,38000.0,"POLYGON ((-83.75420930273971 43.7648198625322, -82.39816648795347 43.02426657659022, -83.74 42.63726208852722, -84.71399039390894 43.33724505082592, -83.75420930273971 43.7648198625322))"
47E,2019-06-01 14:55:00+00:00,2019-06-01 16:55:00+00:00,0.0,36000.0,"POLYGON ((-73.01650113428165 37.67459603391035, -72.88006515612935 36.21466566920305, -75.04188050468775 35.87259919125233, -75.90491082640685 37.124916871343125, -73.01650113428165 37.67459603391035))"
70C,2019-06-01 14:55:00+00:00,2019-06-01 16:55:00+00:00,0.0,40000.0,"POLYGON ((-87.48953211169459 44.55785931295662, -85.95081476591048 42.35224912330824, -86.94009907717003 41.959335659346415, -88.5397185073174 42.65859033182533, -89.3150869040346 44.31766879922346, -87.48953211169459 44.55785931295662))"
QUEBEC 1,2019-06-01 15:02:00+00:00,2019-06-01 19:00:00+00:00,0.0,54000.0,"POLYGON ((-161.4 9.3, -157.3 6.1, -163 7.4, -161.4 9.3))"
PAPA 2,2019-06-01 15:36:00+00:00,2019-06-01 19:35:00+00:00,0.0,55000.0,"POLYGON ((-146 9.3, -142.2 8.3, -148 5.4, -148.3 7.2, -146 9.3))"
50E,2019-06-01 15:55:00+00:00,2019-06-01 17:55:00+00:00,0.0,45000.0,"POLYGON ((-74.12343511663423 34.58885235843499, -74.01926751523979 34.41812125166258, -75.57396011022226 33.46956183805274, -75.6781277116167 33.64029294482515, -74.12343511663423 34.58885235843499))"
74C,2019-06-01 15:55:00+00:00,2019-06-01 17:55:00+00:00,0.0,45000.0,"POLYGON ((-100.34285247079407 37.61268342397175, -98.19667178310355 36.88394649635953, -99.21862770519435 36.11687635938062, -100.01689670010809 36.072789570428604, -100.34285247079407 37.61268342397175))"
73C,2019-06-01 15:55:00+00:00,2019-06-01 17:55:00+00:00,0.0,45000.0,"POLYGON ((-85.90434891747591 44.054628881073576, -85.2377699692068 43.25081684307184, -85.49238626275779 42.02170372973108, -87.422523094076 42.341935810877445, -88.19 44.06089313279083, -85.90434891747591 44.054628881073576))"
ROMEO 1,2019-06-01 16:14:00+00:00,2019-06-01 20:15:00+00:00,0.0,47000.0,"POLYGON ((-176.3 29.4, -171.5 29.3, -177.5 26.3, -176.3 29.4))"
HOTEL 2,2019-06-01 16:35:00+00:00,2019-06-01 20:35:00+00:00,0.0,48000.0,"POLYGON ((-134.45 9, -132.45 6.15, -138.3 4.15, -142 7.15, -134.45 9))"
DELTA 4,2019-06-01 16:40:00+00:00,2019-06-01 20:40:00+00:00,0.0,39000.0,"POLYGON ((-72 32, -72.3 29.15, -76.45 29.3, -77 31, -72 32))"
ECHO 1,2019-06-01 16:45:00+00:00,2019-06-01 20:45:00+00:00,0.0,37000.0,"POLYGON ((-65 39.3, -66.3 36.45, -68.15 36.15, -69 39.3, -65 39.3))"
51E,2019-06-01 16:55:00+00:00,2019-06-01 18:55:00+00:00,0.0,45000.0,"POLYGON ((-85.12103340975465 44.362513082015944, -83.89594344692672 43.47452739021325, -84.34588158944362 42.20586413149164, -86.83173234368695 42.24643155054938, -87.43117690819035 43.73024516885093, -85.12103340975465 44.362513082015944))"
75C,2019-06-01 16:55:00+00:00,2019-06-01 18:55:00+00:00,0.0,43000.0,"POLYGON ((-100.34285247079407 37.61268342397175, -98.19667178310355 36.88394649635953, -99.21862770519435 36.11687635938062, -100.01689670010809 36.072789570428604, -100.34285247079407 37.61268342397175))"
ECHO 2,2019-06-01 17:30:00+00:00,2019-06-01 21:30:00+00:00,0.0,39000.0,"POLYGON ((-66.15 39, -65.3 38, -74.3 32.45, -75 33.45, -70.45 37.45, -66.15 39))"
76C,2019-06-01 17:55:00+00:00,2019-06-01 19:55:00+00:00,0.0,45000.0,"POLYGON ((-98.3022834480405 36.656073394464755, -97.6 35.68914187884179, -98.48677546409661 35.39675960010366, -100.8190261852916 35.56385412764025, -98.3022834480405 36.656073394464755))"
77C,2019-06-01 17:55:00+00:00,2019-06-01 19:55:00+00:00,0.0,41000.0,"POLYGON ((-104.6309988322259 36.95087685969965, -105.68128389359612 34.582849352010975, -107.87701202381355 33.27857313805959, -107.38187513789626 34.8477039959153, -104.6309988322259 36.95087685969965))"
53E,2019-06-01 18:05:00+00:00,2019-06-01 20:55:00+00:00,0.0,45000.0,"POLYGON ((-80.16339371975877 42.38436302963175, -80.11746610383605 42.18970781111539, -81.52946746684526 41.85655539538808, -81.57539508276798 42.05121061390444, -80.16339371975877 42.38436302963175))"
52E,2019-06-01 18:05:00+00:00,2019-06-01 19:55:00+00:00,0.0,45000.0,"POLYGON ((-83.65546763159772 43.98857636649891, -83.37 42.21, -84.15681001037596 41.61909373901535, -86.7958155479664 42.12194342350967, -86.04 43.66910686720918, -83.65546763159772 43.98857636649891))"
QUEBEC 2,2019-06-01 18:32:00+00:00,2019-06-01 22:35:00+00:00,0.0,50000.0,"POLYGON ((-159.5 9.1, -159.1 6.2, -164 8.3, -159.5 9.1))"
58E,2019-06-01 18:55:00+00:00,2019-06-01 20:55:00+00:00,0.0,45000.0,"POLYGON ((-80.75125338125332 27.755392050590682, -79.90061883655054 27.022853040170137, -80.03112838965859 26.871303521703272, -80.88176293436138 27.603842532123817, -80.75125338125332 27.755392050590682))"
57E,2019-06-01 18:55:00+00:00,2019-06-01 20:55:00+00:00,0.0,43000.0,"POLYGON ((-83.19228371676161 29.696977088243, -80.7353939009911 29.089941669250642, -80.7833662799542 28.895780265113203, -83.2402560957247 29.50281568410556, -83.19228371676161 29.696977088243))"
81C,2019-06-01 18:55:00+00:00,2019-06-01 20:55:00+00:00,0.0,45000.0,"POLYGON ((-101.27538721488426 35.6953069257905, -99.61967685621677 35.90463478342687, -99.59459098286852 35.70621427299926, -101.25030134153602 35.49688641536289, -101.27538721488426 35.6953069257905))"
80C,2019-06-01 18:55:00+00:00,2019-06-01 20:55:00+00:00,0.0,45000.0,"POLYGON ((-99.59556358547006 34.23424686843603, -98.54112507057536 33.64352960991156, -98.63887492942465 33.46904475356309, -99.69331344431934 34.05976201208756, -99.59556358547006 34.23424686843603))"
78C,2019-06-01 18:55:00+00:00,2019-06-01 20:55:00+00:00,0.0,45000.0,"POLYGON ((-97.92 36.35, -96.94276588653378 35.6195213430634, -97.86971055843537 34.865435064311036, -99.66693877786976 34.87955970734428, -97.92 36.35))"
54E,2019-06-01 18:55:00+00:00,2019-06-01 20:55:00+00:00,0.0,45000.0,"POLYGON ((-79.59900347887618 42.54192884393264, -77.97 42.00910686720918, -80.54525038151515 41.558601437867374, -81.50713303783635 42.03431334104176, -79.59900347887618 42.54192884393264))"
55E,2019-06-01 18:55:00+00:00,2019-06-01 20:55:00+00:00,0.0,45000.0,"POLYGON ((-82.0848367856719 43.44924628679763, -83.11399558431837 41.74859954687106, -83.71052150499666 41.59467407715029, -85.90183568499285 42.40614490507392, -85.71615179168187 43.40482564753265, -82.0848367856719 43.44924628679763))"
56E,2019-06-01 18:55:00+00:00,2019-06-01 20:55:00+00:00,0.0,42000.0,"POLYGON ((-87.21806507370403 31.019888235875367, -85.71128912687138 30.826396151860205, -84.19800111149573 29.595060515582365, -88.50766383181676 30.422506660920455, -87.21806507370403 31.019888235875367))"
79C,2019-06-01 18:55:00+00:00,2019-06-01 20:55:00+00:00,0.0,45000.0,"POLYGON ((-104.22709115876268 37.258346377166134, -102.57649637475797 36.432090705902894, -107.87701202381355 33.27857313805959, -106.55418873172205 36.75952082116372, -104.22709115876268 37.258346377166134))"
27W,2019-06-01 18:55:00+00:00,2019-06-01 20:55:00+00:00,0.0,35000.0,"POLYGON ((-117.62999999999998 46.39541730984526, -115.5417350851845 45.23862450712555, -119.37834315623631 43.30796249327933, -117.62999999999998 46.39541730984526))"
26W,2019-06-01 18:55:00+00:00,2019-06-01 20:55:00+00:00,0.0,36000.0,"POLYGON ((-114.05261007944715 39.551951916344706, -113.99786796135106 38.37668141541456, -117.1366340729856 37.99830161352744, -117.77 39.164582690154745, -114.05261007944715 39.551951916344706))"
28W,2019-06-01 18:55:00+00:00,2019-06-01 20:55:00+00:00,0.0,35000.0,"POLYGON ((-116.12784167924495 48.22754229027091, -114.96551195318088 47.648968423301625, -115.36995084682121 46.998542299296076, -116.93889217454623 47.087348383276066, -116.12784167924495 48.22754229027091))"
PAPA 3,2019-06-01 19:05:00+00:00,2019-06-01 23:05:00+00:00,0.0,52000.0,"POLYGON ((-146.4 10, -143.5 6.4, -151.4 7.1, -146.4 10))"
ROMEO 2,2019-06-01 19:34:00+00:00,2019-06-01 23:35:00+00:00,0.0,46000.0,"POLYGON ((-175.1 30, -171.1 29.5, -177.1 26.3, -175.1 30))"
62E,2019-06-01 19:55:00+00:00,2019-06-01 21:55:00+00:00,0.0,45000.0,"POLYGON ((-82.86415629012701 29.749928689146603, -80.61082463325761 28.98497183887948, -80.6751165825197 28.795587189923765, -82.92844823938911 29.560544040190887, -82.86415629012701 29.749928689146603))"
60E,2019-06-01 19:55:00+00:00,2019-06-01 21:55:00+00:00,0.0,45000.0,"POLYGON ((-82.85612161316517 41.893589251972024, -82.78684436593379 41.70597085464372, -84.26704362320976 41.15941395319768, -84.33632087044114 41.347032350525986, -82.85612161316517 41.893589251972024))"
87C,2019-06-01 19:55:00+00:00,2019-06-01 21:55:00+00:00,0.0,38000.0,"POLYGON ((-105.19550168744745 40.21768144475214, -104.66000000000001 39.376287181737325, -105.21814034822751 38.90073672242917, -106.22325807775731 39.94923933887559, -105.19550168744745 40.21768144475214))"
85C,2019-06-01 19:55:00+00:00,2019-06-01 21:55:00+00:00,0.0,45000.0,"POLYGON ((-99.24958429910615 35.82720497868709, -100.29 34.94828375768358, -101.26284427821014 35.59609667057669, -99.24958429910615 35.82720497868709))"
84C,2019-06-01 19:55:00+00:00,2019-06-01 21:55:00+00:00,0.0,45000.0,"POLYGON ((-99.23604069319413 34.20961251796685, -98.34400401550585 33.78530088021244, -97.72850184329711 32.868114272403076, -99.3730524581406 32.88797176922415, -99.23604069319413 34.20961251796685))"
88C,2019-06-01 19:55:00+00:00,2019-06-01 21:55:00+00:00,0.0,39000.0,"POLYGON ((-90.17382595373586 40.83959686166405, -90.08570232295592 40.66005793636326, -91.50304593689545 39.9643789067943, -91.59116956767538 40.14391783209509, -90.17382595373586 40.83959686166405))"
82C,2019-06-01 19:55:00+00:00,2019-06-01 21:55:00+00:00,0.0,45000.0,"POLYGON ((-97.42355353617698 36.18299771581226, -96.7132245359034 35.39675960010366, -97.17 34.49914187884179, -98.59 34.56828375768358, -97.42355353617698 36.18299771581226))"
86C,2019-06-01 19:55:00+00:00,2019-06-01 21:55:00+00:00,0.0,45000.0,"POLYGON ((-89.16159871056975 43.54843953805785, -86.7751931458441 43.388951270399666, -88.83648914993097 42.709737748345674, -90.16594985927233 42.56469055531478, -89.16159871056975 43.54843953805785))"
32W,2019-06-01 19:55:00+00:00,2019-06-01 21:55:00+00:00,0.0,38000.0,"POLYGON ((-117.45137497262854 42.8959215987814, -113.16866460381945 41.97645288019313, -116.37837586746606 40.97764787244016, -118.69501630688751 41.973660552712296, -117.45137497262854 42.8959215987814))"
29W,2019-06-01 19:55:00+00:00,2019-06-01 21:55:00+00:00,0.0,39000.0,"POLYGON ((-114.56181731821965 39.83391068780988, -114.05035963843744 38.13886042075568, -117.37918007417524 38.306035853173874, -117.49356495551307 39.50004060190474, -114.56181731821965 39.83391068780988))"
63E,2019-06-01 19:55:00+00:00,2019-06-01 21:55:00+00:00,0.0,45000.0,"POLYGON ((-80.63419626374355 27.987335060327325, -78.78669224824179 26.674052879508793, -80.09 26.513631044263608, -81.35531693024825 27.35898047564628, -80.63419626374355 27.987335060327325))"
61E,2019-06-01 19:55:00+00:00,2019-06-01 21:55:00+00:00,0.0,45000.0,"POLYGON ((-86.14193492629597 31.019888235875367, -84.20283147306613 30.092507753178154, -84.35 29.23541730984525, -89.31778929735192 30.436449738544702, -86.14193492629597 31.019888235875367))"
59E,2019-06-01 19:55:00+00:00,2019-06-01 21:55:00+00:00,0.0,45000.0,"POLYGON ((-78.01218939585274 42.457658886227, -77.49612405899627 41.86195235239819, -80.46419995752024 41.290836738499145, -80.6078781747872 42.254843677481524, -78.01218939585274 42.457658886227))"
83C,2019-06-01 19:55:00+00:00,2019-06-01 21:55:00+00:00,0.0,45000.0,"POLYGON ((-105.65916116231698 37.65730106398673, -102.30999799818224 36.5867808031717, -104.57111137178786 35.84966332207825, -105.69261986942946 31.818651108334038, -107.84593240599047 33.7492819217673, -105.65916116231698 37.65730106398673))"
33W,2019-06-01 19:55:00+00:00,2019-06-01 21:55:00+00:00,0.0,35000.0,"POLYGON ((-115.75164360595043 37.79644458178781, -115.59253288880092 37.17640327388428, -118.43 34.76184477868196, -119.58361367509315 34.446191792864404, -118.24878101504174 37.07679488251606, -115.75164360595043 37.79644458178781))"
30W,2019-06-01 19:55:00+00:00,2019-06-01 21:55:00+00:00,0.0,35000.0,"POLYGON ((-117.62999999999998 46.56178626558166, -115.09102482317665 45.721420537482814, -119.16794088830471 43.52386798352787, -117.62999999999998 46.56178626558166))"
31W,2019-06-01 19:55:00+00:00,2019-06-01 21:55:00+00:00,0.0,37000.0,"POLYGON ((-116.12784167924495 48.22754229027091, -114.91181280632442 47.45763102323195, -115.65 46.29541730984524, -116.93889217454623 47.087348383276066, -116.12784167924495 48.22754229027091))"
ECHO 3,2019-06-01 20:15:00+00:00,2019-06-02 00:15:00+00:00,0.0,44000.0,"POLYGON ((-62.3 39.45, -65 37.15, -71.15 34, -73.15 34.3, -68.3 38.3, -62.3 39.45))"
30W,2019-06-01 20:55:00+00:00,2019-06-01 20:55:00+00:00,,,"POLYGON ((-110.0092000750466 48.69763263518455, -109.5360378745482 48.60384615663631, -108.62 46.03327577466808, -111.8260918072943 46.40365301796238, -110.0092000750466 48.69763263518455))"
28E,2019-06-01 20:55:00+00:00,2019-06-01 20:55:00+00:00,,,"POLYGON ((-75.480227542955 40.61566871382081, -73.8018569171974 40.67835692712455, -73.79439199487169 40.47849628834174, -75.4727626206293 40.415808075038, -75.480227542955 40.61566871382081))"
31W,2019-06-01 20:55:00+00:00,2019-06-01 20:55:00+00:00,,,"POLYGON ((-108.4181183485171 43.66621926031711, -106.6324665834154 42.98265362648127, -107.3 40.85491366200213, -109.4677930310928 41.58913125617607, -110.4132252043065 42.57960024089321, -108.4181183485171 43.66621926031711))"
32W,2019-06-01 20:55:00+00:00,2019-06-01 20:55:00+00:00,,,"POLYGON ((-111.7586210476709 40.84978839886357, -107.1531428098494 40.51990704430344, -105.6093480813105 37.34981324299898, -109.1907956790812 37.72426844054353, -111.7586210476709 40.84978839886357))"
33W,2019-06-01 20:55:00+00:00,2019-06-01 20:55:00+00:00,,,"POLYGON ((-112.4354405842908 37.94777256800849, -110.5993540370106 38.34101703274036, -110.7 38.19672422533191, -112.4990882728098 37.53195268346031, -112.4354405842908 37.94777256800849))"
34E,2019-06-01 20:55:00+00:00,2019-06-01 20:55:00+00:00,,,"POLYGON ((-83.14847027042217 29.80624357488008, -81.21155768328238 30.23285621832991, -80.35643218809832 27.5615261093517, -81.78 26.69745683100106, -83.14847027042217 29.80624357488008))"
35E,2019-06-01 20:55:00+00:00,2019-06-01 20:55:00+00:00,,,"POLYGON ((-80.35643218809832 27.5615261093517, -80.39451809242334 25.75723319222898, -82.35247219065566 24.58899213934153, -82.48195577492571 24.84479432983808, -80.66802629642994 27.52200644562247, -80.35643218809832 27.5615261093517))"
96C,2019-06-01 20:55:00+00:00,2019-06-01 22:55:00+00:00,,,"POLYGON ((-86.33217723250274 41.82185563432338, -85.14928856518175 41.29461349455991, -85.18004854590595 41.30277938546394, -84.91785208803265 41.2765568595347, -85.23071143481825 41.11193805477625, -86.41360010213924 41.63918019453971, -84.93775499622075 41.07754963794297, -85.19995145409405 41.10377216387221, -86.33217723250274 41.82185563432338))"
64E,2019-06-01 20:55:00+00:00,2019-06-01 22:55:00+00:00,0.0,45000.0,"POLYGON ((-78.09520603680389 42.5197466826876, -77.55850808584917 41.815949932747756, -81.5782062585903 41.215225429660805, -81.26296090651527 42.01589160787661, -78.09520603680389 42.5197466826876))"
65E,2019-06-01 20:55:00+00:00,2019-06-01 22:55:00+00:00,0.0,45000.0,"POLYGON ((-81.8802993824499 41.80444113079663, -81.81970061755008 41.613842626886935, -84.0097006175501 40.91755544514962, -84.07029938244992 41.108153949059314, -81.8802993824499 41.80444113079663))"
95C,2019-06-01 20:55:00+00:00,2019-06-01 22:55:00+00:00,0.0,39000.0,"POLYGON ((-94.66558758601649 39.0960902507578, -94.52956219925262 38.949471376953156, -95.10456253194783 38.416015890530325, -95.2405879187117 38.562634764334966, -94.66558758601649 39.0960902507578))"
97C,2019-06-01 20:55:00+00:00,2019-06-01 22:55:00+00:00,0.0,45000.0,"POLYGON ((-104.08280669086018 42.78449546554, -103.62826123631471 42.78449546554, -103.62826123631471 42.329950010994544, -104.08280669086018 42.329950010994544, -104.08280669086018 42.78449546554))"
95C,2019-06-01 20:55:00+00:00,2019-06-01 20:55:00+00:00,0.0,39000.0,"POLYGON ((-94.66558758601649 39.0960902507578, -94.52956219925262 38.949471376953156, -95.10456253194783 38.416015890530325, -95.2405879187117 38.562634764334966, -94.66558758601649 39.0960902507578))"
93C,2019-06-01 20:55:00+00:00,2019-06-01 20:55:00+00:00,0.0,45000.0,"POLYGON ((-88.70227228281361 43.425907329232885, -87.68582071856893 43.11846282407558, -87.48936207208847 41.68258495766084, -89.5354260749656 42.394004667158256, -88.70227228281361 43.425907329232885))"
93C,2019-06-01 20:55:00+00:00,2019-06-01 22:55:00+00:00,0.0,45000.0,"POLYGON ((-88.70227228281361 43.425907329232885, -87.68582071856893 43.11846282407558, -87.48936207208847 41.68258495766084, -89.5354260749656 42.394004667158256, -88.70227228281361 43.425907329232885))"
37W,2019-06-01 20:55:00+00:00,2019-06-01 22:55:00+00:00,0.0,40000.0,"POLYGON ((-114.85284668649392 42.59007817032677, -112.8112283095545 42.310083759975775, -116.37837586746606 40.97764787244016, -116.92 41.581996575946256, -114.85284668649392 42.59007817032677))"
29E,2019-06-01 20:55:00+00:00,2019-06-01 20:55:00+00:00,,,"POLYGON ((-79.24 37.25, -75.92083260043098 36.8896734815108, -80.80489946551195 35.30832337012163, -80.58077447438819 37.04720790933129, -79.24 37.25))"
30E,2019-06-01 20:55:00+00:00,2019-06-01 20:55:00+00:00,,,"POLYGON ((-81.0660220626368 37.67684772177564, -80.23541471006945 36.13517317866439, -83.20389115488686 34.77890219158888, -84.87756439267937 34.95969583409035, -82.23649373923203 36.64623267610043, -81.0660220626368 37.67684772177564))"
31E,2019-06-01 20:55:00+00:00,2019-06-01 20:55:00+00:00,,,"POLYGON ((-83.61403573757882 34.80640229290614, -83.20389115488686 34.77890219158888, -82.20746980902327 33.7494608760957, -86.21877319634262 32.42623959861607, -86.96194954690398 33.64862356138154, -83.61403573757882 34.80640229290614))"
32E,2019-06-01 20:55:00+00:00,2019-06-01 20:55:00+00:00,,,"POLYGON ((-85.11590585939685 32.97102476705531, -83.17315121868724 29.85779305209473, -86.68 30.32762950699681, -88.17663022359376 30.57199128800287, -86.62514256490415 32.32643847732617, -85.11590585939685 32.97102476705531))"
33E,2019-06-01 20:55:00+00:00,2019-06-01 20:55:00+00:00,,,"POLYGON ((-80.64230111204229 30.37785288382703, -80.18632862954692 29.33756586151627, -80.18241798316171 29.32708527383295, -79.75254175994198 27.94315461292091, -79.75809230325527 27.95718604088361, -79.64366907315473 27.721641467779, -80.36950529262927 29.25727694508305, -80.82547777512464 30.29756396739381, -79.94353971579474 27.88382687185433, -80.37341593901448 29.26775753276637, -79.82356594238091 27.63425087078702, -79.93798917248145 27.86979544389163, -80.64230111204229 30.37785288382703))"
66E,2019-06-01 20:55:00+00:00,2019-06-01 22:55:00+00:00,0.0,45000.0,"POLYGON ((-86.60573715557297 30.983683695845393, -84.35 30.4, -84.86113196711594 29.3230706897234, -90.52782476944105 30.477725406782344, -91.07731320024257 30.940925488822053, -86.60573715557297 30.983683695845393))"
68E,2019-06-01 20:55:00+00:00,2019-06-01 22:55:00+00:00,0.0,45000.0,"POLYGON ((-80.3165323449436 27.6162253471968, -79.2274954426497 26.99572638673913, -80.67083656346551 25.446556484941148, -80.4623855340304 26.679514493799267, -81.2414688116685 27.677972767282867, -80.3165323449436 27.6162253471968))"
67E,2019-06-01 20:55:00+00:00,2019-06-01 22:55:00+00:00,0.0,45000.0,"POLYGON ((-81.81677113187385 29.55280592310109, -80.58025149465936 29.489954650842044, -79.9082089545008 28.90842135910718, -80.22373773091545 27.91502661376889, -80.88982699391832 28.03234758826255, -81.81677113187385 29.55280592310109))"
98C,2019-06-01 20:55:00+00:00,2019-06-01 22:55:00+00:00,0.0,45000.0,"POLYGON ((-92.59 40.2963689557364, -91.02952573007354 40.310846241647965, -91.07997742399529 39.786161514686725, -92.75579085262312 39.822471768022446, -92.59 40.2963689557364))"
90C,2019-06-01 20:55:00+00:00,2019-06-01 20:55:00+00:00,0.0,45000.0,"POLYGON ((-104.87747429129234 37.936226416809745, -101.84615184192981 36.3309231314805, -104.32096243621079 35.657227124395575, -104.80710256962988 31.860389989425368, -107.98838037561995 33.866197425802795, -104.87747429129234 37.936226416809745))"
92C,2019-06-01 20:55:00+00:00,2019-06-01 20:55:00+00:00,0.0,45000.0,"POLYGON ((-100.19368851586664 35.72476941049912, -98.54654492866938 35.71464630311198, -100.00414832562019 34.60494923654662, -101.03712892851827 34.62239869812676, -100.19368851586664 35.72476941049912))"
94C,2019-06-01 20:55:00+00:00,2019-06-01 20:55:00+00:00,0.0,38000.0,"POLYGON ((-104.99452608247128 40.42434146314661, -104.20291390445946 39.456179071034505, -105.33814515717721 38.99235949939757, -105.74283614706233 39.80496736480701, -104.99452608247128 40.42434146314661))"
91C,2019-06-01 20:55:00+00:00,2019-06-01 20:55:00+00:00,0.0,45000.0,"POLYGON ((-99.54287107148174 34.62239869812676, -98.16257133267322 34.34218367663692, -97.83230865157022 32.86750276830183, -99.29924413269605 32.949320588324674, -99.54287107148174 34.62239869812676))"
94C,2019-06-01 20:55:00+00:00,2019-06-01 22:55:00+00:00,0.0,38000.0,"POLYGON ((-104.99452608247128 40.42434146314661, -104.20291390445946 39.456179071034505, -105.33814515717721 38.99235949939757, -105.74283614706233 39.80496736480701, -104.99452608247128 40.42434146314661))"
90C,2019-06-01 20:55:00+00:00,2019-06-01 22:55:00+00:00,0.0,45000.0,"POLYGON ((-104.87747429129234 37.936226416809745, -101.84615184192981 36.3309231314805, -104.32096243621079 35.657227124395575, -104.80710256962988 31.860389989425368, -107.98838037561995 33.866197425802795, -104.87747429129234 37.936226416809745))"
91C,2019-06-01 20:55:00+00:00,2019-06-01 22:55:00+00:00,0.0,45000.0,"POLYGON ((-99.54287107148174 34.62239869812676, -98.16257133267322 34.34218367663692, -97.83230865157022 32.86750276830183, -99.29924413269605 32.949320588324674, -99.54287107148174 34.62239869812676))"
92C,2019-06-01 20:55:00+00:00,2019-06-01 22:55:00+00:00,0.0,45000.0,"POLYGON ((-100.19368851586664 35.72476941049912, -98.54654492866938 35.71464630311198, -100.00414832562019 34.60494923654662, -101.03712892851827 34.62239869812676, -100.19368851586664 35.72476941049912))"
89C,2019-06-01 20:55:00+00:00,2019-06-01 20:55:00+00:00,0.0,45000.0,"POLYGON ((-95.96886188834782 36.902846520930304, -95.21718530769074 36.38963652114734, -96.7676502539808 34.209343151837814, -97.45530307031594 34.44495122397023, -95.96886188834782 36.902846520930304))"
89C,2019-06-01 20:55:00+00:00,2019-06-01 22:55:00+00:00,0.0,45000.0,"POLYGON ((-95.96886188834782 36.902846520930304, -95.21718530769074 36.38963652114734, -96.7676502539808 34.209343151837814, -97.45530307031594 34.44495122397023, -95.96886188834782 36.902846520930304))"
35W,2019-06-01 20:55:00+00:00,2019-06-01 22:55:00+00:00,0.0,38000.0,"POLYGON ((-114.08 46.01821373441836, -111.89282349179157 45.43911979764691, -113.91608932687632 43.24505102077575, -114.92702057631232 43.24770048455137, -114.08 46.01821373441836))"
38W,2019-06-01 20:55:00+00:00,2019-06-01 22:55:00+00:00,0.0,36000.0,"POLYGON ((-115.75164360595043 37.79644458178781, -115.78623902306889 37.114451807376135, -118.71276101173423 34.71085517104633, -119.58332866508138 34.57352470958853, -118.16980241234712 37.23079576809283, -115.75164360595043 37.79644458178781))"
34W,2019-06-01 20:55:00+00:00,2019-06-01 22:55:00+00:00,0.0,42000.0,"POLYGON ((-114.5682186439848 40.472508858834004, -113.96630407068568 38.2492383419313, -115.24652905485549 39.17199356470501, -117.44407990040968 38.614371514982395, -117.83953046295571 39.86049025763161, -114.5682186439848 40.472508858834004))"
34W,2019-06-01 20:55:00+00:00,2019-06-01 20:55:00+00:00,0.0,42000.0,"POLYGON ((-114.5682186439848 40.472508858834004, -113.96630407068568 38.2492383419313, -115.24652905485549 39.17199356470501, -117.44407990040968 38.614371514982395, -117.83953046295571 39.86049025763161, -114.5682186439848 40.472508858834004))"
36W,2019-06-01 20:55:00+00:00,2019-06-01 22:55:00+00:00,0.0,39000.0,"POLYGON ((-115.65 48.45821373441836, -114.18 47.87726208852723, -115.18592712868316 46.69052965235469, -117.16506561133326 46.790526366109304, -115.65 48.45821373441836))"
70E,2019-06-01 21:55:00+00:00,2019-06-01 23:55:00+00:00,,,"POLYGON ((-86.24019594536576 41.84804611287272, -82.18260663770931 41.41211221520233, -82.22305623290464 41.40815115616586, -81.7421350339473 41.55810674992934, -82.20397102547003 41.21325658180058, -86.26156033312647 41.64919047947097, -81.68260023131737 41.36717323460054, -82.1635214302747 41.21721764083705, -86.24019594536576 41.84804611287272))"
09C,2019-06-01 21:55:00+00:00,2019-06-01 23:55:00+00:00,,,"POLYGON ((-88.2837287027079 41.6658564840875, -89.4238606208889 41.06151226188992, -89.77743395592165 40.99734204412671, -88.21840761780014 41.476824328446, -89.4090574160153 41.06538884382865, -89.81314863108221 41.19412736364566, -89.45957529604947 41.25829758140888, -89.47437850092307 41.25442099947015, -88.2837287027079 41.6658564840875))"
71E,2019-06-01 21:55:00+00:00,2019-06-01 23:55:00+00:00,0.0,45000.0,"POLYGON ((-87.89304387724498 30.895138991914035, -85.90451047157038 30.55106553975586, -84.93953621042431 29.887540613061333, -90.47339990526837 30.258064076467225, -90.83425543551893 30.645147272953256, -87.89304387724498 30.895138991914035))"
74E,2019-06-01 21:55:00+00:00,2019-06-01 23:55:00+00:00,0.0,43000.0,"POLYGON ((-79.30871795840075 39.25457990095674, -79.16811091552428 39.11234889346001, -80.02969647856176 38.26060073856806, -80.17030352143823 38.40283174606479, -79.30871795840075 39.25457990095674))"
06C,2019-06-01 21:55:00+00:00,2019-06-01 23:55:00+00:00,0.0,39000.0,"POLYGON ((-94.1026239526901 39.15283850708472, -94.00112858222784 38.980505429079564, -95.35993772248197 38.18023632999537, -95.46143309294423 38.35256940800052, -94.1026239526901 39.15283850708472))"
08C,2019-06-01 21:55:00+00:00,2019-06-01 23:55:00+00:00,0.0,45000.0,"POLYGON ((-103.482906195072 42.5177535737528, -103.02836074052654 42.5177535737528, -103.02836074052654 42.063208119207346, -103.482906195072 42.063208119207346, -103.482906195072 42.5177535737528))"
03C,2019-06-01 21:55:00+00:00,2019-06-01 23:55:00+00:00,0.0,45000.0,"POLYGON ((-103.53446769993384 31.474179289501013, -103.33472046064001 31.46412740437938, -103.38524478371023 30.46012726626123, -103.58499202300406 30.470179151382865, -103.53446769993384 31.474179289501013))"
43W,2019-06-01 21:55:00+00:00,2019-06-01 23:55:00+00:00,0.0,38000.0,"POLYGON ((-117.62906910940362 38.26704831607979, -114.75818301258184 38.24942485370275, -115.74483831915097 37.127727680359094, -116.3889044869648 36.799454211992874, -117.56051660889464 37.599115359927005, -117.62906910940362 38.26704831607979))"
72E,2019-06-01 21:55:00+00:00,2019-06-01 23:55:00+00:00,0.0,45000.0,"POLYGON ((-81.28972327358665 29.878700770027603, -79.9082089545008 28.90842135910718, -80.22373773091545 27.91502661376889, -81.35531693024825 27.35898047564628, -81.71876260562135 28.53947454352679, -81.28972327358665 29.878700770027603))"
73E,2019-06-01 21:55:00+00:00,2019-06-01 23:55:00+00:00,0.0,45000.0,"POLYGON ((-80.09 26.846368955736395, -79.34523527425056 26.678058003974225, -80.67083656346551 25.446556484941148, -80.96142517153505 25.54374708596181, -80.09 26.846368955736395))"
69E,2019-06-01 21:55:00+00:00,2019-06-01 23:55:00+00:00,0.0,45000.0,"POLYGON ((-76.54565619421254 42.544657047095825, -76.49258298406278 40.83182560861951, -81.23689338756745 41.227369939608515, -81.32964082245347 42.33365631486739, -76.54565619421254 42.544657047095825))"
07C,2019-06-01 21:55:00+00:00,2019-06-01 23:55:00+00:00,0.0,45000.0,"POLYGON ((-91.53047426992647 40.310846241647965, -90.47620108841214 40.10189822653681, -90.88032668127143 39.72198028895139, -92.59 39.79726208852722, -91.53047426992647 40.310846241647965))"
99C,2019-06-01 21:55:00+00:00,2019-06-01 23:55:00+00:00,0.0,45000.0,"POLYGON ((-95.61751051559087 37.15926770793179, -94.8830163154445 36.544756992312, -96.42879864896054 33.953102457971305, -96.7676502539808 34.209343151837814, -95.61751051559087 37.15926770793179))"
05C,2019-06-01 21:55:00+00:00,2019-06-01 23:55:00+00:00,0.0,38000.0,"POLYGON ((-106.51057786708327 41.925512203148266, -104.77 41.70910686720919, -103.51024641246582 39.54470918201893, -105.33814515717721 38.99235949939757, -106.51057786708327 41.925512203148266))"
04C,2019-06-01 21:55:00+00:00,2019-06-01 23:55:00+00:00,0.0,45000.0,"POLYGON ((-88.28 43.28636895573639, -87.44120723243894 42.862262156768836, -87.27153813506374 41.517716271355646, -88.9391453189592 42.30366125107792, -88.28 43.28636895573639))"
01C,2019-06-01 21:55:00+00:00,2019-06-01 23:55:00+00:00,0.0,45000.0,"POLYGON ((-104.51094467849241 38.13626729162493, -101.64 36.12184477868196, -104.57111137178786 35.84966332207825, -104.41536266726337 31.864594139421314, -107.92997857611108 34.41404197188465, -104.51094467849241 38.13626729162493))"
02C,2019-06-01 21:55:00+00:00,2019-06-01 23:55:00+00:00,0.0,45000.0,"POLYGON ((-100.62091602958658 35.28572624517899, -96.79883718980902 34.08210751330618, -96.6745199671893 32.742135196523456, -99.29924413269605 32.949320588324674, -100.62091602958658 35.28572624517899))"
46W,2019-06-01 21:55:00+00:00,2019-06-01 23:55:00+00:00,0.0,42000.0,"POLYGON ((-120.42344721667212 42.64367235947529, -114.80782493780119 42.24427872792638, -115.49417434482193 41.006933283740935, -120.51 41.15904835410887, -120.42344721667212 42.64367235947529))"
44W,2019-06-01 21:55:00+00:00,2019-06-01 23:55:00+00:00,0.0,40000.0,"POLYGON ((-119.33270506455855 38.91471955330803, -117.77 37.33452417705443, -117.47299771263023 35.61930111381712, -118.07851341520954 35.475696121451776, -120.56449425536334 38.75421460047063, -119.33270506455855 38.91471955330803))"
42W,2019-06-01 21:55:00+00:00,2019-06-01 23:55:00+00:00,0.0,40000.0,"POLYGON ((-110.13215834311701 41.58464093410364, -111.48749467439 38.6720360755808, -112.5920935491725 39.14626626946023, -111.19541896100077 41.435558493571186, -110.13215834311701 41.58464093410364))"
41W,2019-06-01 21:55:00+00:00,2019-06-01 23:55:00+00:00,0.0,45000.0,"POLYGON ((-117.15136459742787 48.78915578496535, -113.69500976832612 48.97751581819096, -117.15175038089605 44.36753677505409, -119.31558160681878 44.3843915389342, -117.15136459742787 48.78915578496535))"
45W,2019-06-01 21:55:00+00:00,2019-06-01 23:55:00+00:00,0.0,40000.0,"POLYGON ((-110.23969603382376 43.961878054879996, -107.32688268294581 42.7668798752431, -107.54923033144362 42.141795642393525, -110.59202552894425 42.93191512904812, -110.23969603382376 43.961878054879996))"
40W,2019-06-01 21:55:00+00:00,2019-06-01 23:55:00+00:00,0.0,39000.0,"POLYGON ((-114.08 46.01821373441836, -111.89282349179157 45.43911979764691, -113.91608932687632 43.24505102077575, -114.92702057631232 43.24770048455137, -114.08 46.01821373441836))"
39W,2019-06-01 21:55:00+00:00,2019-06-01 23:55:00+00:00,0.0,42000.0,"POLYGON ((-114.85766344865752 40.72480082703279, -113.99786796135106 38.37668141541456, -115.00227782415277 39.41754151779243, -117.27902311950544 38.921214660678004, -117.68760731318078 39.97924457731128, -114.85766344865752 40.72480082703279))"
ECHO 4,2019-06-01 22:30:00+00:00,2019-06-02 02:30:00+00:00,0.0,42000.0,"POLYGON ((-63.15 41.15, -60 40, -69.45 34, -68.3 38.3, -63.15 41.15))"
19C,2019-06-01 22:55:00+00:00,2019-06-02 00:55:00+00:00,,,"POLYGON ((-87.90839819565697 41.96216123164038, -88.3791208437131 41.29877994787692, -89.62035190826752 40.9603676887581, -87.77682956236067 41.81153024302068, -88.33964064915163 41.31994291313836, -89.6729601524409 41.15332460790067, -88.43172908788647 41.4917368670195, -88.47120928244793 41.47057390175806, -87.90839819565697 41.96216123164038))"
79E,2019-06-01 22:55:00+00:00,2019-06-02 00:55:00+00:00,,,"POLYGON ((-74.23550590191711 38.62442590412385, -75.23358416440308 36.2948950243911, -75.04238506393382 36.26748769258297, -74.99853706913657 35.90395546761868, -75.049746812828 36.21613064052463, -74.05166855034203 38.54566152025738, -75.19709791850002 35.88000574736848, -75.24094591329727 36.24353797233277, -74.23550590191711 38.62442590412385))"
80E,2019-06-01 22:55:00+00:00,2019-06-02 00:55:00+00:00,,,"POLYGON ((-77.29335895645956 40.46182072077261, -78.85031313578791 40.13882043123053, -78.90451863999436 40.10759090450362, -80.02260034326473 38.85817724705333, -78.80968686421208 39.94299013209924, -77.25273268488372 40.26599042164133, -79.873563063276 38.72480600137587, -78.75548136000563 39.97421965882615, -77.29335895645956 40.46182072077261))"
81E,2019-06-01 22:55:00+00:00,2019-06-02 00:55:00+00:00,0.0,39000.0,"POLYGON ((-76.9347606263001 35.644259667027725, -76.29414701755915 34.33990408480639, -77.34467818989373 34.34887812875677, -77.87 34.92828375768357, -76.9347606263001 35.644259667027725))"
77E,2019-06-01 22:55:00+00:00,2019-06-02 00:55:00+00:00,0.0,44000.0,"POLYGON ((-84.96802379938495 30.177245489704976, -84.7947855299627 29.464283461005582, -85.40680506073709 29.47570172355367, -86.08789322366032 30.317517752031666, -84.96802379938495 30.177245489704976))"
76E,2019-06-01 22:55:00+00:00,2019-06-02 00:55:00+00:00,0.0,45000.0,"POLYGON ((-80.31644961186795 41.68272585671804, -80.26355038813206 41.489848506756616, -82.36543887394271 40.913377141399245, -82.4183380976786 41.106254491360666, -80.31644961186795 41.68272585671804))"
83E,2019-06-01 22:55:00+00:00,2019-06-02 00:55:00+00:00,0.0,42000.0,"POLYGON ((-90.01513352916359 30.031713512701224, -89.65149716552722 30.031713512701224, -89.65149716552722 29.668077149064857, -90.01513352916359 29.668077149064857, -90.01513352916359 30.031713512701224))"
18C,2019-06-01 22:55:00+00:00,2019-06-02 00:55:00+00:00,0.0,45000.0,"POLYGON ((-103.482906195072 42.5177535737528, -103.02836074052654 42.5177535737528, -103.02836074052654 42.063208119207346, -103.482906195072 42.063208119207346, -103.482906195072 42.5177535737528))"
11C,2019-06-01 22:55:00+00:00,2019-06-02 00:55:00+00:00,0.0,45000.0,"POLYGON ((-101.87556141447195 37.03655904578317, -101.0098041930244 35.79950469048305, -101.39014709668095 35.085288711557666, -105.74411992472173 33.72221624639352, -106.61826945538108 34.6391344033074, -101.87556141447195 37.03655904578317))"
10C,2019-06-01 22:55:00+00:00,2019-06-02 00:55:00+00:00,0.0,45000.0,"POLYGON ((-101.18793885444911 37.97096678505652, -100.55157521808549 37.97096678505652, -100.55157521808549 37.33460314869288, -101.18793885444911 37.33460314869288, -101.18793885444911 37.97096678505652))"
15C,2019-06-01 22:55:00+00:00,2019-06-02 00:55:00+00:00,0.0,45000.0,"POLYGON ((-104.12449831255256 40.21768144475214, -102.9908323308255 40.159846083931164, -104.43 37.71171624231642, -105.43262645500269 37.656050840831654, -104.12449831255256 40.21768144475214))"
20C,2019-06-01 22:55:00+00:00,2019-06-02 00:55:00+00:00,0.0,43000.0,"POLYGON ((-105.44842427126682 42.47360830755909, -103.83822013601299 41.77879301423608, -104.47821131115859 40.675365542371104, -105.72 41.4845709394209, -105.44842427126682 42.47360830755909))"
17C,2019-06-01 22:55:00+00:00,2019-06-02 00:55:00+00:00,0.0,45000.0,"POLYGON ((-91.28000000000002 40.283712818262686, -89.73197228959936 40.01336942851551, -89.95183046847771 39.26772236700338, -92.22 39.243712818262686, -91.28000000000002 40.283712818262686))"
51W,2019-06-01 22:55:00+00:00,2019-06-02 00:55:00+00:00,0.0,38000.0,"POLYGON ((-118.05290156857922 38.53392682891124, -115.49450242629717 38.2448239350336, -115.74483831915097 37.127727680359094, -116.24850090025238 36.964922897051416, -117.77 37.71085812115821, -118.05290156857922 38.53392682891124))"
53W,2019-06-01 22:55:00+00:00,2019-06-02 00:55:00+00:00,0.0,40000.0,"POLYGON ((-121.38217271682413 37.51924564450489, -119.55264010524334 34.8333551847733, -119.71793586674744 34.72076161822181, -121.54746847832823 37.406652077953396, -121.38217271682413 37.51924564450489))"
75E,2019-06-01 22:55:00+00:00,2019-06-02 00:55:00+00:00,0.0,45000.0,"POLYGON ((-74.70620980050678 42.74642768285031, -76.49258298406278 40.83182560861951, -80.21 41.32910686720919, -80.29 42.02, -79.37968607107968 42.650823066051515, -74.70620980050678 42.74642768285031))"
82E,2019-06-01 22:55:00+00:00,2019-06-02 00:55:00+00:00,0.0,45000.0,"POLYGON ((-85.40577969570982 43.359251808692186, -84.56394833959956 43.176053826981416, -82.67309857406248 41.671740042729745, -82.59 40.48273791147278, -86.32 41.43726208852722, -85.40577969570982 43.359251808692186))"
78E,2019-06-01 22:55:00+00:00,2019-06-02 00:55:00+00:00,0.0,45000.0,"POLYGON ((-80.814149796856 28.729986895242956, -80.12795919197538 28.44805318334086, -80.34661313410825 27.372516492034247, -81.35531693024825 27.35898047564628, -81.6895093311028 28.412219359328287, -80.814149796856 28.729986895242956))"
12C,2019-06-01 22:55:00+00:00,2019-06-02 00:55:00+00:00,0.0,45000.0,"POLYGON ((-99.71667682371923 34.839228059388795, -96.79883718980902 34.08210751330618, -96.31009169360146 32.61321286290881, -97.76990830639855 32.61321286290881, -100.29 34.20363104426361, -99.71667682371923 34.839228059388795))"
14C,2019-06-01 22:55:00+00:00,2019-06-02 00:55:00+00:00,0.0,45000.0,"POLYGON ((-87.18049446240185 43.16433574246689, -86.04 42.837262088527226, -87.27153813506374 41.517716271355646, -89.11319393066236 42.135492146415736, -87.18049446240185 43.16433574246689))"
13C,2019-06-01 22:55:00+00:00,2019-06-02 00:55:00+00:00,0.0,45000.0,"POLYGON ((-103.54874212777925 33.90974659870893, -102.75620520094249 31.41092192134128, -103.65316869019985 30.914484631810687, -105.41655717074562 33.33745759080962, -103.54874212777925 33.90974659870893))"
16C,2019-06-01 22:55:00+00:00,2019-06-02 00:55:00+00:00,0.0,45000.0,"POLYGON ((-93.35271878407029 39.53928381200256, -93.33 38.025475822945566, -95.44113868723264 37.62087097863539, -95.54949252698144 38.26523641987832, -93.35271878407029 39.53928381200256))"
48W,2019-06-01 22:55:00+00:00,2019-06-02 00:55:00+00:00,0.0,41000.0,"POLYGON ((-116.21 45.102737911472786, -113.08984690984083 43.63768906662325, -114.49000000000001 42.81273791147279, -116.56494884319652 44.15462696540662, -116.21 45.102737911472786))"
49W,2019-06-01 22:55:00+00:00,2019-06-02 00:55:00+00:00,0.0,45000.0,"POLYGON ((-117.15136459742787 48.78915578496535, -113.69500976832612 48.97751581819096, -117.15175038089605 44.36753677505409, -119.31558160681878 44.3843915389342, -117.15136459742787 48.78915578496535))"
52W,2019-06-01 22:55:00+00:00,2019-06-02 00:55:00+00:00,0.0,40000.0,"POLYGON ((-119.33270506455855 38.91471955330803, -118.75404930596478 38.820622203482024, -118.20428666500027 36.791146702245406, -118.53239696704968 35.669672174557775, -120.56449425536334 38.75421460047063, -119.33270506455855 38.91471955330803))"
54W,2019-06-01 22:55:00+00:00,2019-06-02 00:55:00+00:00,0.0,42000.0,"POLYGON ((-116.96611954777003 42.586447643509366, -113.45326689805222 42.156980707477075, -114.09920907081855 41.344325563403906, -116.92 41.40184477868197, -116.96611954777003 42.586447643509366))"
47W,2019-06-01 22:55:00+00:00,2019-06-02 00:55:00+00:00,0.0,42000.0,"POLYGON ((-114.5744282164072 40.98181048942194, -113.78688945535066 38.719023877543414, -115.30837836747374 39.65202544875053, -117.49747774474108 39.49261588178384, -117.3239223965548 40.44196258594127, -114.5744282164072 40.98181048942194))"
50W,2019-06-01 22:55:00+00:00,2019-06-02 00:55:00+00:00,0.0,42000.0,"POLYGON ((-110.13215834311701 41.58464093410364, -111.4569331909439 39.00577822371747, -112.7552103391543 38.83862735786729, -111.35345935961936 41.31887429150946, -110.13215834311701 41.58464093410364))"
ROMEO 3,2019-06-01 23:16:00+00:00,2019-06-02 03:20:00+00:00,0.0,46000.0,"POLYGON ((-174.5 29.5, -172.1 29, -176.4 27, -174.5 29.5))"
87E,2019-06-01 23:55:00+00:00,2019-06-02 01:55:00+00:00,0.0,45000.0,"POLYGON ((-80.88315622320106 28.705210130387602, -79.91008345194146 28.189927036944724, -80.03820491847607 27.513292766566742, -81.53149137504136 27.064048828846378, -81.40289808172143 28.406419380177454, -80.88315622320106 28.705210130387602))"
92E,2019-06-01 23:55:00+00:00,2019-06-02 01:55:00+00:00,0.0,45000.0,"POLYGON ((-90.02790686508826 29.976404037338856, -89.66427050145188 29.976404037338856, -89.66427050145188 29.61276767370249, -90.02790686508826 29.61276767370249, -90.02790686508826 29.976404037338856))"
90E,2019-06-01 23:55:00+00:00,2019-06-02 01:55:00+00:00,0.0,40000.0,"POLYGON ((-76.65464300198896 35.324095364645906, -76.29414701755915 34.33990408480639, -77.34467818989373 34.34887812875677, -77.4971723365465 34.65611680134689, -76.65464300198896 35.324095364645906))"
88E,2019-06-01 23:55:00+00:00,2019-06-02 01:55:00+00:00,0.0,44000.0,"POLYGON ((-75.32 42.63828375768358, -73.40624960043696 42.74932559379928, -74.31849430525362 41.47048705325776, -74.94869624556527 41.37596120298991, -75.32 42.63828375768358))"
86E,2019-06-01 23:55:00+00:00,2019-06-02 01:55:00+00:00,0.0,39000.0,"POLYGON ((-85.85278918228488 30.111781474355727, -84.70445597556143 30.092840146821096, -84.7947855299627 29.464283461005582, -85.40680506073709 29.47570172355367, -85.85278918228488 30.111781474355727))"
89E,2019-06-01 23:55:00+00:00,2019-06-02 01:55:00+00:00,0.0,43000.0,"POLYGON ((-77.11910117771632 40.53168623283641, -77.02089882228367 40.35745564600539, -78.78089882228367 39.36545907005913, -78.87910117771632 39.53968965689015, -77.11910117771632 40.53168623283641))"
85E,2019-06-01 23:55:00+00:00,2019-06-02 01:55:00+00:00,0.0,45000.0,"POLYGON ((-80.08885813132983 41.193684134384846, -80.03748516533187 41.00039466657925, -82.83260594829127 40.257500361093626, -82.88397891428923 40.450789828899225, -80.08885813132983 41.193684134384846))"
27C,2019-06-01 23:55:00+00:00,2019-06-02 01:55:00+00:00,0.0,45000.0,"POLYGON ((-92.90349995239337 38.5867063524257, -92.99342104423924 37.47017328014338, -95.03252644505605 37.10455723485144, -95.3373858800176 37.9903229881252, -92.90349995239337 38.5867063524257))"
28C,2019-06-01 23:55:00+00:00,2019-06-02 01:55:00+00:00,0.0,45000.0,"POLYGON ((-89.73197228959936 40.01336942851551, -89.73737144869067 38.85764865265398, -92.22 39.09914187884179, -91.62739196151126 39.73883167153767, -89.73197228959936 40.01336942851551))"
21C,2019-06-01 23:55:00+00:00,2019-06-02 01:55:00+00:00,0.0,41000.0,"POLYGON ((-101.14906992606264 37.625233000721636, -100.51270628969901 37.625233000721636, -100.51270628969901 36.988869364357996, -101.14906992606264 36.988869364357996, -101.14906992606264 37.625233000721636))"
22C,2019-06-01 23:55:00+00:00,2019-06-02 01:55:00+00:00,0.0,45000.0,"POLYGON ((-101.87556141447195 37.03655904578317, -101.0098041930244 35.79950469048305, -101.39014709668095 35.085288711557666, -105.74411992472173 33.72221624639352, -106.61826945538108 34.6391344033074, -101.87556141447195 37.03655904578317))"
30C,2019-06-01 23:55:00+00:00,2019-06-02 01:55:00+00:00,0.0,45000.0,"POLYGON ((-105.00784447217525 42.6956519690231, -103.48 41.45628718173732, -104.22982949090316 40.79982517863846, -105.27234050392572 42.14053569417373, -105.00784447217525 42.6956519690231))"
57W,2019-06-01 23:55:00+00:00,2019-06-02 01:55:00+00:00,0.0,43000.0,"POLYGON ((-122.54843432814617 42.36878137552645, -120.58486772127438 42.356409473417806, -120.51 41.33343248463285, -122.67916298319851 40.90057282066308, -122.54843432814617 42.36878137552645))"
59W,2019-06-01 23:55:00+00:00,2019-06-02 01:55:00+00:00,0.0,38000.0,"POLYGON ((-120.35047741364627 39.30665460025506, -118.62594519482415 39.1934585481311, -117.91093089059639 38.26704831607979, -118.10848392652076 37.88886479818808, -120.81171173609219 38.437683724748574, -120.35047741364627 39.30665460025506))"
61W,2019-06-01 23:55:00+00:00,2019-06-02 01:55:00+00:00,0.0,39000.0,"POLYGON ((-120.135565775815 36.108688928380275, -119.67485983991942 34.685366230292075, -119.8651401600806 34.62377564854971, -120.32584609597617 36.04709834663791, -120.135565775815 36.108688928380275))"
58W,2019-06-01 23:55:00+00:00,2019-06-02 01:55:00+00:00,0.0,42000.0,"POLYGON ((-112.65055768118523 40.33691490303691, -110.83114036624352 40.35918904512813, -111.57591955607842 39.29626796505682, -112.77343818691072 39.095248543862205, -112.65055768118523 40.33691490303691))"
56W,2019-06-01 23:55:00+00:00,2019-06-02 01:55:00+00:00,0.0,39000.0,"POLYGON ((-115.74132035787666 44.769041570122596, -113.00098591813409 43.48428676683007, -113.2872004281082 42.39766260020412, -116.02736889650382 43.66752550174524, -115.74132035787666 44.769041570122596))"
91E,2019-06-01 23:55:00+00:00,2019-06-02 01:55:00+00:00,0.0,45000.0,"POLYGON ((-85.2377699692068 43.25081684307184, -84.34144908653901 43.06858609154893, -82.26074809124734 41.5466036890189, -83.41876727940074 40.75890748899042, -86.06573078268006 41.30860390915242, -85.2377699692068 43.25081684307184))"
84E,2019-06-01 23:55:00+00:00,2019-06-02 01:55:00+00:00,0.0,45000.0,"POLYGON ((-78.65 42.93, -75.47815759026645 41.94225069547075, -76.11809856202825 40.579172487495605, -80.00666713657141 40.89348824716137, -80.29 42.02, -78.65 42.93))"
26C,2019-06-01 23:55:00+00:00,2019-06-02 01:55:00+00:00,0.0,45000.0,"POLYGON ((-103.6153768928511 40.159184688771326, -102.30300924458399 39.858959688514, -102.09505085193331 37.727931947387354, -105.01903798140656 38.47952913989913, -103.6153768928511 40.159184688771326))"
23C,2019-06-01 23:55:00+00:00,2019-06-02 01:55:00+00:00,0.0,45000.0,"POLYGON ((-99.42756672791393 35.07282674386123, -96.79883718980902 34.08210751330618, -96.31009169360146 32.61321286290881, -97.76990830639855 32.61321286290881, -100.4437041883118 34.06249408633919, -99.42756672791393 35.07282674386123))"
29C,2019-06-01 23:55:00+00:00,2019-06-02 01:55:00+00:00,0.0,39000.0,"POLYGON ((-106.69966467634637 36.64088674229378, -107.25292157216242 35.39215408557408, -107.68963213003379 35.74275021196774, -107.79729343060323 36.50435992294133, -106.69966467634637 36.64088674229378))"
25C,2019-06-01 23:55:00+00:00,2019-06-02 01:55:00+00:00,0.0,45000.0,"POLYGON ((-86.49622147564845 43.16909367012427, -85.41302663153157 42.943672015512654, -85.63422839537706 42.11609099768799, -88.74038900812754 40.780704950474195, -88.57149525852827 41.988043363982484, -86.49622147564845 43.16909367012427))"
24C,2019-06-01 23:55:00+00:00,2019-06-02 01:55:00+00:00,0.0,45000.0,"POLYGON ((-103.07049022705152 34.03866862920351, -102.08089813488336 31.265222523867294, -103.12799862609442 30.64250592863918, -104.84984790747454 33.80090320216795, -103.07049022705152 34.03866862920351))"
60W,2019-06-01 23:55:00+00:00,2019-06-02 01:55:00+00:00,0.0,42000.0,"POLYGON ((-118.78009761521623 36.875469644973315, -117.58829306960652 35.17680099875936, -118.43 34.76184477868196, -119.52676228054315 36.64435809271963, -118.78009761521623 36.875469644973315))"
55W,2019-06-01 23:55:00+00:00,2019-06-02 01:55:00+00:00,0.0,40000.0,"POLYGON ((-117.45159377948188 42.7165730657032, -114.49000000000001 41.98089313279082, -115.46220711864117 39.76896483283822, -118.45774431180492 39.905824893868704, -117.45159377948188 42.7165730657032))"
1E,2019-06-02 00:55:00+00:00,2019-06-02 02:55:00+00:00,,,"POLYGON ((-75.53034586610002 42.08708654136991, -77.0573020925099 40.52457163958139, -77.03123791204152 40.5437512532754, -77.25077676990199 40.43171497787235, -77.29070052610496 40.39470431643243, -78.20873852169298 38.88913806516727, -76.91426250255259 40.38478724951995, -75.38730627614271 41.94730215130848, -77.15986554088144 40.2535713604229, -76.94032668302097 40.36560763582595, -78.0379797802665 38.78501577059765, -77.11994178467847 40.29058202186281, -75.53034586610002 42.08708654136991))"
7E,2019-06-02 00:55:00+00:00,2019-06-02 02:55:00+00:00,0.0,41000.0,"POLYGON ((-73.5594849115475 43.75266260232146, -72.67953093221145 43.68907084411805, -74.00716462530497 41.23474927262628, -74.61353370354668 41.203542786915285, -74.76566862332099 42.46757974434928, -73.5594849115475 43.75266260232146))"
5E,2019-06-02 00:55:00+00:00,2019-06-02 02:55:00+00:00,0.0,43000.0,"POLYGON ((-79.91008345194146 28.189927036944724, -80.03820491847607 27.513292766566742, -81.32132621948037 26.938173812553245, -81.34 27.96171624231642, -80.67811737096318 28.080571262213187, -79.91008345194146 28.189927036944724))"
3E,2019-06-02 00:55:00+00:00,2019-06-02 02:55:00+00:00,0.0,45000.0,"POLYGON ((-83.23175972702568 42.312144182023175, -82.95795026185064 41.90257928805079, -81.77637298490549 41.28641037170461, -82.23994576528116 40.26012323311447, -85.54443946951464 41.0901075488669, -83.23175972702568 42.312144182023175))"
7C,2019-06-02 00:55:00+00:00,2019-06-02 02:55:00+00:00,0.0,45000.0,"POLYGON ((-103.5583336230642 40.15938433879807, -102.22221709780152 39.797699676011305, -101.27978387418648 37.918721191456214, -104.64264097159281 38.69050698890986, -103.5583336230642 40.15938433879807))"
1C,2019-06-02 00:55:00+00:00,2019-06-02 02:55:00+00:00,0.0,45000.0,"POLYGON ((-84.00385974354755 43.3964085705106, -83.23175972702568 42.312144182023175, -85.54443946951464 41.0901075488669, -87.59873130548809 40.724771155993594, -86.31939756895085 42.965205192177635, -84.00385974354755 43.3964085705106))"
5W,2019-06-02 00:55:00+00:00,2019-06-02 02:55:00+00:00,0.0,45000.0,"POLYGON ((-120.59716662290194 39.526237300065134, -118.62594519482415 39.1934585481311, -117.91093089059639 38.26704831607979, -118.10848392652076 37.88886479818808, -120.81171173609219 38.437683724748574, -120.59716662290194 39.526237300065134))"
4W,2019-06-02 00:55:00+00:00,2019-06-02 02:55:00+00:00,0.0,42000.0,"POLYGON ((-112.68393979688257 40.62655689005667, -110.83114036624352 40.35918904512813, -111.57591955607842 39.29626796505682, -113.37641244689588 39.573420056680405, -112.68393979688257 40.62655689005667))"
6E,2019-06-02 00:55:00+00:00,2019-06-02 02:55:00+00:00,,,"POLYGON ((-88.40692478263081 30.65084982092874, -89.84731599999954 29.68912334747622, -90.08993326727709 29.75331040939114, -88.31307521736919 30.47423651706914, -89.77481505261333 29.6974906827219, -90.0387809377663 29.9466583837421, -89.79616367048875 29.88247132182718, -89.86866461787496 29.8741039865815, -88.40692478263081 30.65084982092874))"
3W,2019-06-02 00:55:00+00:00,2019-06-02 02:55:00+00:00,,,"POLYGON ((-120.1604975182226 42.6962692138338, -122.0460569016287 40.36085760361899, -124.0249193520715 40.41196726417832, -120.4857990363055 42.53622429668746, -121.9612419495088 40.40392322757756, -120.1589561446275 42.4962751535034, -120.5672613828049 42.49312830548284, -124.0197555144254 40.61190059001662, -122.0408930639826 40.56079092945729, -122.1257080161026 40.51772530549871, -120.6502651028993 42.65002637460861, -120.5688027564 42.69312236581324, -120.1604975182226 42.6962692138338))"
4E,2019-06-02 00:55:00+00:00,2019-06-02 02:55:00+00:00,0.0,45000.0,"POLYGON ((-76.55987715820574 34.78869940334471, -75.8551517234846 34.333495027530304, -77.12757501072767 34.093090724269146, -77.44072004121696 34.702173615973486, -76.55987715820574 34.78869940334471))"
2E,2019-06-02 00:55:00+00:00,2019-06-02 02:55:00+00:00,0.0,43000.0,"POLYGON ((-78.3910712470834 42.46859227790217, -77.99 40.587262088527226, -82.18706691382552 40.2766357000423, -81.76529787099429 41.26626402472676, -78.3910712470834 42.46859227790217))"
6C,2019-06-02 00:55:00+00:00,2019-06-02 02:55:00+00:00,0.0,45000.0,"POLYGON ((-101.54622759834001 36.847605391390196, -100.60475853423235 35.74960267118773, -101.35258392531152 35.05437850051448, -105.32887894529699 33.926192836898785, -105.14 35.16089313279082, -101.54622759834001 36.847605391390196))"
2C,2019-06-02 00:55:00+00:00,2019-06-02 02:55:00+00:00,0.0,45000.0,"POLYGON ((-90.48214243740559 39.59259528345068, -89.19815581004606 38.8529941574701, -93.33 38.025475822945566, -93.75153378812225 38.967478339823195, -90.48214243740559 39.59259528345068))"
3C,2019-06-02 00:55:00+00:00,2019-06-02 02:55:00+00:00,0.0,45000.0,"POLYGON ((-92.58411493592274 37.94586936792441, -92.75134151621953 37.167589140200334, -95.04087034843353 36.85248369685842, -95.2 37.659106867209175, -92.58411493592274 37.94586936792441))"
8C,2019-06-02 00:55:00+00:00,2019-06-02 02:55:00+00:00,0.0,44000.0,"POLYGON ((-104.9132320507295 43.08186648893285, -102.81022909703415 41.40728547923866, -103.18377291151427 41.03615375533715, -106.74859294091132 41.653767063541366, -104.9132320507295 43.08186648893285))"
5C,2019-06-02 00:55:00+00:00,2019-06-02 02:55:00+00:00,0.0,45000.0,"POLYGON ((-102.99394073140549 34.19249361784232, -102.08089813488336 31.265222523867294, -103.95 29.96726208852722, -104.46811717052833 33.03249774846025, -102.99394073140549 34.19249361784232))"
4C,2019-06-02 00:55:00+00:00,2019-06-02 02:55:00+00:00,0.0,45000.0,"POLYGON ((-99.05581319254978 34.911354228350376, -96.42879864896054 33.953102457971305, -95.94671552983252 32.48324125542623, -98.35792696959226 32.03738773806416, -100.29 33.70452417705443, -99.05581319254978 34.911354228350376))"
2W,2019-06-02 00:55:00+00:00,2019-06-02 02:55:00+00:00,0.0,41000.0,"POLYGON ((-115.65 46.461786265581644, -113.10159742928764 46.170916408529116, -115.76495902292088 43.6765470639503, -116.35199748286853 43.43224488167085, -115.65 46.461786265581644))"
1W,2019-06-02 00:55:00+00:00,2019-06-02 02:55:00+00:00,0.0,40000.0,"POLYGON ((-117.45159377948188 42.7165730657032, -114.49000000000001 41.98089313279082, -115.46220711864117 39.76896483283822, -118.45774431180492 39.905824893868704, -117.45159377948188 42.7165730657032))"
6W,2019-06-02 00:55:00+00:00,2019-06-02 02:55:00+00:00,0.0,40000.0,"POLYGON ((-118.78009761521623 36.875469644973315, -117.58829306960652 35.17680099875936, -118.43 34.76184477868196, -119.52676228054315 36.64435809271963, -118.78009761521623 36.875469644973315))"
14E,2019-06-02 01:55:00+00:00,2019-06-02 03:55:00+00:00,0.0,39000.0,"POLYGON ((-88.58727272727273 30.234418030168257, -88.13272727272727 30.234418030168257, -88.13272727272727 29.779872575622804, -88.58727272727273 29.779872575622804, -88.58727272727273 30.234418030168257))"
10E,2019-06-02 01:55:00+00:00,2019-06-02 03:55:00+00:00,0.0,45000.0,"POLYGON ((-83.23175972702568 42.312144182023175, -82.95795026185064 41.90257928805079, -81.77637298490549 41.28641037170461, -82.23994576528116 40.26012323311447, -85.54443946951464 41.0901075488669, -83.23175972702568 42.312144182023175))"
8E,2019-06-02 01:55:00+00:00,2019-06-02 03:55:00+00:00,0.0,44000.0,"POLYGON ((-75.68042774094923 42.170086536176726, -74.96082616318564 41.94878968283984, -75.82510945730185 40.31277675353977, -77.54207020688996 39.49864683718111, -78.48021085542406 40.20882297307548, -75.68042774094923 42.170086536176726))"
9E,2019-06-02 01:55:00+00:00,2019-06-02 03:55:00+00:00,0.0,40000.0,"POLYGON ((-78.76009128658026 42.0787871232914, -79.80655192755513 40.52261422599058, -82.23994576528116 40.26012323311447, -81.77637298490549 41.28641037170461, -78.76009128658026 42.0787871232914))"
15C,2019-06-02 01:55:00+00:00,2019-06-02 03:55:00+00:00,0.0,45000.0,"POLYGON ((-102.65697790868556 39.992847152478575, -100.87077597748907 38.18704855782013, -101.40521315607383 37.696768908801516, -103.90606572677103 38.697746390683385, -102.65697790868556 39.992847152478575))"
9C,2019-06-02 01:55:00+00:00,2019-06-02 03:55:00+00:00,0.0,45000.0,"POLYGON ((-82.90357320136515 43.31517821732844, -82.72 42.681716242316426, -85.54443946951464 41.0901075488669, -86.32 41.19171624231643, -85.0800102943879 43.095916243087466, -82.90357320136515 43.31517821732844))"
10W,2019-06-02 01:55:00+00:00,2019-06-02 03:55:00+00:00,0.0,42000.0,"POLYGON ((-113.40690071448608 40.84011231428387, -110.6681314077607 40.54766696095994, -111.46949006830488 39.62732957538513, -113.37641244689588 39.573420056680405, -113.40690071448608 40.84011231428387))"
9W,2019-06-02 01:55:00+00:00,2019-06-02 03:55:00+00:00,0.0,45000.0,"POLYGON ((-121.23196126456567 42.266429963322366, -121.53927519244567 40.31919203830062, -121.97351259290701 39.89523999013765, -122.90999999999998 41.612574363474636, -121.23196126456567 42.266429963322366))"
11W,2019-06-02 01:55:00+00:00,2019-06-02 03:55:00+00:00,0.0,44000.0,"POLYGON ((-120.84058657630048 39.568364575123944, -120.20422293993686 39.568364575123944, -120.20422293993686 38.932000938760304, -120.84058657630048 38.932000938760304, -120.84058657630048 39.568364575123944))"
12E,2019-06-02 01:55:00+00:00,2019-06-02 03:55:00+00:00,0.0,41000.0,"POLYGON ((-79.44494193474968 28.058076368529584, -79.69379427792553 27.032371714733443, -81.09129487440971 26.783011200950792, -81.18265758450679 27.423611960799473, -80.63419626374355 27.987335060327325, -79.44494193474968 28.058076368529584))"
13E,2019-06-02 01:55:00+00:00,2019-06-02 03:55:00+00:00,0.0,44000.0,"POLYGON ((-74.92783876104926 43.53497988146811, -75.94011424964255 42.69858992060998, -76.6205495781995 43.03189559904449, -76.2 43.65910686720917, -74.92783876104926 43.53497988146811))"
15E,2019-06-02 01:55:00+00:00,2019-06-02 03:55:00+00:00,0.0,43000.0,"POLYGON ((-80.47200189893154 36.6286469969386, -79.54151919271371 36.40212488567535, -80.95 35.689106867209176, -81.54859154875358 35.96802465736739, -80.47200189893154 36.6286469969386))"
11E,2019-06-02 01:55:00+00:00,2019-06-02 03:55:00+00:00,0.0,39000.0,"POLYGON ((-76.37158947890458 34.850221536084156, -75.8551517234846 34.333495027530304, -77.16250051869676 33.759758054480585, -77.06397185013083 34.34735883021229, -76.37158947890458 34.850221536084156))"
16C,2019-06-02 01:55:00+00:00,2019-06-02 03:55:00+00:00,0.0,42000.0,"POLYGON ((-86.25766199518847 40.81182761934112, -85.19857798225982 39.714983416177276, -85.68217108371086 39.5274648292536, -87.23683959673106 40.25246995648002, -86.25766199518847 40.81182761934112))"
14C,2019-06-02 01:55:00+00:00,2019-06-02 03:55:00+00:00,0.0,45000.0,"POLYGON ((-100.34473040215371 37.03835951549176, -100.19368851586664 35.72476941049912, -101.03712892851827 34.62239869812676, -103.7689686731065 34.17814746467652, -104.35456901420822 35.432329150294336, -100.34473040215371 37.03835951549176))"
10C,2019-06-02 01:55:00+00:00,2019-06-02 03:55:00+00:00,0.0,45000.0,"POLYGON ((-90.15008780344714 39.474357431332706, -88.93527199690422 38.30616917082372, -92.92533376287905 38.12783820977569, -93.01182656569132 39.0619990367889, -90.15008780344714 39.474357431332706))"
12C,2019-06-02 01:55:00+00:00,2019-06-02 03:55:00+00:00,0.0,45000.0,"POLYGON ((-98.59 34.655475822945576, -96.42879864896054 33.953102457971305, -95.65720841777913 32.09841439108952, -98.17598765774108 31.97513444044588, -100.29 33.53815522131804, -98.59 34.655475822945576))"
11C,2019-06-02 01:55:00+00:00,2019-06-02 03:55:00+00:00,0.0,45000.0,"POLYGON ((-95.2 37.659106867209175, -92.55386366427547 37.61213474549222, -92.74166054174377 36.88797672824774, -93.54681645824778 36.439634020808136, -95.2 36.9936310442636, -95.2 37.659106867209175))"
13C,2019-06-02 01:55:00+00:00,2019-06-02 03:55:00+00:00,0.0,45000.0,"POLYGON ((-102.84 33.66815522131804, -102.46607336090584 29.873048685196448, -103.29545604096907 28.915027596438687, -103.43936785031084 29.223074664958702, -104.77188282947168 33.03249774846025, -102.84 33.66815522131804))"
8W,2019-06-02 01:55:00+00:00,2019-06-02 03:55:00+00:00,0.0,43000.0,"POLYGON ((-114.91379282519472 46.22796581314498, -113.10159742928764 46.170916408529116, -114.41149193260645 44.7842379827714, -115.75553556237563 45.53763123065735, -114.91379282519472 46.22796581314498))"
12W,2019-06-02 01:55:00+00:00,2019-06-02 03:55:00+00:00,0.0,45000.0,"POLYGON ((-120.13584346766154 36.264761261927326, -117.97287123136702 35.09275158010101, -118.43 34.76184477868196, -120.87230443539717 36.06957696665508, -120.13584346766154 36.264761261927326))"
7W,2019-06-02 01:55:00+00:00,2019-06-02 03:55:00+00:00,0.0,36000.0,"POLYGON ((-114.83195571313408 41.86466928864445, -113.92881309035948 41.037287094312966, -118.85995139343662 39.78192956871375, -119.65999999999998 40.52821373441835, -114.83195571313408 41.86466928864445))"
ECHO 5,2019-06-02 02:15:00+00:00,2019-06-02 06:15:00+00:00,0.0,41000.0,"POLYGON ((-60.45 42.15, -58.45 40.45, -68.3 34, -71.45 37.3, -60.45 42.15))"
FOXTROT 1,2019-06-02 02:40:00+00:00,2019-06-02 06:40:00+00:00,0.0,46000.0,"POLYGON ((-55.3 20.45, -54.3 19.45, -56 18, -60 18, -55.3 20.45))"
23E,2019-06-02 02:55:00+00:00,2019-06-02 04:55:00+00:00,0.0,44000.0,"POLYGON ((-88.86541913712189 40.273565875065444, -87.07541913712187 40.37071117796097, -87.06458086287812 40.171005064355455, -88.85458086287814 40.07385976145993, -88.86541913712189 40.273565875065444))"
20E,2019-06-02 02:55:00+00:00,2019-06-02 04:55:00+00:00,0.0,35000.0,"POLYGON ((-80.09 27.113712818262687, -79.97569403524858 26.577727176276053, -81.18170436555835 26.75005045068664, -81.20614069567004 27.0399853224657, -80.09 27.113712818262687))"
17E,2019-06-02 02:55:00+00:00,2019-06-02 04:55:00+00:00,0.0,32000.0,"POLYGON ((-79.50155813572545 41.04913684554356, -79.91985862291918 40.295370442216075, -82.1869522968645 40.45598428370117, -81.85 40.986287181737325, -79.50155813572545 41.04913684554356))"
19E,2019-06-02 02:55:00+00:00,2019-06-02 04:55:00+00:00,0.0,44000.0,"POLYGON ((-74.72 44.042574363474635, -75.32 42.49371281826268, -75.92064783713498 42.95520531105482, -75.81656901027051 43.82719488810415, -74.72 44.042574363474635))"
16E,2019-06-02 02:55:00+00:00,2019-06-02 04:55:00+00:00,0.0,38000.0,"POLYGON ((-74.781710517389 41.892765694885746, -75.39092537030233 40.04537363582763, -77.32564308395055 39.38883807236919, -78.42958253793424 40.01262677438189, -75.5421531915045 41.659086606546516, -74.781710517389 41.892765694885746))"
21E,2019-06-02 02:55:00+00:00,2019-06-02 04:55:00+00:00,0.0,39000.0,"POLYGON ((-80.58359474965482 36.43292277051488, -80.03814020420029 36.43292277051488, -80.03814020420029 35.88746822506033, -80.58359474965482 35.88746822506033, -80.58359474965482 36.43292277051488))"
18E,2019-06-02 02:55:00+00:00,2019-06-02 04:55:00+00:00,0.0,45000.0,"POLYGON ((-84.15071753860275 42.2073530003219, -82.95795026185064 41.90257928805079, -82.04279173390432 41.41983908558856, -86.0920448026525 39.719848466656636, -87.07 40.27085812115821, -84.15071753860275 42.2073530003219))"
22E,2019-06-02 02:55:00+00:00,2019-06-02 04:55:00+00:00,0.0,43000.0,"POLYGON ((-88.58727272727273 30.089847090747362, -88.13272727272727 30.089847090747362, -88.13272727272727 29.63530163620191, -88.58727272727273 29.63530163620191, -88.58727272727273 30.089847090747362))"
20C,2019-06-02 02:55:00+00:00,2019-06-02 04:55:00+00:00,0.0,45000.0,"POLYGON ((-98.21877741773034 34.296124390011755, -96.5256563788426 33.987014576918014, -95.47172138213695 31.80457801614191, -97.60969514046441 31.659550111256635, -99.86 33.20285469710447, -98.21877741773034 34.296124390011755))"
19C,2019-06-02 02:55:00+00:00,2019-06-02 04:55:00+00:00,0.0,45000.0,"POLYGON ((-100.37850317087013 36.504940412176076, -100.15286608045734 35.80542452821307, -100.77641558135112 34.53501315298544, -102.90702431973023 34.36641556023102, -103.66779999270538 35.3135472516008, -100.37850317087013 36.504940412176076))"
15W,2019-06-02 02:55:00+00:00,2019-06-02 04:55:00+00:00,0.0,42000.0,"POLYGON ((-122.008495414914 42.19983359618924, -121.65208721622793 41.16705561029948, -122.7778103277362 40.507668724149404, -123.35442573440604 41.67773820233682, -122.008495414914 42.19983359618924))"
14W,2019-06-02 02:55:00+00:00,2019-06-02 04:55:00+00:00,0.0,45000.0,"POLYGON ((-120.84058657630048 39.568364575123944, -120.20422293993686 39.568364575123944, -120.20422293993686 38.932000938760304, -120.84058657630048 38.932000938760304, -120.84058657630048 39.568364575123944))"
22C,2019-06-02 02:55:00+00:00,2019-06-02 04:55:00+00:00,0.0,40000.0,"POLYGON ((-103.70359009285356 43.977902230126254, -104.08898824825036 42.9643416481319, -104.9132320507295 43.08186648893285, -104.39708218538034 43.9716095242887, -103.70359009285356 43.977902230126254))"
17C,2019-06-02 02:55:00+00:00,2019-06-02 04:55:00+00:00,0.0,45000.0,"POLYGON ((-89.8862376273111 39.04949877690833, -88.81457530882359 37.92529427799425, -93.00694185673542 37.974381778266675, -93.0739939041142 38.80689172102783, -89.8862376273111 39.04949877690833))"
18C,2019-06-02 02:55:00+00:00,2019-06-02 04:55:00+00:00,0.0,45000.0,"POLYGON ((-102.30300924458399 39.858959688514, -100.34099126669213 37.79202598332345, -100.97061458787023 37.45863975787392, -103.01683329184915 38.81436827016613, -102.30300924458399 39.858959688514))"
21C,2019-06-02 02:55:00+00:00,2019-06-02 04:55:00+00:00,0.0,45000.0,"POLYGON ((-102.99394073140549 34.19249361784232, -102.33596110422867 34.05219171842209, -102.98 30.284524177054436, -103.72773069111052 30.760926845791154, -104.42085707406103 33.33984109557656, -102.99394073140549 34.19249361784232))"
13W,2019-06-02 02:55:00+00:00,2019-06-02 04:55:00+00:00,0.0,40000.0,"POLYGON ((-113.59118690964054 41.037287094312966, -111.54012121172728 40.849164562671724, -111.64641260862722 40.23469760465051, -113.14339213107891 40.25779063214721, -113.59118690964054 41.037287094312966))"
GOLF 1,2019-06-02 03:15:00+00:00,2019-06-02 07:15:00+00:00,0.0,42000.0,"POLYGON ((-69.15 33.3, -69.15 32, -74.45 30, -73.45 32.3, -69.15 33.3))"
25E,2019-06-02 03:55:00+00:00,2019-06-02 05:55:00+00:00,0.0,33000.0,"POLYGON ((-79.32371419792628 41.10324113845687, -79.6728924287414 40.41984197031648, -81.8887556136497 40.36918829628012, -81.85 40.986287181737325, -79.32371419792628 41.10324113845687))"
26E,2019-06-02 03:55:00+00:00,2019-06-02 05:55:00+00:00,0.0,44000.0,"POLYGON ((-83.7603669480917 42.2093382354685, -81.71388965000901 41.317692631611195, -86.0920448026525 39.719848466656636, -86.66816602525084 40.25262089282099, -83.7603669480917 42.2093382354685))"
24E,2019-06-02 03:55:00+00:00,2019-06-02 05:55:00+00:00,0.0,38000.0,"POLYGON ((-75.5421531915045 41.659086606546516, -74.76150569474639 41.47048705325776, -75.18289701452927 39.8175669047344, -76.84771158415764 39.3976978961151, -77.67459038803561 39.719236515655346, -75.5421531915045 41.659086606546516))"
24C,2019-06-02 03:55:00+00:00,2019-06-02 05:55:00+00:00,0.0,45000.0,"POLYGON ((-101.69 39.823712818262685, -99.88662192346968 37.64036108468282, -99.88 36.91828375768358, -102.69 38.922854697104476, -101.69 39.823712818262685))"
27C,2019-06-02 03:55:00+00:00,2019-06-02 05:55:00+00:00,0.0,45000.0,"POLYGON ((-104.62 34.06285469710448, -102.84 34.066287181737316, -102.85133868903137 30.682804008643735, -103.75697335811306 30.700556777148986, -104.81959256462906 33.74053894696897, -104.62 34.06285469710448))"
23C,2019-06-02 03:55:00+00:00,2019-06-02 05:55:00+00:00,0.0,45000.0,"POLYGON ((-89.73737144869067 38.85764865265398, -88.43530424837627 37.70676821432096, -91.5084309466767 37.66310045552905, -91.70697479977561 38.64290231880947, -89.73737144869067 38.85764865265398))"
17W,2019-06-02 03:55:00+00:00,2019-06-02 05:55:00+00:00,0.0,40000.0,"POLYGON ((-121.51169851998537 39.425474858551006, -120.87533488362175 39.425474858551006, -120.87533488362175 38.789111222187366, -121.51169851998537 38.789111222187366, -121.51169851998537 39.425474858551006))"
18W,2019-06-02 03:55:00+00:00,2019-06-02 05:55:00+00:00,0.0,42000.0,"POLYGON ((-123.00997718028962 41.75928151948883, -122.81002281971034 41.755009086302216, -122.84074762726469 40.317055821707314, -123.04070198784397 40.32132825489393, -123.00997718028962 41.75928151948883))"
27E,2019-06-02 03:55:00+00:00,2019-06-02 05:55:00+00:00,0.0,42000.0,"POLYGON ((-74.1890975044118 43.98652801331375, -74.42987726063586 42.93927736286389, -75.28773344737031 43.15637605948843, -74.72 44.07815522131805, -74.1890975044118 43.98652801331375))"
26C,2019-06-02 03:55:00+00:00,2019-06-02 05:55:00+00:00,0.0,45000.0,"POLYGON ((-97.98804611641441 33.988534277029245, -96.60414113318079 33.73813637090367, -96.01829175236584 31.967975343489222, -97.81285059182453 31.849851312657627, -99.49507320044479 32.60680696138301, -97.98804611641441 33.988534277029245))"
25C,2019-06-02 03:55:00+00:00,2019-06-02 05:55:00+00:00,0.0,45000.0,"POLYGON ((-100.17120908726011 36.10436511593336, -100.2713519717044 35.570835321443745, -100.66186686368482 34.24210414978185, -102.7098788589485 33.69742265598809, -102.84 34.167262088527224, -100.17120908726011 36.10436511593336))"
16W,2019-06-02 03:55:00+00:00,2019-06-02 05:55:00+00:00,0.0,41000.0,"POLYGON ((-113.76 41.39547582294556, -111.36864778131088 41.039388777418665, -111.67005622050186 40.614303180443514, -113.35511233852992 40.601958600514514, -113.76 41.39547582294556))"
SIERRA 1,2019-06-02 04:39:00+00:00,2019-06-02 08:40:00+00:00,0.0,55000.0,"POLYGON ((-175.4 9.3, -169.2 2.5, -178.3 7.1, -175.4 9.3))"
32C,2019-06-02 04:55:00+00:00,2019-06-02 06:55:00+00:00,,,"POLYGON ((-100.1900017830054 34.48223504551742, -100.2648764908917 34.21738844664565, -104.3482022971476 33.15751958458029, -100.3899982169946 34.48104072915067, -100.3899982169946 34.31358389814961, -104.3984493153642 33.35110480395496, -100.3151235091083 34.41097366602032, -100.1900017830054 34.31477821451636, -100.1900017830054 34.48223504551742))"
29E,2019-06-02 04:55:00+00:00,2019-06-02 06:55:00+00:00,0.0,37000.0,"POLYGON ((-78.83 39.886287181737316, -77.32674532200323 39.61013524948714, -77.43555420367564 39.16601560490579, -78.55611242824965 38.859298935931726, -78.83 39.886287181737316))"
28E,2019-06-02 04:55:00+00:00,2019-06-02 06:55:00+00:00,0.0,38000.0,"POLYGON ((-73.04849978261414 41.82879203625116, -73.77 40.9191418788418, -74.54 41.07, -74.31849430525362 41.47048705325776, -73.04849978261414 41.82879203625116))"
32E,2019-06-02 04:55:00+00:00,2019-06-02 06:55:00+00:00,0.0,31000.0,"POLYGON ((-75.68 40.58, -74.05354482864784 39.819391714234854, -75.51 38.92828375768357, -77.4491164550835 40.29938128036955, -75.68 40.58))"
30E,2019-06-02 04:55:00+00:00,2019-06-02 06:55:00+00:00,0.0,42000.0,"POLYGON ((-83.73002220299182 42.09878672858431, -79.6791090996 40.99475961284973, -80.06434995619085 40.562775948774046, -82.1869522968645 40.45598428370117, -86.10649114194888 39.664545908559106, -83.73002220299182 42.09878672858431))"
29C,2019-06-02 04:55:00+00:00,2019-06-02 06:55:00+00:00,0.0,40000.0,"POLYGON ((-101.17276220013258 39.22287887806798, -99.46359483039151 37.14067747100759, -100.83088810788082 37.307051182539816, -102.40630805240409 38.733924384156296, -101.17276220013258 39.22287887806798))"
19W,2019-06-02 04:55:00+00:00,2019-06-02 06:55:00+00:00,0.0,38000.0,"POLYGON ((-111.9076851100792 42.364699542859334, -111.75924183399326 41.25048869176169, -113.4893659432955 40.934138680901484, -113.76 41.45285469710447, -111.9076851100792 42.364699542859334))"
20W,2019-06-02 04:55:00+00:00,2019-06-02 06:55:00+00:00,0.0,42000.0,"POLYGON ((-123.00938622248796 41.62363685774898, -122.810613777512 41.601511869200294, -123.01012877609395 39.809055163956984, -123.20890122106991 39.83118015250567, -123.00938622248796 41.62363685774898))"
31E,2019-06-02 04:55:00+00:00,2019-06-02 06:55:00+00:00,0.0,42000.0,"POLYGON ((-74.72 44.410893132790825, -73.37648775664289 44.08625634664606, -73.71308308340424 42.903672061567484, -75.05969216832543 43.15433772319874, -74.72 44.410893132790825))"
34C,2019-06-02 04:55:00+00:00,2019-06-02 06:55:00+00:00,0.0,45000.0,"POLYGON ((-102.49236913390017 32.624461259451536, -101.28052733829858 32.32509051735136, -103.05411766677551 30.79627398033277, -104.21948059165639 31.86624586750035, -102.49236913390017 32.624461259451536))"
28C,2019-06-02 04:55:00+00:00,2019-06-02 06:55:00+00:00,0.0,45000.0,"POLYGON ((-90.72371069023767 38.398631362713516, -88.20959791255359 38.28206844692847, -88.08020189528952 37.314745089157235, -91.00406609322698 37.412800292515804, -90.72371069023767 38.398631362713516))"
30C,2019-06-02 04:55:00+00:00,2019-06-02 06:55:00+00:00,0.0,45000.0,"POLYGON ((-98.02558437379773 33.51814707253503, -96.73466284966891 33.48444916676013, -95.44230764160324 31.82990200716841, -99.86 32.14726208852721, -98.02558437379773 33.51814707253503))"
31C,2019-06-02 04:55:00+00:00,2019-06-02 06:55:00+00:00,0.0,42000.0,"POLYGON ((-99.44384175109117 35.986284371093056, -99.355382525289 34.68478507578556, -101.64 34.62452417705442, -102.39560253367048 35.5423195980979, -99.44384175109117 35.986284371093056))"
33C,2019-06-02 04:55:00+00:00,2019-06-02 06:55:00+00:00,0.0,45000.0,"POLYGON ((-104.50079729095692 31.41810928881679, -104.32163299457008 31.06799951168673, -105.10610886694528 30.29491902146374, -105.45558689169123 31.1114966014891, -104.50079729095692 31.41810928881679))"
21W,2019-06-02 04:55:00+00:00,2019-06-02 06:55:00+00:00,0.0,37000.0,"POLYGON ((-122.24000000000001 39.60089313279082, -120.65183515119149 39.20744250335287, -121.1582178990468 38.31201391284784, -122.41311209437579 39.04686497215859, -122.24000000000001 39.60089313279082))"
39C,2019-06-02 05:55:00+00:00,2019-06-02 07:55:00+00:00,0.0,45000.0,"POLYGON ((-103.92092711470447 31.86818567323311, -102.19 31.43171624231642, -104.95464150901105 30.296163190556964, -105.68175973122321 31.30746434356681, -103.92092711470447 31.86818567323311))"
37C,2019-06-02 05:55:00+00:00,2019-06-02 07:55:00+00:00,0.0,45000.0,"POLYGON ((-97.283988814063 33.0742174826618, -95.53870998362365 32.14091744057267, -97.03032524555952 31.4553217977527, -99.51724502122754 32.479535570212605, -97.283988814063 33.0742174826618))"
23W,2019-06-02 05:55:00+00:00,2019-06-02 07:55:00+00:00,0.0,32000.0,"POLYGON ((-123.6232402462308 40.89174283311404, -123.42330753484002 40.88655525989242, -123.45717394501943 39.581320052025546, -123.6571066564102 39.586507625247165, -123.6232402462308 40.89174283311404))"
22W,2019-06-02 05:55:00+00:00,2019-06-02 07:55:00+00:00,0.0,38000.0,"POLYGON ((-111.66375028090263 42.86576738561137, -111.5524616605835 41.91986810206635, -113.39124478082573 41.397247202912986, -111.66375028090263 42.86576738561137))"
34E,2019-06-02 05:55:00+00:00,2019-06-02 07:55:00+00:00,0.0,35000.0,"POLYGON ((-73.96853101963717 44.68623005541638, -72.60475510589156 44.35702812428521, -73.06984652495214 42.96898560878177, -73.95133601273042 43.017032903724626, -73.96853101963717 44.68623005541638))"
33E,2019-06-02 05:55:00+00:00,2019-06-02 07:55:00+00:00,0.0,44000.0,"POLYGON ((-80.13135561953948 42.1375315133798, -79.8029447529701 40.95661871338455, -84.04 39.62452417705443, -86.06370552768773 39.71979932625709, -82.48209985097718 41.88883991015347, -80.13135561953948 42.1375315133798))"
38C,2019-06-02 05:55:00+00:00,2019-06-02 07:55:00+00:00,0.0,45000.0,"POLYGON ((-98.82454753749143 35.39382082439066, -98.36087830660472 33.52867273131372, -100.22389573225274 32.35214309648804, -102.93810216928784 32.484463205926325, -103.10978829769306 33.6942011661749, -98.82454753749143 35.39382082439066))"
40C,2019-06-02 05:55:00+00:00,2019-06-02 07:55:00+00:00,0.0,45000.0,"POLYGON ((-103.23975445537546 30.04341571680442, -103.95 29.301786265581644, -104.76170478121573 29.59165150205673, -104.83722919037305 29.978674224827614, -103.23975445537546 30.04341571680442))"
41C,2019-06-02 05:55:00+00:00,2019-06-02 07:55:00+00:00,0.0,37000.0,"POLYGON ((-103.79148699236346 39.68782336505307, -103.67445330677421 38.87578954720673, -105.1855466932258 38.87578954720673, -105.26841418125247 39.337843197327956, -103.79148699236346 39.68782336505307))"
36C,2019-06-02 05:55:00+00:00,2019-06-02 07:55:00+00:00,0.0,35000.0,"POLYGON ((-100.03130705471717 39.32349790677202, -99.26309816025429 37.73803213023493, -100.58423310165523 37.1667092916066, -101.85403800745225 39.082474833154116, -100.03130705471717 39.32349790677202))"
35C,2019-06-02 05:55:00+00:00,2019-06-02 07:55:00+00:00,0.0,45000.0,"POLYGON ((-86.78144685493582 38.24428950742302, -88.29107470635843 36.83910745709351, -90.82074681221022 37.19796031819995, -89.90556695461525 38.28437682959165, -86.78144685493582 38.24428950742302))"
ECHO 6,2019-06-02 06:10:00+00:00,2019-06-02 10:10:00+00:00,0.0,45000.0,"POLYGON ((-57.3 43.45, -57 41, -66.3 34.3, -70.45 37.45, -65 42, -57.3 43.45))"
GOLF 2,2019-06-02 06:20:00+00:00,2019-06-02 10:20:00+00:00,0.0,43000.0,"POLYGON ((-67.3 35, -65.15 33, -73.15 28, -75.3 30.15, -67.3 35))"
SIERRA 2,2019-06-02 06:36:00+00:00,2019-06-02 10:40:00+00:00,0.0,55000.0,"POLYGON ((-174.1 8, -171 3.3, -178.2 6.5, -174.1 8))"
36E,2019-06-02 06:55:00+00:00,2019-06-02 08:55:00+00:00,0.0,31000.0,"POLYGON ((-73.69938489357926 44.9054547049903, -72.01378170990536 44.76906201791453, -72.45 43.36714530289553, -73.15554638304542 43.576681560025555, -73.69938489357926 44.9054547049903))"
35E,2019-06-02 06:55:00+00:00,2019-06-02 08:55:00+00:00,0.0,43000.0,"POLYGON ((-79.67118116885041 41.82733526884612, -79.16709525079398 40.934332703823294, -82.13066240709514 39.79616819855009, -85.15653474602617 39.3720343731024, -85.63112665266155 39.71819396748576, -79.67118116885041 41.82733526884612))"
43C,2019-06-02 06:55:00+00:00,2019-06-02 08:55:00+00:00,0.0,35000.0,"POLYGON ((-99.58540500434296 39.25822327103064, -98.60348769629788 38.60753164193625, -100.53498946653418 37.98350581410518, -99.58540500434296 39.25822327103064))"
46C,2019-06-02 06:55:00+00:00,2019-06-02 08:55:00+00:00,0.0,45000.0,"POLYGON ((-104.62 32.341786265581646, -102.96365808459836 31.634419848072888, -103.51659516035193 30.75789165190176, -104.66394439850333 30.552729073728983, -105.319388312423 30.992904093485127, -104.62 32.341786265581646))"
42C,2019-06-02 06:55:00+00:00,2019-06-02 08:55:00+00:00,0.0,45000.0,"POLYGON ((-88.3927624638255 37.92830588633819, -87.44378093391809 36.39224488726232, -90.21641862118754 36.695973531165265, -90.01981742385827 37.6698135177331, -88.3927624638255 37.92830588633819))"
44C,2019-06-02 06:55:00+00:00,2019-06-02 08:55:00+00:00,0.0,38000.0,"POLYGON ((-96.4898091672525 33.05979627395309, -95.44230764160324 31.82990200716841, -96.48818392904685 31.657616916745877, -98.59087818783965 32.0279606345741, -96.4898091672525 33.05979627395309))"
45C,2019-06-02 06:55:00+00:00,2019-06-02 08:55:00+00:00,0.0,45000.0,"POLYGON ((-101.35090834952706 35.52493765759384, -98.41638819607472 35.39725360267512, -98.59 33.324524177054435, -99.70956832239567 32.17250074110116, -102.47253701512264 33.22816109639338, -101.35090834952706 35.52493765759384))"
47C,2019-06-02 06:55:00+00:00,2019-06-02 08:55:00+00:00,0.0,45000.0,"POLYGON ((-104.66024554462456 30.04341571680442, -103.1382952187843 29.59165150205673, -104.46063214968918 29.223074664958702, -104.66024554462456 30.04341571680442))"
24W,2019-06-02 06:55:00+00:00,2019-06-02 08:55:00+00:00,0.0,38000.0,"POLYGON ((-111.74203063912321 42.86641264462645, -111.829433354684 42.00732474088561, -113.23668804106505 41.609094681751884, -113.34828171273288 42.196495871658506, -111.74203063912321 42.86641264462645))"
49C,2019-06-02 07:55:00+00:00,2019-06-02 09:55:00+00:00,0.0,35000.0,"POLYGON ((-99.48315261301511 39.25761486340047, -97.8058440578394 38.92985266947581, -98.27236412608542 38.417042801723795, -99.87609156117847 38.59163125214122, -99.48315261301511 39.25761486340047))"
51C,2019-06-02 07:55:00+00:00,2019-06-02 09:55:00+00:00,0.0,45000.0,"POLYGON ((-98.09912217801237 34.99006335088877, -97.52911164414667 33.27795762192466, -99.66411842057006 32.079149805587576, -102.43131376271666 33.69890524005939, -98.09912217801237 34.99006335088877))"
50C,2019-06-02 07:55:00+00:00,2019-06-02 09:55:00+00:00,0.0,38000.0,"POLYGON ((-96.3514981567029 32.868114272403076, -95.34579882627537 31.379786708582994, -98.05693125775515 31.934211071424663, -96.3514981567029 32.868114272403076))"
37E,2019-06-02 07:55:00+00:00,2019-06-02 09:55:00+00:00,0.0,40000.0,"POLYGON ((-79.12 42.19, -78.36468275225583 40.67199231482545, -83.01981883374182 39.06416854423543, -85.46345015843964 39.60572541569292, -79.12 42.19))"
52C,2019-06-02 07:55:00+00:00,2019-06-02 09:55:00+00:00,0.0,45000.0,"POLYGON ((-103.69439313310157 32.791422556980784, -102.74211076466533 31.53824102870433, -103.95 29.301786265581644, -106.20519673969874 31.666273245701333, -103.69439313310157 32.791422556980784))"
48C,2019-06-02 07:55:00+00:00,2019-06-02 09:55:00+00:00,0.0,40000.0,"POLYGON ((-88.0006467716323 37.46863966968255, -87.7100097957465 36.13559036143849, -89.47805046428353 36.32730621299748, -89.26325254141153 37.34771408685742, -88.0006467716323 37.46863966968255))"
54C,2019-06-02 08:55:00+00:00,2019-06-02 10:55:00+00:00,0.0,37000.0,"POLYGON ((-98.30893073251731 39.14927805804594, -97.88206855098076 38.725252434459854, -98.81530805359228 38.53661455586639, -99.48315261301511 39.25761486340047, -98.30893073251731 39.14927805804594))"
58C,2019-06-02 08:55:00+00:00,2019-06-02 10:55:00+00:00,0.0,38000.0,"POLYGON ((-104.04229401361651 36.21051310667024, -100.75443095885441 35.28677275673162, -101.29193443667263 34.209599003554594, -103.16457008450739 34.61022084702218, -104.60619875874079 35.658822183906025, -104.04229401361651 36.21051310667024))"
38E,2019-06-02 08:55:00+00:00,2019-06-02 10:55:00+00:00,0.0,43000.0,"POLYGON ((-78.14085341092009 41.81728366793409, -80.1 39.57547582294556, -82.48478120439444 39.10204291119678, -84.94745909376465 39.480854076909495, -79.66124660883013 41.54771446584152, -78.14085341092009 41.81728366793409))"
53C,2019-06-02 08:55:00+00:00,2019-06-02 10:55:00+00:00,0.0,31000.0,"POLYGON ((-87.76 37.09815522131804, -87.63549639063797 36.454544372483575, -88.56230734955713 35.762947663952644, -88.43939985241126 36.722635914783176, -87.76 37.09815522131804))"
57C,2019-06-02 08:55:00+00:00,2019-06-02 10:55:00+00:00,0.0,45000.0,"POLYGON ((-103.69439313310157 32.791422556980784, -102.75620520094249 31.41092192134128, -103.23975445537546 30.04341571680442, -103.95 29.96726208852722, -105.88841112764798 31.81940048805411, -103.69439313310157 32.791422556980784))"
56C,2019-06-02 08:55:00+00:00,2019-06-02 10:55:00+00:00,0.0,45000.0,"POLYGON ((-97.83299103328152 34.93866126814074, -97.26860022383958 33.330906963436576, -98.54011334103812 32.099380884246195, -100.40545680671474 32.28782345440256, -101.72538531206963 33.636196037840115, -97.83299103328152 34.93866126814074))"
55C,2019-06-02 08:55:00+00:00,2019-06-02 10:55:00+00:00,0.0,30000.0,"POLYGON ((-96.81376517569211 32.40868157310378, -95.29509642113297 32.22782617150699, -95.44040800762237 31.41266170720523, -97.11990547873978 31.967321951099766, -96.81376517569211 32.40868157310378))"
ECHO 7,2019-06-02 09:50:00+00:00,2019-06-02 13:50:00+00:00,0.0,40000.0,"POLYGON ((-56.3 44, -55.45 41.45, -66.15 35, -69.3 36.45, -65.45 42.15, -56.3 44))"
40E,2019-06-02 09:55:00+00:00,2019-06-02 11:55:00+00:00,,,"POLYGON ((-84.43035460104981 30.29195654817691, -86.34066434003924 30.65158864002797, -86.3661368843823 30.65307163189382, -86.8357507054412 30.62025178143627, -86.37766605976765 30.45504125964059, -84.46735632077822 30.09540916778954, -86.82180733648349 30.4207384173172, -86.35219351542459 30.45355826777475, -84.43035460104981 30.29195654817691))"
39E,2019-06-02 09:55:00+00:00,2019-06-02 11:55:00+00:00,0.0,43000.0,"POLYGON ((-78.83 40.89828375768357, -77.99 40.92, -79.43835595266572 39.41927494885524, -81.63506270807082 39.05601822218216, -78.83 40.89828375768357))"
60C,2019-06-02 09:55:00+00:00,2019-06-02 11:55:00+00:00,0.0,45000.0,"POLYGON ((-103.24000000000001 32.737425636525366, -103.24 31.87, -104.33766193836976 31.100825697057036, -105.01374322133951 32.53798077277447, -103.24000000000001 32.737425636525366))"
61C,2019-06-02 09:55:00+00:00,2019-06-02 11:55:00+00:00,0.0,37000.0,"POLYGON ((-102.27019580697561 35.79950469048305, -100.45171119610688 34.3145687387046, -102.51542991549262 34.61022084702218, -103.94126031116461 35.847353411821636, -102.27019580697561 35.79950469048305))"
59C,2019-06-02 09:55:00+00:00,2019-06-02 11:55:00+00:00,0.0,43000.0,"POLYGON ((-97.54116281019098 34.08210751330618, -97.4200945212602 31.967321951099766, -102.19 31.843631044263606, -100.98966684848821 33.378251633396644, -97.54116281019098 34.08210751330618))"
GOLF 3,2019-06-02 10:10:00+00:00,2019-06-02 14:10:00+00:00,0.0,45000.0,"POLYGON ((-68 36, -63.3 33.3, -66.3 29, -71.3 26, -75.15 29.45, -68 36))"
SIERRA 3,2019-06-02 10:22:00+00:00,2019-06-02 14:30:00+00:00,0.0,53000.0,"POLYGON ((-175.4 9.4, 179.1 6.2, -170.4 4.2, -175.4 9.4))"
41E,2019-06-02 10:55:00+00:00,2019-06-02 12:55:00+00:00,,,"POLYGON ((-78.15796409691208 40.918166281702, -78.97747656614786 40.24241299588254, -78.97859483128319 40.2414771169575, -80.31716325275515 39.10452821524144, -78.85023857573916 40.08810650283458, -78.03072610650338 40.76385978865405, -80.18768873207578 38.95209348004355, -78.84912031060382 40.08904238175962, -78.15796409691208 40.918166281702))"
63C,2019-06-02 10:55:00+00:00,2019-06-02 12:55:00+00:00,0.0,42000.0,"POLYGON ((-103.98211250294061 33.11706903776575, -102.6428551108059 30.949562495703823, -103.75697335811306 30.700556777148986, -104.81776435789757 32.939144731615464, -103.98211250294061 33.11706903776575))"
64C,2019-06-02 10:55:00+00:00,2019-06-02 12:55:00+00:00,0.0,39000.0,"POLYGON ((-103.6 35.61371281826268, -102.01715572178986 35.59609667057669, -100.6402998637039 34.36950101367681, -102.96419537166975 34.60216428255083, -103.6 35.61371281826268))"
62C,2019-06-02 10:55:00+00:00,2019-06-02 12:55:00+00:00,0.0,45000.0,"POLYGON ((-97.41663140627001 34.005298847284045, -96.90407975220508 33.67544806268543, -97.42701263184196 31.715228794593692, -101.22986228824497 31.091015800502575, -102.87767125668796 32.17616781074921, -97.41663140627001 34.005298847284045))"
42E,2019-06-02 10:55:00+00:00,2019-06-02 12:55:00+00:00,0.0,45000.0,"POLYGON ((-83.94229171860809 30.046444963365285, -84.86113196711594 29.3230706897234, -87.70271283051545 29.344999420502862, -88.0656003938633 30.114848192734076, -83.94229171860809 30.046444963365285))"
43E,2019-06-02 11:55:00+00:00,2019-06-02 13:55:00+00:00,0.0,38000.0,"POLYGON ((-77.99 40.92, -77.21565932566708 40.567041126885904, -79.17107240924433 38.90631950483797, -80.1 39.054570939420884, -77.99 40.92))"
66C,2019-06-02 11:55:00+00:00,2019-06-02 13:55:00+00:00,0.0,45000.0,"POLYGON ((-99.7943188687343 32.61354908221985, -100.11135744313253 31.369555192271704, -100.77171072674204 30.7017676424564, -101.55841723994762 32.22973554176726, -99.7943188687343 32.61354908221985))"
65C,2019-06-02 11:55:00+00:00,2019-06-02 13:55:00+00:00,0.0,40000.0,"POLYGON ((-97.30508637802286 33.40398534612547, -96.93030485953557 31.659550111256635, -98.24549608152638 30.991413935956988, -98.32475639242821 33.45545042611089, -97.30508637802286 33.40398534612547))"
44E,2019-06-02 11:55:00+00:00,2019-06-02 13:55:00+00:00,0.0,42000.0,"POLYGON ((-85.0609642775784 30.143408025938317, -84.86113196711594 29.3230706897234, -87.40991619648305 29.290904068838216, -87.04779526586864 30.060955930196414, -85.0609642775784 30.143408025938317))"
68C,2019-06-02 11:55:00+00:00,2019-06-02 13:55:00+00:00,0.0,33000.0,"POLYGON ((-102.39560253367048 35.5423195980979, -99.86421887406017 34.01634008118133, -100.59629659483629 33.75479823389349, -103.17007394678548 34.82631749860719, -102.39560253367048 35.5423195980979))"
67C,2019-06-02 11:55:00+00:00,2019-06-02 13:55:00+00:00,0.0,45000.0,"POLYGON ((-104.06683713325606 33.529774487790505, -102.826012448463 31.51640717749893, -103.36797830218022 30.949420618964208, -104.77188282947168 33.03249774846025, -104.06683713325606 33.529774487790505))"
69C,2019-06-02 11:55:00+00:00,2019-06-02 13:55:00+00:00,0.0,41000.0,"POLYGON ((-100.68631369014213 43.466550143163985, -100.31068958789426 42.80483513812383, -101.34532166323301 42.56201319189036, -102.2005932144076 43.388922083153396, -100.68631369014213 43.466550143163985))"
25W,2019-06-02 12:55:00+00:00,2019-06-02 14:55:00+00:00,0.0,33000.0,"POLYGON ((-110.31969377620868 37.88954107246239, -110.27604897103771 36.83642061141046, -110.4758774371166 36.82813905693291, -110.51952224228756 37.881259517984844, -110.31969377620868 37.88954107246239))"
46E,2019-06-02 13:22:00+00:00,2019-06-02 14:55:00+00:00,,,"POLYGON ((-83.09918458414252 29.70313089219529, -83.05 29.48836211266596, -86.68 30.27181056332978, -88.23607898241576 30.47209123112246, -83.09918458414252 29.70313089219529))"
45E,2019-06-02 13:22:00+00:00,2019-06-02 14:55:00+00:00,0.0,38000.0,"POLYGON ((-76.81171029273379 41.50418907519457, -77.07 40.3, -78.54202070422784 39.7853769324327, -77.61388217948685 41.398800397483924, -76.81171029273379 41.50418907519457))"
71C,2019-06-02 13:26:00+00:00,2019-06-02 14:55:00+00:00,0.0,45000.0,"POLYGON ((-98.83176335860159 32.475820289140486, -99.82 31.033712818262682, -100.76249752271063 31.258971372398964, -100.49177322296119 32.25712182242798, -98.83176335860159 32.475820289140486))"
73C,2019-06-02 13:26:00+00:00,2019-06-02 14:55:00+00:00,0.0,41000.0,"POLYGON ((-100.618278403968 43.587678963841576, -100.53553909960893 42.73468287047953, -101.26740517433872 42.95020635421908, -100.618278403968 43.587678963841576))"
72C,2019-06-02 13:26:00+00:00,2019-06-02 14:55:00+00:00,0.0,45000.0,"POLYGON ((-101.70956229128718 34.10053675341801, -99.2326847047168 33.76702845269419, -103.24 31.87, -104.48795661822659 33.072797826186644, -101.70956229128718 34.10053675341801))"
70C,2019-06-02 13:26:00+00:00,2019-06-02 14:55:00+00:00,0.0,40000.0,"POLYGON ((-97.3453371503311 33.48444916676013, -96.87908695166502 31.659404218433295, -97.63066312875567 31.53215948732113, -97.3453371503311 33.48444916676013))"
GOLF 4,2019-06-02 13:35:00+00:00,2019-06-02 17:35:00+00:00,0.0,45000.0,"POLYGON ((-66 37, -62.3 33, -65.15 28.3, -71.45 26.15, -75 29.45, -66 37))"
ECHO 8,2019-06-02 13:40:00+00:00,2019-06-02 17:40:00+00:00,0.0,35000.0,"POLYGON ((-64 42, -61.3 39.15, -65.45 37, -67.15 38, -64 42))"
74C,2019-06-02 13:55:00+00:00,2019-06-02 15:55:00+00:00,0.0,45000.0,"POLYGON ((-100.01843001627374 32.53522568792062, -99.13780923952976 31.86457325302035, -99.82 31.033712818262682, -100.76249752271063 31.258971372398964, -100.01843001627374 32.53522568792062))"
47E,2019-06-02 13:55:00+00:00,2019-06-02 15:55:00+00:00,0.0,42000.0,"POLYGON ((-82.9766655168741 29.753684716024097, -82.83132760546326 29.138706198859943, -85.43223124043838 28.08996728339089, -87.91977605708156 29.807027638847178, -82.9766655168741 29.753684716024097))"
76C,2019-06-02 13:55:00+00:00,2019-06-02 15:55:00+00:00,0.0,41000.0,"POLYGON ((-99.99 43.40184477868197, -100.19849698584433 42.50614424403033, -101.46136540063348 43.006294387347445, -99.99 43.40184477868197))"
75C,2019-06-02 13:55:00+00:00,2019-06-02 15:55:00+00:00,0.0,45000.0,"POLYGON ((-103.2124430189788 34.37210140749102, -99.32929551556148 33.73312081889757, -102.37113932059403 31.946204644350253, -104.3172910129764 32.72481277860241, -103.2124430189788 34.37210140749102))"
SIERRA 4,2019-06-02 14:23:00+00:00,2019-06-02 18:30:00+00:00,0.0,54000.0,"POLYGON ((-175.2 9.2, 178.2 6.4, -171 4, -175.2 9.2))"
49E,2019-06-02 14:55:00+00:00,2019-06-02 16:55:00+00:00,0.0,42000.0,"POLYGON ((-77.81350141226189 32.55308784499774, -76.4508455541353 31.62001212164349, -76.56384272961154 31.454992006704764, -77.92649858773812 32.388067730059014, -77.81350141226189 32.55308784499774))"
78C,2019-06-02 14:55:00+00:00,2019-06-02 16:55:00+00:00,0.0,45000.0,"POLYGON ((-101.70956229128718 34.10053675341801, -99.2326847047168 33.76702845269419, -102.25515021832634 31.87641721575553, -104.29138727300263 32.67173592822791, -101.70956229128718 34.10053675341801))"
48E,2019-06-02 14:55:00+00:00,2019-06-02 16:55:00+00:00,0.0,42000.0,"POLYGON ((-82.64267831160078 29.952299972303155, -82.5113144084344 29.128350165705992, -84.93326234313339 29.169065141989194, -82.64267831160078 29.952299972303155))"
77C,2019-06-02 14:55:00+00:00,2019-06-02 16:55:00+00:00,0.0,45000.0,"POLYGON ((-98.59087818783965 32.0279606345741, -100.45 30.87089313279082, -100.45 31.702737911472784, -98.59087818783965 32.0279606345741))"
79C,2019-06-02 14:55:00+00:00,2019-06-02 16:55:00+00:00,0.0,41000.0,"POLYGON ((-99.64074369604437 43.18429236797235, -99.5734327928392 42.44191134138946, -101.03886078499818 42.88356497299443, -99.64074369604437 43.18429236797235))"
26W,2019-06-02 14:55:00+00:00,2019-06-02 16:55:00+00:00,0.0,34000.0,"POLYGON ((-113.91551613459794 40.847536360431285, -112.5977047164892 40.37778367082961, -113.11403162374357 38.82787174325388, -113.77509381374269 39.29505777338911, -113.91551613459794 40.847536360431285))"
51E,2019-06-02 15:55:00+00:00,2019-06-02 17:55:00+00:00,0.0,42000.0,"POLYGON ((-76.8616100907585 32.5193688923875, -76.35414836039459 31.445956049006366, -76.53496084780485 31.360475967136285, -77.04242257816877 32.43388881051742, -76.8616100907585 32.5193688923875))"
50E,2019-06-02 15:55:00+00:00,2019-06-02 17:55:00+00:00,0.0,42000.0,"POLYGON ((-82.16333528032824 29.91538642345843, -81.86394697974804 28.34799481983138, -84.19800111149573 29.595060515582365, -82.16333528032824 29.91538642345843))"
80C,2019-06-02 15:55:00+00:00,2019-06-02 17:55:00+00:00,0.0,44000.0,"POLYGON ((-101.6791766169211 34.16090029316504, -98.59 33.324524177054435, -101.64733765109825 31.817844643112714, -103.9206318112755 32.74983416596098, -101.6791766169211 34.16090029316504))"
ECHO 9,2019-06-02 16:15:00+00:00,2019-06-02 20:15:00+00:00,0.0,35000.0,"POLYGON ((-61.3 42.3, -63.3 36.3, -65.3 37.15, -63.45 42.15, -61.3 42.3))"
GOLF 5,2019-06-02 16:15:00+00:00,2019-06-02 20:15:00+00:00,0.0,45000.0,"POLYGON ((-66 35, -62.15 31.3, -69 25.3, -77.3 30.3, -77.15 33, -70.45 30, -66 35))"
81C,2019-06-02 16:55:00+00:00,2019-06-02 18:55:00+00:00,0.0,45000.0,"POLYGON ((-100.29 33.791716242316426, -99.25061686533047 32.989668983335854, -101.56145958615454 31.78715024790566, -103.11975967565685 31.76771632659664, -100.29 33.791716242316426))"
27W,2019-06-02 16:55:00+00:00,2019-06-02 18:55:00+00:00,0.0,34000.0,"POLYGON ((-106.0120044987057 38.77746804465179, -107.31841787960236 37.350880265583946, -108.80042704092602 37.9121561742333, -106.0120044987057 38.77746804465179))"
52E,2019-06-02 17:15:00+00:00,2019-06-02 19:55:00+00:00,0.0,42000.0,"POLYGON ((-82.85668206253013 39.9452394489294, -77.32674532200323 39.61013524948714, -78.01219262052733 38.907046362735855, -83.22233068809669 38.35665362712361, -82.85668206253013 39.9452394489294))"
51E,2019-06-02 17:15:00+00:00,2019-06-02 18:55:00+00:00,0.0,30000.0,"POLYGON ((-81.34 28.82914187884179, -81.33149443847653 26.695272844460348, -82.68 27.91, -81.34 28.82914187884179))"
53E,2019-06-02 17:55:00+00:00,2019-06-02 19:55:00+00:00,0.0,45000.0,"POLYGON ((-82.66223883983609 40.01641140043317, -77.32674532200323 39.61013524948714, -79.24 37.97285469710447, -82.80978991596372 38.134036531995456, -82.66223883983609 40.01641140043317))"
85C,2019-06-02 17:55:00+00:00,2019-06-02 19:55:00+00:00,0.0,45000.0,"POLYGON ((-105.18288397038702 39.97480273590499, -105.00810806880229 36.7570527919393, -108.80042704092602 37.9121561742333, -107.58398701868092 39.65924092070402, -105.18288397038702 39.97480273590499))"
83C,2019-06-02 17:55:00+00:00,2019-06-02 19:55:00+00:00,0.0,40000.0,"POLYGON ((-100.29 33.791716242316426, -99.25061686533047 32.989668983335854, -101.56145958615454 31.78715024790566, -103.11975967565685 31.76771632659664, -100.29 33.791716242316426))"
84C,2019-06-02 17:55:00+00:00,2019-06-02 19:55:00+00:00,0.0,45000.0,"POLYGON ((-103.56374168753648 44.27186552440476, -103.2001053239001 44.27186552440476, -103.2001053239001 43.9082291607684, -103.56374168753648 43.9082291607684, -103.56374168753648 44.27186552440476))"
82C,2019-06-02 17:55:00+00:00,2019-06-02 19:55:00+00:00,0.0,45000.0,"POLYGON ((-93.33257202648845 32.93506973795141, -92.61945953560979 31.15771766109233, -93.72917442937873 30.35984690150953, -94.87096494264792 32.3177151081956, -93.33257202648845 32.93506973795141))"
29W,2019-06-02 17:55:00+00:00,2019-06-02 19:55:00+00:00,0.0,29000.0,"POLYGON ((-116.56750201235258 42.881544038403405, -115.31359548031914 41.86367193648339, -118.31518745984788 41.78773488753858, -116.56750201235258 42.881544038403405))"
30W,2019-06-02 17:55:00+00:00,2019-06-02 19:55:00+00:00,0.0,31000.0,"POLYGON ((-112.72453644367981 46.38607937512529, -111.34707904900122 44.70013696172611, -112.21 44.09, -115.73582095288629 45.57042486674276, -112.72453644367981 46.38607937512529))"
54E,2019-06-02 17:55:00+00:00,2019-06-02 19:55:00+00:00,0.0,30000.0,"POLYGON ((-81.48452624875601 28.23251377770355, -80.9643596681486 26.05306360301287, -81.63805945518715 26.222520056619746, -81.48452624875601 28.23251377770355))"
28W,2019-06-02 17:55:00+00:00,2019-06-02 19:55:00+00:00,0.0,39000.0,"POLYGON ((-114.85000000000001 40.131844778681966, -113.07427286850206 37.43279846685453, -114.71157582612034 37.63474007060306, -116.34252225525894 39.49261588178384, -114.85000000000001 40.131844778681966))"
ECHO 10,2019-06-02 18:55:00+00:00,2019-06-02 22:55:00+00:00,0.0,36000.0,"POLYGON ((-59.3 43.3, -61.15 40.45, -63 40.3, -62.45 42.45, -59.3 43.3))"
GOLF 6,2019-06-02 18:55:00+00:00,2019-06-02 22:55:00+00:00,0.0,46000.0,"POLYGON ((-62.3 37.3, -62 30, -68.15 26, -77.3 31, -76.3 32.15, -69.3 29.3, -62.3 37.3))"
56E,2019-06-02 18:55:00+00:00,2019-06-02 20:55:00+00:00,0.0,45000.0,"POLYGON ((-81.973498368477 30.17320795838266, -80.89235195713002 30.117248978038266, -80.5390983061433 26.84526824271553, -81.32458304495547 26.12036921315133, -81.973498368477 30.17320795838266))"
57E,2019-06-02 18:55:00+00:00,2019-06-02 20:55:00+00:00,0.0,43000.0,"POLYGON ((-79.02141890917714 34.10683826771119, -77.74231654340772 34.18262006841339, -77.73048806883557 33.98297015684492, -79.00959043460499 33.90718835614272, -79.02141890917714 34.10683826771119))"
86C,2019-06-02 18:55:00+00:00,2019-06-02 20:55:00+00:00,0.0,45000.0,"POLYGON ((-93.10547901554035 32.95278373972618, -93.30270786195348 30.540557683633594, -95.11207702058047 32.112800669471255, -93.10547901554035 32.95278373972618))"
90C,2019-06-02 18:55:00+00:00,2019-06-02 20:55:00+00:00,0.0,45000.0,"POLYGON ((-105.00203728862913 37.387262301078074, -104.819389226533 37.305778036262545, -105.27601276047801 36.28225031871659, -105.45866082257413 36.36373458353212, -105.00203728862913 37.387262301078074))"
91C,2019-06-02 18:55:00+00:00,2019-06-02 20:55:00+00:00,0.0,45000.0,"POLYGON ((-106.32305349738657 34.630076950865174, -104.86530754058118 33.54421319818416, -105.34907465205585 32.72450428861306, -106.32305349738657 34.630076950865174))"
87C,2019-06-02 18:55:00+00:00,2019-06-02 20:55:00+00:00,0.0,33000.0,"POLYGON ((-100.29 33.791716242316426, -99.25061686533047 32.989668983335854, -101.56145958615454 31.78715024790566, -103.11975967565685 31.76771632659664, -100.29 33.791716242316426))"
34W,2019-06-02 18:55:00+00:00,2019-06-02 20:55:00+00:00,0.0,43000.0,"POLYGON ((-110.3617384690557 43.49875846067181, -107.99778169534524 42.925335330064875, -109.48020739381064 39.27926864310407, -112.38356850826591 40.54261373001781, -110.3617384690557 43.49875846067181))"
32W,2019-06-02 18:55:00+00:00,2019-06-02 20:55:00+00:00,0.0,36000.0,"POLYGON ((-117.03148759031235 42.84161706282274, -113.070566645316 42.00732474088561, -117.17319351438604 41.03083928722977, -119.09805087960189 41.422481907909706, -117.03148759031235 42.84161706282274))"
55E,2019-06-02 18:55:00+00:00,2019-06-02 20:55:00+00:00,0.0,45000.0,"POLYGON ((-80.82 40.02, -75.29641016433625 39.81677790752794, -83.49314129594742 36.66787391746173, -83.80045586891734 38.31068550399571, -80.82 40.02))"
89C,2019-06-02 18:55:00+00:00,2019-06-02 20:55:00+00:00,0.0,45000.0,"POLYGON ((-107.16281320661902 41.776692039888474, -104.77 41.5427379114728, -105.52309688391408 37.5849107330875, -108.48114305074976 38.162072135308684, -107.16281320661902 41.776692039888474))"
88C,2019-06-02 18:55:00+00:00,2019-06-02 20:55:00+00:00,0.0,45000.0,"POLYGON ((-104.17049118984905 44.797664501554806, -102.58187911916829 44.10653514647325, -103.64874358719956 43.787217296060874, -104.17049118984905 44.797664501554806))"
33W,2019-06-02 18:55:00+00:00,2019-06-02 20:55:00+00:00,0.0,34000.0,"POLYGON ((-111.70781957374912 46.609744488378084, -111.17536874638107 44.377666988431095, -115.3453005599231 43.29221575460944, -115.66315566724184 45.69093846030251, -111.70781957374912 46.609744488378084))"
31W,2019-06-02 18:55:00+00:00,2019-06-02 20:55:00+00:00,0.0,39000.0,"POLYGON ((-114.23779288135884 39.76896483283822, -112.77683847155168 36.76680566180234, -118.65720741407773 37.290809480907924, -116.92 39.57178626558165, -114.23779288135884 39.76896483283822))"
60E,2019-06-02 19:55:00+00:00,2019-06-02 21:55:00+00:00,0.0,45000.0,"POLYGON ((-76.26929569276523 37.02354602813395, -75.84918020406344 36.14889446941725, -77.7869096597221 36.197869065021884, -76.26929569276523 37.02354602813395))"
62E,2019-06-02 19:55:00+00:00,2019-06-02 21:55:00+00:00,0.0,45000.0,"POLYGON ((-81.57401721258921 30.206418276454894, -80.89235195713002 30.117248978038266, -80.46373276400192 25.399186339543263, -81.32458304495547 26.12036921315133, -81.57401721258921 30.206418276454894))"
61E,2019-06-02 19:55:00+00:00,2019-06-02 21:55:00+00:00,0.0,43000.0,"POLYGON ((-77.8195530720536 34.31505206317943, -77.7866373921189 34.117779262179305, -78.65976863518118 33.97209415814106, -78.69268431511587 34.169366959141186, -77.8195530720536 34.31505206317943))"
58E,2019-06-02 19:55:00+00:00,2019-06-02 21:55:00+00:00,0.0,45000.0,"POLYGON ((-72.21539620974997 43.43884514816494, -72.04731026498985 43.330461038748034, -72.60595702761994 42.46409170297513, -72.77404297238006 42.572475812392035, -72.21539620974997 43.43884514816494))"
93C,2019-06-02 19:55:00+00:00,2019-06-02 21:55:00+00:00,0.0,45000.0,"POLYGON ((-103.3772613433895 44.10634323268512, -103.01362497975313 44.10634323268512, -103.01362497975313 43.74270686904876, -103.3772613433895 43.74270686904876, -103.3772613433895 44.10634323268512))"
96C,2019-06-02 19:55:00+00:00,2019-06-02 21:55:00+00:00,0.0,29000.0,"POLYGON ((-101.92748251525427 32.54399446102241, -100.45 31.65914187884179, -100.91846997966192 31.20317389669552, -101.92748251525427 32.54399446102241))"
95C,2019-06-02 19:55:00+00:00,2019-06-02 21:55:00+00:00,0.0,45000.0,"POLYGON ((-105.93714859018642 35.03680252576902, -104.62 33.77371281826269, -105.25788749705941 33.11706903776575, -108.0885059408504 34.415500891657715, -105.93714859018642 35.03680252576902))"
92C,2019-06-02 19:55:00+00:00,2019-06-02 21:55:00+00:00,0.0,45000.0,"POLYGON ((-93.1761940668858 32.54710413625029, -92.91729213804652 30.540557683633594, -94.94575319955527 32.01915015599876, -93.1761940668858 32.54710413625029))"
36W,2019-06-02 19:55:00+00:00,2019-06-02 21:55:00+00:00,0.0,39000.0,"POLYGON ((-117.14173802276332 42.80899856684481, -112.84030516583675 42.19933846752856, -114.30294318799815 41.13764070616779, -118.4611074867839 41.51993631459178, -117.14173802276332 42.80899856684481))"
59E,2019-06-02 19:55:00+00:00,2019-06-02 21:55:00+00:00,0.0,45000.0,"POLYGON ((-78.42757038849396 40.19196877535397, -74.43000000000002 39.986368955736395, -83.15841201732007 36.48599069648934, -83.30986735450715 38.74302164269356, -78.42757038849396 40.19196877535397))"
94C,2019-06-02 19:55:00+00:00,2019-06-02 21:55:00+00:00,0.0,43000.0,"POLYGON ((-106.61610309132362 43.69245457181577, -104.77 41.70910686720919, -104.63382758437344 36.02865213347176, -107.61893246499082 35.81683816158318, -108.95327694974151 38.75247617934097, -106.61610309132362 43.69245457181577))"
35W,2019-06-02 19:55:00+00:00,2019-06-02 21:55:00+00:00,0.0,43000.0,"POLYGON ((-109.28392154436364 44.161656861043, -108.03884895700877 42.99858681949768, -108.39538318683263 41.11774018630557, -111.89779288135885 39.76896483283822, -112.65727452674538 42.136146679421245, -109.28392154436364 44.161656861043))"
39W,2019-06-02 19:55:00+00:00,2019-06-02 21:55:00+00:00,0.0,32000.0,"POLYGON ((-113.40292265333531 46.6008025669861, -109.4979993872156 45.5519605380617, -109.15914296197778 44.88648877910101, -115.3453005599231 43.29221575460944, -113.40292265333531 46.6008025669861))"
37W,2019-06-02 19:55:00+00:00,2019-06-02 21:55:00+00:00,0.0,36000.0,"POLYGON ((-114.85766344865752 40.72480082703279, -112.62452247745999 38.30437650887359, -119.36620738851138 34.50933572841292, -117.83953046295571 39.86049025763161, -114.85766344865752 40.72480082703279))"
38W,2019-06-02 19:55:00+00:00,2019-06-02 21:55:00+00:00,0.0,38000.0,"POLYGON ((-117.14091032006843 45.30861974006429, -115.93879306063977 45.230795400052976, -119.47310304264957 42.16697907022537, -122.10487802645622 43.065401693484795, -117.14091032006843 45.30861974006429))"
67E,2019-06-02 20:55:00+00:00,2019-06-02 22:55:00+00:00,,,"POLYGON ((-85.5310345226795 35.05542633026565, -85.28170411440976 34.79637343658057, -84.51964116334406 33.79280028292801, -85.58626977135296 34.86320492848119, -85.22968057540243 34.76073822742842, -84.36035883665593 33.91375126640816, -85.12242178772163 34.91732442006073, -85.17444532672897 34.95295962921288, -85.5310345226795 35.05542633026565))"
68E,2019-06-02 20:55:00+00:00,2019-06-02 22:55:00+00:00,0.0,43000.0,"POLYGON ((-78.32401609874388 34.60965967440946, -77.51458554562329 34.33357136221953, -77.57915093500485 34.144279760467086, -78.38858148812544 34.42036807265701, -78.32401609874388 34.60965967440946))"
69E,2019-06-02 20:55:00+00:00,2019-06-02 22:55:00+00:00,0.0,40000.0,"POLYGON ((-81.8686136994872 30.43675104422634, -81.82143634435532 30.24239493507934, -83.21806201934763 29.903382666596546, -83.2652393744795 30.097738775743547, -81.8686136994872 30.43675104422634))"
66E,2019-06-02 20:55:00+00:00,2019-06-02 22:55:00+00:00,0.0,45000.0,"POLYGON ((-77.07 40.3, -76.28540961196441 39.719236515655346, -77.83825937868974 37.9077790614298, -82.13 36.44, -82.58611759403647 38.74868254204292, -77.07 40.3))"
64E,2019-06-02 20:55:00+00:00,2019-06-02 22:55:00+00:00,0.0,40000.0,"POLYGON ((-71.51005158253876 43.54345681187903, -71.3449315517423 43.43060569123872, -72.19315497387328 42.18951320770942, -72.35827500466974 42.30236432834973, -71.51005158253876 43.54345681187903))"
65E,2019-06-02 20:55:00+00:00,2019-06-02 22:55:00+00:00,0.0,45000.0,"POLYGON ((-74.54 40.780858121158225, -73.55260582949533 40.229097124121274, -74.45523811985984 39.210142532477526, -75.53489054269818 40.31277675353977, -74.54 40.780858121158225))"
63E,2019-06-02 20:55:00+00:00,2019-06-02 22:55:00+00:00,0.0,30000.0,"POLYGON ((-74.20986479936873 42.94915482200987, -74.11899387252792 42.77099064307625, -76.34831121806405 41.633948760562625, -76.43918214490486 41.81211293949624, -74.20986479936873 42.94915482200987))"
02C,2019-06-02 20:55:00+00:00,2019-06-02 22:55:00+00:00,0.0,45000.0,"POLYGON ((-92.67205185944219 32.29711938969625, -92.5 31.26, -93.9418522918887 30.88103521009135, -95.11207702058047 32.112800669471255, -92.67205185944219 32.29711938969625))"
40W,2019-06-02 20:55:00+00:00,2019-06-02 22:55:00+00:00,0.0,43000.0,"POLYGON ((-110.80658035861511 43.743540609105374, -110.11 42.58, -111.00002161047276 39.86011304947791, -112.11194401507616 39.60600505322672, -112.9894735114155 42.032759502825655, -110.80658035861511 43.743540609105374))"
70E,2019-06-02 20:55:00+00:00,2019-06-02 22:55:00+00:00,0.0,45000.0,"POLYGON ((-80.43158422428436 29.88648850803795, -79.94710725353906 26.987338198426425, -80.67083656346551 25.446556484941148, -81.24505398820223 29.417572682385824, -80.43158422428436 29.88648850803795))"
97C,2019-06-02 20:55:00+00:00,2019-06-02 22:55:00+00:00,0.0,45000.0,"POLYGON ((-104.50808163593683 45.02909258119478, -102.08523015002355 43.97627070091434, -103.3602929059045 43.36464192548287, -104.16593508946131 43.97417310994623, -104.50808163593683 45.02909258119478))"
01C,2019-06-02 20:55:00+00:00,2019-06-02 22:55:00+00:00,0.0,45000.0,"POLYGON ((-104.32143378759756 31.483421317719415, -103.39000368025322 30.596430960522778, -104.49241870126961 29.82831901421994, -105.45558689169123 31.1114966014891, -104.32143378759756 31.483421317719415))"
99C,2019-06-02 20:55:00+00:00,2019-06-02 22:55:00+00:00,0.0,45000.0,"POLYGON ((-107.13341196891312 35.65441754581724, -104.31449242131589 34.58969415374992, -104.92270898702361 32.72481277860241, -107.92997857611108 34.41404197188465, -107.13341196891312 35.65441754581724))"
98C,2019-06-02 20:55:00+00:00,2019-06-02 22:55:00+00:00,0.0,43000.0,"POLYGON ((-107.06 44.84, -104.37391004540873 41.88653378410746, -104.28822290339279 36.018022081467855, -108.09 35.908155221318054, -109.90959718042005 44.195288020679705, -107.06 44.84))"
42W,2019-06-02 20:55:00+00:00,2019-06-02 22:55:00+00:00,0.0,36000.0,"POLYGON ((-113.76 40.73, -111.715792570022 37.87956058656707, -116.67064846300194 36.646268749115094, -118.365878304028 39.52282488679779, -113.76 40.73))"
44W,2019-06-02 20:55:00+00:00,2019-06-02 22:55:00+00:00,0.0,32000.0,"POLYGON ((-112.99104678147626 47.31116568632863, -108.8654213786131 46.87701460850575, -110.73 44.774582690154745, -114.16982870660456 44.86625985554491, -112.99104678147626 47.31116568632863))"
43W,2019-06-02 20:55:00+00:00,2019-06-02 22:55:00+00:00,0.0,38000.0,"POLYGON ((-119.83250959383447 41.25834289371886, -117.33408312844605 36.32800603749753, -118.73917348497824 34.54443392670003, -122.24 40.1, -119.83250959383447 41.25834289371886))"
41W,2019-06-02 20:55:00+00:00,2019-06-02 22:55:00+00:00,0.0,39000.0,"POLYGON ((-112.19600212713273 42.869103134048814, -114.5682186439848 40.472508858834004, -117.33433686937396 39.80073094803798, -118.28840622051811 42.7165730657032, -112.19600212713273 42.869103134048814))"
71E,2019-06-02 21:55:00+00:00,2019-06-02 23:55:00+00:00,,,"POLYGON ((-73.74094792726034 43.05705676881404, -75.2278688742117 41.94122737591036, -77.50006602848707 41.41174298813218, -73.97775955298548 42.66333497752353, -75.20028107106322 41.95217926944954, -73.79990080442661 42.65000004919882, -74.0279428723488 42.64977384145069, -73.5669414153296 42.95845791585065, -73.71299674403463 42.7007005735183, -77.54545545206354 41.60652440466722, -75.27325829778816 42.13600879244539, -75.30084610093664 42.12505689890621, -74.0783245828589 42.8362126069802, -74.02814126349557 42.84977374305304, -73.80009919557338 42.84999995080118, -73.88700325596537 42.7992994264817, -73.74094792726034 43.05705676881404))"
72E,2019-06-02 21:55:00+00:00,2019-06-02 23:55:00+00:00,,,"POLYGON ((-71.56229599379243 43.42953608366313, -71.3998077243865 43.07161890300067, -72.40521789794177 42.02829350571572, -71.36240600352436 43.42290345291602, -71.37186969486052 43.13769276635523, -72.54923182915788 42.16707386317195, -71.54382165560261 43.2103992604569, -71.5717596851286 43.14432539710234, -71.56229599379243 43.42953608366313))"
75E,2019-06-02 21:55:00+00:00,2019-06-02 23:55:00+00:00,,,"POLYGON ((-85.3701393789144 35.04493141641652, -85.22881326209645 34.7309926229598, -84.4417102313374 33.72313548030068, -85.4747318357269 34.87446025176418, -85.20229622840625 34.70730758667278, -84.2840837071445 33.84623657237896, -85.07118673790356 34.85409371503809, -85.09770377159376 34.87777875132512, -85.3701393789144 35.04493141641652))"
77E,2019-06-02 21:55:00+00:00,2019-06-02 23:55:00+00:00,0.0,40000.0,"POLYGON ((-81.76985639621249 30.23254472171718, -81.72295574589539 30.03812165467051, -82.67275965500693 29.80900058540789, -82.71966030532403 30.00342365245456, -81.76985639621249 30.23254472171718))"
73E,2019-06-02 21:55:00+00:00,2019-06-02 23:55:00+00:00,0.0,45000.0,"POLYGON ((-74.36298399169767 41.014539593867006, -72.85782772481903 40.5098380105612, -74.03247949882224 39.512638895983805, -74.61822841873614 39.819847927811885, -74.36298399169767 41.014539593867006))"
76E,2019-06-02 21:55:00+00:00,2019-06-02 23:55:00+00:00,0.0,43000.0,"POLYGON ((-78.11872294973195 34.39823384449755, -77.75508658609557 34.39823384449755, -77.75508658609557 34.03459748086119, -78.11872294973195 34.03459748086119, -78.11872294973195 34.39823384449755))"
06C,2019-06-02 21:55:00+00:00,2019-06-02 23:55:00+00:00,0.0,45000.0,"POLYGON ((-104.18025465214619 31.534589483315347, -102.46957207531297 29.880467546353547, -103.38020225889534 29.096670613459747, -105.44429060834047 31.101677242086076, -104.18025465214619 31.534589483315347))"
08C,2019-06-02 21:55:00+00:00,2019-06-02 23:55:00+00:00,0.0,45000.0,"POLYGON ((-103.58608835094448 47.04006648205192, -103.2224519873081 47.04006648205192, -103.2224519873081 46.67643011841556, -103.58608835094448 46.67643011841556, -103.58608835094448 47.04006648205192))"
55W,2019-06-02 21:55:00+00:00,2019-06-02 23:55:00+00:00,0.0,44000.0,"POLYGON ((-119.98765698605595 35.47675000908466, -118.43 34.508283757683586, -118.67700695771263 34.134207753301894, -119.93198182042681 34.45456818015928, -119.98765698605595 35.47675000908466))"
51W,2019-06-02 21:55:00+00:00,2019-06-02 23:55:00+00:00,0.0,44000.0,"POLYGON ((-111.32899787171196 43.608436262466164, -111.73133539618055 41.97645288019313, -113.93915603095839 42.06976762814, -114.12142675423812 40.0616026166765, -116.92 40.57, -116.19 42.682574363474636, -111.32899787171196 43.608436262466164))"
78E,2019-06-02 21:55:00+00:00,2019-06-02 23:55:00+00:00,0.0,45000.0,"POLYGON ((-80.52994114535291 29.61397081486404, -80.46212250835869 29.425820256862615, -81.53482391098926 29.03916635691708, -81.60264254798348 29.227316914918504, -80.52994114535291 29.61397081486404))"
79E,2019-06-02 21:55:00+00:00,2019-06-02 23:55:00+00:00,,,"POLYGON ((-79.99000178300538 26.84805398918444, -79.99661907823089 26.64422286415108, -80.35836526034652 25.70003906824686, -80.18999821699462 26.84685967281769, -80.18999821699462 26.67940284181662, -80.54512710388474 25.77159333994469, -80.18338092176911 26.71577713584892, -79.99000178300538 26.68059715818338, -79.99000178300538 26.84805398918444))"
74E,2019-06-02 21:55:00+00:00,2019-06-02 23:55:00+00:00,0.0,45000.0,"POLYGON ((-76.28539464271961 40.38741742488284, -75.51 38.84910686720918, -81.9231970438698 36.439821660077484, -82.92621756800199 38.04071865631651, -80.20974858241767 39.54783132195948, -76.28539464271961 40.38741742488284))"
07C,2019-06-02 21:55:00+00:00,2019-06-02 23:55:00+00:00,0.0,45000.0,"POLYGON ((-94.08907674063215 32.53440927700298, -92.5 31.759106867209173, -92.97412985290927 30.022289428144358, -95.07875589034991 31.03216934077736, -95.30456035651694 31.948221909203493, -94.08907674063215 32.53440927700298))"
05C,2019-06-02 21:55:00+00:00,2019-06-02 23:55:00+00:00,0.0,45000.0,"POLYGON ((-103.6 35.67910686720917, -104.62 32.50815522131804, -107.75499362747252 34.718076029484635, -107.39806752623637 35.509194240131734, -103.6 35.67910686720917))"
03C,2019-06-02 21:55:00+00:00,2019-06-02 23:55:00+00:00,0.0,45000.0,"POLYGON ((-104.44447754661547 45.31122349330387, -100.813251338727 43.91756624633237, -102.35934286812322 42.70807838211194, -103.95671943595808 42.24193927774492, -104.44447754661547 45.31122349330387))"
04C,2019-06-02 21:55:00+00:00,2019-06-02 23:55:00+00:00,0.0,45000.0,"POLYGON ((-103.95148092890433 41.536110813208865, -102.63847823835643 36.937772132122646, -105.43043674626598 35.89493292597631, -108.66684691242469 36.929609345296576, -108.5062426941987 40.131709290180915, -103.95148092890433 41.536110813208865))"
52W,2019-06-02 21:55:00+00:00,2019-06-02 23:55:00+00:00,0.0,42000.0,"POLYGON ((-117.25594753811102 43.86339810578575, -116.19 42.551786265581654, -116.71746100718399 40.63348987800515, -121.30457489125425 38.90085944187651, -122.24000000000001 41.26458269015474, -117.25594753811102 43.86339810578575))"
49W,2019-06-02 21:55:00+00:00,2019-06-02 23:55:00+00:00,0.0,44000.0,"POLYGON ((-109.07049917149523 45.040582184668736, -103.79489689036339 41.65428772133478, -108.10570444081783 40.262529686495235, -111.71568503097846 44.44186033636202, -109.07049917149523 45.040582184668736))"
53W,2019-06-02 21:55:00+00:00,2019-06-02 23:55:00+00:00,0.0,44000.0,"POLYGON ((-116.92 40.57, -111.4350938137427 39.29505777338911, -111.85605333893047 36.58913851709678, -115.13299793914501 37.659446049214516, -115.77754880146288 36.07841597147734, -118.61447776254299 37.99698068831198, -116.92 40.57))"
48W,2019-06-02 21:55:00+00:00,2019-06-02 23:55:00+00:00,0.0,40000.0,"POLYGON ((-112.99104678147626 47.31116568632863, -109.07049917149523 45.040582184668736, -115.3453005599231 43.29221575460944, -116.21 45.93458269015474, -112.99104678147626 47.31116568632863))"
54W,2019-06-02 21:55:00+00:00,2019-06-02 23:55:00+00:00,0.0,45000.0,"POLYGON ((-120.25620085781172 39.337475143633654, -115.98338980160707 36.077183985203185, -118.12082651502179 34.54443392670003, -121.0972032352836 38.79205263391875, -120.25620085781172 39.337475143633654))"
50W,2019-06-02 21:55:00+00:00,2019-06-02 23:55:00+00:00,0.0,45000.0,"POLYGON ((-111.35032481423693 44.34145239742824, -110.11 42.58, -110.13 40.97184477868197, -112.20493039063939 39.53488383705554, -111.35032481423693 44.34145239742824))"
ECHO 11,2019-06-02 22:45:00+00:00,2019-06-03 02:45:00+00:00,0.0,40000.0,"POLYGON ((-60.3 42.3, -59.15 42.15, -61.15 38.45, -62.45 39.15, -60.3 42.3))"
GOLF 7,2019-06-02 22:45:00+00:00,2019-06-03 02:45:00+00:00,0.0,45000.0,"POLYGON ((-76.45 31.3, -68.15 27.15, -70 26, -76.45 30, -76.45 31.3))"
HOTEL 1,2019-06-02 22:45:00+00:00,2019-06-03 02:45:00+00:00,0.0,45000.0,"POLYGON ((-59.45 38.3, -62.15 28.3, -66.3 25.45, -67.45 28.45, -63 37.45, -59.45 38.3))"
80E,2019-06-02 22:55:00+00:00,2019-06-03 00:55:00+00:00,,,"POLYGON ((-73.93271406150497 42.68422270306853, -75.64785651376454 40.76440154913778, -76.83036168881117 40.3630015417278, -75.07064631004978 41.89823096327608, -75.58983615769476 40.81584565429024, -73.84138800190529 42.50629139374384, -75.11514712255519 41.85251437265859, -76.8946486612821 40.55238788012242, -75.71214348623548 40.95378788753241, -75.77016384230525 40.90234378237995, -75.25097399466027 41.98472909136579, -75.20647318215487 42.03044568198328, -73.93271406150497 42.68422270306853))"
87E,2019-06-02 22:55:00+00:00,2019-06-03 00:55:00+00:00,0.0,40000.0,"POLYGON ((-81.22021722523715 30.42875336345817, -81.12973273092035 30.25039261584751, -81.93659048189018 29.84106423749009, -82.02707497620698 30.019424985100752, -81.22021722523715 30.42875336345817))"
82E,2019-06-02 22:55:00+00:00,2019-06-03 00:55:00+00:00,0.0,45000.0,"POLYGON ((-76.92434067433291 40.567041126885904, -74.80645517135218 39.819391714234854, -77.10966163894507 37.900512370405735, -78.26096351447839 38.332666825929735, -76.92434067433291 40.567041126885904))"
84E,2019-06-02 22:55:00+00:00,2019-06-03 00:55:00+00:00,0.0,45000.0,"POLYGON ((-76.3618181818182 36.29724724239728, -75.99818181818182 36.29724724239728, -75.99818181818182 35.93361087876092, -76.3618181818182 35.93361087876092, -76.3618181818182 36.29724724239728))"
15C,2019-06-02 22:55:00+00:00,2019-06-03 00:55:00+00:00,0.0,45000.0,"POLYGON ((-93.86580903492052 36.454185573245375, -92.5876324534615 35.48072038066677, -92.9314529167982 35.29106214181401, -94.83706500144393 36.24786026419984, -93.86580903492052 36.454185573245375))"
59W,2019-06-02 22:55:00+00:00,2019-06-03 00:55:00+00:00,0.0,44000.0,"POLYGON ((-114.79265363071731 43.01386846552994, -114.04557426559396 41.67773820233682, -113.97771594516082 40.32909640324267, -117.5582148053049 38.40050897803879, -118.16804366218678 42.05534726518974, -114.79265363071731 43.01386846552994))"
58W,2019-06-02 22:55:00+00:00,2019-06-03 00:55:00+00:00,0.0,45000.0,"POLYGON ((-110.73 44.47742563652535, -109.31836584447409 42.123880705807906, -110.53298773170629 40.44598453108496, -111.98 40.85, -114.11086134331399 43.14720994401838, -110.73 44.47742563652535))"
63W,2019-06-02 22:55:00+00:00,2019-06-03 00:55:00+00:00,0.0,44000.0,"POLYGON ((-119.81013247889257 35.477919980746115, -118.47627253647946 34.96725648072786, -119.28470057372822 34.34306522260263, -119.77 34.51, -119.81013247889257 35.477919980746115))"
81E,2019-06-02 22:55:00+00:00,2019-06-03 00:55:00+00:00,,,"POLYGON ((-70.51000100295227 43.48626681579824, -70.52072632643971 43.21748530388028, -70.9762669564803 42.31491734171432, -70.70999899704773 43.48537107153582, -70.70999899704773 43.26209529686772, -71.15481430360087 42.40503307195162, -70.69927367356028 43.30760103411758, -70.51000100295227 43.26299104113014, -70.51000100295227 43.48626681579824))"
85E,2019-06-02 22:55:00+00:00,2019-06-03 00:55:00+00:00,,,"POLYGON ((-85.18811680485202 34.96532289397703, -84.58989743945358 33.87523250020491, -84.6440603106309 33.92134322825765, -84.31160139375658 33.8031241185165, -84.76523089946747 33.77901307493351, -85.3634502648659 34.86910346870563, -84.37860911141581 33.61468323713961, -84.71106802829014 33.73290234688076, -85.18811680485202 34.96532289397703))"
86E,2019-06-02 22:55:00+00:00,2019-06-03 00:55:00+00:00,,,"POLYGON ((-78.02454105376961 34.43740162272515, -77.74423591340336 34.28283451220242, -77.77560579105148 34.29382420844848, -77.04375260692014 34.16820042339437, -77.84081114253003 34.10769678034794, -78.12111628289628 34.26226389087067, -77.07758808075057 33.97108329904778, -77.80944126488191 34.09670708410189, -78.02454105376961 34.43740162272515))"
88E,2019-06-02 22:55:00+00:00,2019-06-03 00:55:00+00:00,,,"POLYGON ((-80.16608283789802 26.7315889435051, -79.97047818841635 26.59917712164794, -80.20811008124397 25.82231715269695, -79.96608284229416 26.73154700956569, -79.96610446761774 26.62840705460431, -80.39936263525061 25.88081895254909, -80.16173074242299 26.65767892150008, -80.1661044632216 26.62844898854371, -80.16608283789802 26.7315889435051))"
83E,2019-06-02 22:55:00+00:00,2019-06-03 00:55:00+00:00,0.0,45000.0,"POLYGON ((-79.76985039610724 39.52435660185896, -79.53465929804534 37.014353223465115, -81.69328759457679 36.086281469997466, -82.92621756800199 38.04071865631651, -79.76985039610724 39.52435660185896))"
09C,2019-06-02 22:55:00+00:00,2019-06-03 00:55:00+00:00,0.0,45000.0,"POLYGON ((-104.51639071280185 44.41581846753475, -100.65091705866791 44.03602270900172, -101.34532166323301 42.56201319189036, -106.48815121427128 40.77183163715063, -106.28 43.09, -104.51639071280185 44.41581846753475))"
13C,2019-06-02 22:55:00+00:00,2019-06-03 00:55:00+00:00,0.0,45000.0,"POLYGON ((-94.23139422413135 33.122217142497185, -92.5 31.26, -93.11 30.14, -95.07875589034991 31.03216934077736, -95.16645805411454 32.066392735164186, -94.23139422413135 33.122217142497185))"
12C,2019-06-02 22:55:00+00:00,2019-06-03 00:55:00+00:00,0.0,45000.0,"POLYGON ((-104.47196410991613 31.3748989476661, -102.46607336090584 29.873048685196448, -103.36730441863041 29.069070318372592, -105.72900754996992 31.34824983201551, -104.47196410991613 31.3748989476661))"
14C,2019-06-02 22:55:00+00:00,2019-06-03 00:55:00+00:00,0.0,45000.0,"POLYGON ((-104.4718356562692 48.73478262668724, -102.77 46.6936310442636, -104.10907829122907 46.47015278437816, -105.7572084040494 47.628466294139, -104.4718356562692 48.73478262668724))"
11C,2019-06-02 22:55:00+00:00,2019-06-03 00:55:00+00:00,0.0,45000.0,"POLYGON ((-107.21719683825211 36.03095807215375, -101.92909165047294 35.52493765759384, -104.62 32.341786265581646, -108.09 35.74178626558165, -107.21719683825211 36.03095807215375))"
10C,2019-06-02 22:55:00+00:00,2019-06-03 00:55:00+00:00,0.0,45000.0,"POLYGON ((-103.48 41.89, -102.55487526032684 37.2554067445057, -104.71224223307624 36.1824862585759, -108.93 37.81, -108.5062426941987 40.131709290180915, -103.48 41.89))"
61W,2019-06-02 22:55:00+00:00,2019-06-03 00:55:00+00:00,0.0,44000.0,"POLYGON ((-114.01031780339406 40.26861399051082, -111.21807612584894 40.13490814795503, -111.15266978514042 38.772053258281936, -116.75 36.8, -118.61447776254299 37.99698068831198, -114.01031780339406 40.26861399051082))"
60W,2019-06-02 22:55:00+00:00,2019-06-03 00:55:00+00:00,0.0,42000.0,"POLYGON ((-120.51 42.49, -119.26700367292867 42.101259517111146, -119.66 39.53, -123.10674591798633 38.74247621993978, -123.42047087414466 41.55662828621201, -120.51 42.49))"
56W,2019-06-02 22:55:00+00:00,2019-06-03 00:55:00+00:00,0.0,40000.0,"POLYGON ((-112.6409929794602 47.07849512176833, -108.80167589103466 45.50244575330999, -114.97124488730522 42.83191866216602, -116.48120693936022 45.230795400052976, -112.6409929794602 47.07849512176833))"
57W,2019-06-02 22:55:00+00:00,2019-06-03 00:55:00+00:00,0.0,44000.0,"POLYGON ((-109.33601849548428 45.807763834091304, -106.28 43.09, -106.69168750719834 40.709407469187745, -108.10570444081783 40.262529686495235, -111.23127134787165 45.62444598889886, -109.33601849548428 45.807763834091304))"
62W,2019-06-02 22:55:00+00:00,2019-06-03 00:55:00+00:00,0.0,45000.0,"POLYGON ((-120.45420155403656 39.27262616659942, -117.18147758949553 35.38607912134081, -118.38290864474575 34.889670743261476, -121.87794119136976 39.05436435224411, -120.45420155403656 39.27262616659942))"
92E,2019-06-02 23:55:00+00:00,2019-06-03 01:55:00+00:00,,,"POLYGON ((-84.65855709179057 33.78847721763823, -84.45248436981689 33.74025520755323, -84.3439172079753 33.52134747452198, -84.59333621722489 33.59941046349863, -84.33028653195811 33.69015264927002, -84.16474240682342 33.61020911209517, -84.27330956866501 33.82911684512641, -84.39550740652379 33.87921940340962, -84.65855709179057 33.78847721763823))"
22C,2019-06-02 23:55:00+00:00,2019-06-03 01:55:00+00:00,,,"POLYGON ((-94.05708145543639 36.32772552187021, -93.81298165042305 36.13012756317978, -93.81980565563394 36.13518732173311, -92.12390546064728 34.98606105509162, -93.93881873955029 35.97467651943936, -94.18291854456362 36.17227447812979, -92.23609453935273 34.82049049424454, -93.9319947343394 35.96961676088603, -94.05708145543639 36.32772552187021))"
94E,2019-06-02 23:55:00+00:00,2019-06-03 01:55:00+00:00,0.0,45000.0,"POLYGON ((-76.38857763659041 33.93756453905682, -75.5919795128439 33.648946627682115, -75.66010830899505 33.460908155195774, -76.45670643274156 33.74952606657048, -76.38857763659041 33.93756453905682))"
96E,2019-06-02 23:55:00+00:00,2019-06-03 01:55:00+00:00,0.0,35000.0,"POLYGON ((-81.08299401186112 28.882686725838624, -80.89675694312949 28.80977750673531, -81.12124374023652 28.23635533082477, -81.30748080896815 28.309264549928088, -81.08299401186112 28.882686725838624))"
95E,2019-06-02 23:55:00+00:00,2019-06-03 01:55:00+00:00,0.0,35000.0,"POLYGON ((-81.4760744336776 30.434069420906603, -80.85842639080761 30.21131839894487, -80.92627752345243 30.023179557131662, -81.54392556632241 30.245930579093397, -81.4760744336776 30.434069420906603))"
91E,2019-06-02 23:55:00+00:00,2019-06-03 01:55:00+00:00,0.0,45000.0,"POLYGON ((-76.22506045236581 36.17460798036463, -75.86142408872944 36.17460798036463, -75.86142408872944 35.81097161672827, -76.22506045236581 35.81097161672827, -76.22506045236581 36.17460798036463))"
23C,2019-06-02 23:55:00+00:00,2019-06-03 01:55:00+00:00,0.0,45000.0,"POLYGON ((-94.16375228495222 32.951700772481914, -93.80011592131585 32.951700772481914, -93.80011592131585 32.588064408845554, -94.16375228495222 32.588064408845554, -94.16375228495222 32.951700772481914))"
18C,2019-06-02 23:55:00+00:00,2019-06-03 01:55:00+00:00,0.0,45000.0,"POLYGON ((-102.39720156103232 35.90100927862318, -102.25754414870507 33.69951343701341, -103.84523469500373 32.379703248794655, -105.107179528051 32.93013962753915, -102.39720156103232 35.90100927862318))"
20C,2019-06-02 23:55:00+00:00,2019-06-03 01:55:00+00:00,0.0,45000.0,"POLYGON ((-92.5 31.26, -92.99191345456347 30.03772006731707, -94.51567009235505 29.957371688856345, -94.72 30.870858121158207, -92.5 31.26))"
21C,2019-06-02 23:55:00+00:00,2019-06-03 01:55:00+00:00,0.0,45000.0,"POLYGON ((-104.66337165434777 48.14490936714654, -102.68929067122122 46.726405455479046, -103.65687756770667 46.243185142212035, -105.87043152936904 47.70634474976888, -104.66337165434777 48.14490936714654))"
66W,2019-06-02 23:55:00+00:00,2019-06-03 01:55:00+00:00,0.0,45000.0,"POLYGON ((-111.65055385330729 44.25461222275232, -109.98940905775699 43.828914782657414, -109.16856023352311 41.85703687561884, -110.53298773170629 40.44598453108496, -114.11086134331399 43.14720994401838, -111.65055385330729 44.25461222275232))"
69W,2019-06-02 23:55:00+00:00,2019-06-03 01:55:00+00:00,0.0,44000.0,"POLYGON ((-110.53298773170629 40.44598453108496, -112.02233793817307 37.15540895122145, -114.6496161746014 38.0452594808934, -113.35715229458722 40.4226167014241, -110.53298773170629 40.44598453108496))"
68W,2019-06-02 23:55:00+00:00,2019-06-03 01:55:00+00:00,0.0,42000.0,"POLYGON ((-120.99382634636517 43.71532419672078, -120.21242443194191 41.95534861601976, -120.95449480677962 41.6877379014602, -122.12592269941167 42.47732782743846, -120.99382634636517 43.71532419672078))"
71W,2019-06-02 23:55:00+00:00,2019-06-03 01:55:00+00:00,0.0,44000.0,"POLYGON ((-120.09474617022828 36.345418362370324, -118.76604398188819 34.59737524318922, -119.60780296186212 34.56521774445509, -120.08819091222202 35.80792735646243, -120.09474617022828 36.345418362370324))"
93E,2019-06-02 23:55:00+00:00,2019-06-03 01:55:00+00:00,0.0,45000.0,"POLYGON ((-78.08340814537144 34.23947259905052, -77.22100850338528 33.931497585055844, -77.28827096783517 33.74314748318137, -78.15067060982133 34.051122497176046, -78.08340814537144 34.23947259905052))"
90E,2019-06-02 23:55:00+00:00,2019-06-03 01:55:00+00:00,0.0,40000.0,"POLYGON ((-80.84315131970627 38.90764444986581, -79.3795024359265 37.51705056182959, -80.64266251290076 36.26947822726024, -82.13 36.44, -82.40033042206548 37.773073033571585, -80.84315131970627 38.90764444986581))"
89E,2019-06-02 23:55:00+00:00,2019-06-03 01:55:00+00:00,0.0,45000.0,"POLYGON ((-75.34156935752527 41.19432818612055, -74.43 39.82, -76.10615866032872 37.877923844248194, -77.87 38.14089313279082, -75.34156935752527 41.19432818612055))"
19C,2019-06-02 23:55:00+00:00,2019-06-03 01:55:00+00:00,0.0,45000.0,"POLYGON ((-105.44288627311754 32.523107044169365, -102.39356860039521 29.719036489778045, -103.95 28.802679398372472, -106.05632962518362 31.358689665126516, -105.44288627311754 32.523107044169365))"
17C,2019-06-02 23:55:00+00:00,2019-06-03 01:55:00+00:00,0.0,45000.0,"POLYGON ((-103.18 39.82726208852721, -102.01208931288897 37.03544323732502, -106.28499923489855 33.276036596749044, -108.79 39.06, -103.18 39.82726208852721))"
16C,2019-06-02 23:55:00+00:00,2019-06-03 01:55:00+00:00,0.0,45000.0,"POLYGON ((-100.16 44.39, -100.25128814916161 43.03081913894418, -105.26194097094562 39.99944706493813, -105.59657065498044 43.08796648240902, -104.29983020489196 44.35477496333659, -100.16 44.39))"
64W,2019-06-02 23:55:00+00:00,2019-06-03 01:55:00+00:00,0.0,40000.0,"POLYGON ((-112.6409929794602 47.07849512176833, -108.80167589103466 45.50244575330999, -115.52673310194777 42.156980707477075, -117.14091032006843 45.30861974006429, -112.6409929794602 47.07849512176833))"
72W,2019-06-02 23:55:00+00:00,2019-06-03 01:55:00+00:00,0.0,45000.0,"POLYGON ((-115.64738992055287 39.551951916344706, -115.15999999999998 37.07821373441837, -116.18922343099517 36.075600049017176, -118.21572148620562 37.64623522629116, -115.64738992055287 39.551951916344706))"
70W,2019-06-02 23:55:00+00:00,2019-06-03 01:55:00+00:00,0.0,45000.0,"POLYGON ((-121.0275982492666 40.47569835621983, -118.16980241234712 37.23079576809283, -117.50029575086633 34.24484330518109, -118.81717844726695 34.69792001213981, -121.62904359845264 39.62782677909802, -121.0275982492666 40.47569835621983))"
67W,2019-06-02 23:55:00+00:00,2019-06-03 01:55:00+00:00,0.0,44000.0,"POLYGON ((-113.65976138666976 42.222330037359406, -113.59118690964054 41.037287094312966, -118.67445086141831 38.70239577812766, -118.4651352396403 41.51251016759617, -113.65976138666976 42.222330037359406))"
65W,2019-06-02 23:55:00+00:00,2019-06-03 01:55:00+00:00,0.0,44000.0,"POLYGON ((-108.4676208665951 44.831353799245804, -106.1047571095538 43.39727646365526, -106.05603114996269 40.72468923892798, -108.79000000000002 39.891844778681964, -109.87727596063657 43.8615059889037, -108.4676208665951 44.831353799245804))"
7C,2019-06-03 00:55:00+00:00,2019-06-03 02:55:00+00:00,,,"POLYGON ((-94.07318727428498 36.23942578895671, -93.85755870871408 35.52529754350252, -93.92156993695261 35.59122772091219, -92.14828004025841 34.99811165476624, -94.04902108467432 35.46748613812554, -94.26464965024522 36.18161438357973, -92.2117199597416 34.80843989456992, -93.9850098564358 35.40155596071587, -94.07318727428498 36.23942578895671))"
2E,2019-06-03 00:55:00+00:00,2019-06-03 02:55:00+00:00,0.0,40000.0,"POLYGON ((-80.492430043221 38.602660516593346, -78.8767591304397 37.24944522223198, -80.33762428995455 36.04946896298657, -82.13 36.44, -83.85320280214545 37.23417781871326, -80.492430043221 38.602660516593346))"
4E,2019-06-03 00:55:00+00:00,2019-06-03 02:55:00+00:00,0.0,35000.0,"POLYGON ((-80.81330361206044 28.81608805089971, -80.64780718401862 28.703789643496055, -81.06903161105693 28.083022709302348, -81.23452803909875 28.195321116706005, -80.81330361206044 28.81608805089971))"
6C,2019-06-03 00:55:00+00:00,2019-06-03 02:55:00+00:00,0.0,45000.0,"POLYGON ((-105.22826711046754 32.827380110356025, -101.59688671760676 30.073039210163714, -103.95 28.99886154521196, -106.0855097272761 31.419153635158647, -105.22826711046754 32.827380110356025))"
5C,2019-06-03 00:55:00+00:00,2019-06-03 02:55:00+00:00,0.0,45000.0,"POLYGON ((-102.71580462833026 34.60216428255083, -102.15516887424864 33.49530354408577, -104.09115260999674 31.867165143658944, -105.22826711046754 32.827380110356025, -102.71580462833026 34.60216428255083))"
8C,2019-06-03 00:55:00+00:00,2019-06-03 02:55:00+00:00,0.0,45000.0,"POLYGON ((-92.87309091126222 30.344241508251134, -93.11 29.850858121158215, -93.8800718347491 29.861128297009255, -94.3353142338086 30.35803105262577, -92.87309091126222 30.344241508251134))"
1C,2019-06-03 00:55:00+00:00,2019-06-03 02:55:00+00:00,0.0,45000.0,"POLYGON ((-103.69227760702613 46.52827942057412, -103.32864124338975 46.52827942057412, -103.32864124338975 46.16464305693776, -103.69227760702613 46.16464305693776, -103.69227760702613 46.52827942057412))"
7W,2019-06-03 00:55:00+00:00,2019-06-03 02:55:00+00:00,0.0,45000.0,"POLYGON ((-121.18721613906442 40.42719610835639, -118.32038304975696 37.99871750449731, -117.6225010777477 34.20399143278861, -118.76604398188819 34.59737524318922, -121.70861510432337 39.68987370273578, -121.18721613906442 40.42719610835639))"
5W,2019-06-03 00:55:00+00:00,2019-06-03 02:55:00+00:00,0.0,42000.0,"POLYGON ((-120.99382634636517 43.71532419672078, -120.36058224602039 42.222770447229266, -120.95449480677962 41.6877379014602, -122.18302947171941 42.69900743668431, -120.99382634636517 43.71532419672078))"
1E,2019-06-03 00:55:00+00:00,2019-06-03 02:55:00+00:00,0.0,45000.0,"POLYGON ((-74.54 41.40273791147279, -73.63248767534557 39.5625981908302, -76.10615866032872 37.877923844248194, -77.62702692510118 38.178633346881476, -74.54 41.40273791147279))"
3E,2019-06-03 00:55:00+00:00,2019-06-03 02:55:00+00:00,0.0,45000.0,"POLYGON ((-77.58581672420387 34.114390193940714, -76.20591680798546 33.76572079614409, -77.26191260735983 33.11885193382826, -78.17622517743129 33.73479851961093, -77.58581672420387 34.114390193940714))"
4C,2019-06-03 00:55:00+00:00,2019-06-03 02:55:00+00:00,0.0,45000.0,"POLYGON ((-106.89 39.44, -102.9893644098633 35.17846766053683, -106.28499923489855 33.276036596749044, -108.14911461651886 38.0620932069341, -106.89 39.44))"
2C,2019-06-03 00:55:00+00:00,2019-06-03 02:55:00+00:00,0.0,45000.0,"POLYGON ((-106.44 44, -99.50674866127301 43.91756624633237, -99.36195560288712 42.75928820808585, -103.43163299352435 40.620843265775434, -107.21605520457109 40.67367453909199, -106.44 44))"
3C,2019-06-03 00:55:00+00:00,2019-06-03 02:55:00+00:00,0.0,45000.0,"POLYGON ((-103.02633597371896 40.04225772717701, -101.69 39.39, -101.54913399685279 37.229594080888795, -103.6 36.17821373441836, -104.55068947707954 37.10439544674255, -103.02633597371896 40.04225772717701))"
4W,2019-06-03 00:55:00+00:00,2019-06-03 02:55:00+00:00,0.0,44000.0,"POLYGON ((-113.34828171273288 42.196495871658506, -113.42079092918148 41.344325563403906, -118.67445086141831 38.70239577812766, -118.97396597508286 41.761174784449814, -113.34828171273288 42.196495871658506))"
1W,2019-06-03 00:55:00+00:00,2019-06-03 02:55:00+00:00,0.0,40000.0,"POLYGON ((-111.41 47.45, -110.43835431769615 46.81180918421376, -115.55176860580937 43.73922838156718, -117.14091032006843 45.30861974006429, -111.41 47.45))"
3W,2019-06-03 00:55:00+00:00,2019-06-03 02:55:00+00:00,0.0,45000.0,"POLYGON ((-110.65982910830269 45.23440868370886, -109.6334002890859 42.226087198708484, -112.27894564287811 41.8924628288977, -114.49000000000001 43.478213734418354, -110.65982910830269 45.23440868370886))"
8W,2019-06-03 00:55:00+00:00,2019-06-03 02:55:00+00:00,0.0,44000.0,"POLYGON ((-120.20367184394235 36.75204962356267, -118.81717844726695 34.69792001213981, -119.58332866508138 34.57352470958853, -120.87230443539717 36.06957696665508, -120.20367184394235 36.75204962356267))"
2W,2019-06-03 00:55:00+00:00,2019-06-03 02:55:00+00:00,0.0,44000.0,"POLYGON ((-108.4676208665951 44.831353799245804, -106.44 44, -107.3 40.52, -108.91687529009074 40.515689395962454, -110.28463125361894 44.377666988431095, -108.4676208665951 44.831353799245804))"
6W,2019-06-03 00:55:00+00:00,2019-06-03 02:55:00+00:00,0.0,44000.0,"POLYGON ((-112.14755976811836 40.54246872170039, -110.59406679345001 40.49199823485391, -112.61918563749238 37.074748825105246, -113.96630407068568 38.2492383419313, -112.14755976811836 40.54246872170039))"
6E,2019-06-03 01:55:00+00:00,2019-06-03 03:55:00+00:00,,,"POLYGON ((-71.01011438754325 42.56959405821551, -72.5948732529128 42.24417858215305, -72.64917983612963 42.21301701517882, -72.97614510920022 41.8487200270487, -72.55464447782629 42.04826624039011, -70.96988561245674 42.37368171645257, -72.82730316768004 41.71513081923422, -72.50033789460946 42.07942780736434, -71.01011438754325 42.56959405821551))"
10E,2019-06-03 01:55:00+00:00,2019-06-03 03:55:00+00:00,0.0,35000.0,"POLYGON ((-80.57117687125863 28.62168184260969, -80.46316188532099 28.453358455010424, -80.93790052587556 28.148713400541613, -81.0459155118132 28.31703678814088, -80.57117687125863 28.62168184260969))"
5E,2019-06-03 01:55:00+00:00,2019-06-03 03:55:00+00:00,0.0,32000.0,"POLYGON ((-71.86497617118224 44.7890038805263, -71.69502382881777 44.68357048294835, -72.36502382881777 43.60357048294835, -72.53497617118224 43.7090038805263, -71.86497617118224 44.7890038805263))"
8E,2019-06-03 01:55:00+00:00,2019-06-03 03:55:00+00:00,0.0,40000.0,"POLYGON ((-81.79394259182254 37.556778611915334, -79.59919513735491 36.35608004613, -80.11639553281287 35.782790395162415, -83.85320280214545 37.23417781871326, -81.79394259182254 37.556778611915334))"
15C,2019-06-03 01:55:00+00:00,2019-06-03 03:55:00+00:00,0.0,35000.0,"POLYGON ((-93.58114146690369 35.93391185328769, -91.87469319296095 35.30784665017962, -91.94357976603114 35.120084460027705, -93.65002803997388 35.746149663135775, -93.58114146690369 35.93391185328769))"
9C,2019-06-03 01:55:00+00:00,2019-06-03 03:55:00+00:00,0.0,45000.0,"POLYGON ((-103.69227760702613 46.52827942057412, -103.32864124338975 46.52827942057412, -103.32864124338975 46.16464305693776, -103.69227760702613 46.16464305693776, -103.69227760702613 46.52827942057412))"
13W,2019-06-03 01:55:00+00:00,2019-06-03 03:55:00+00:00,0.0,45000.0,"POLYGON ((-120.99382634636517 43.71532419672078, -120.36058224602039 42.222770447229266, -120.95449480677962 41.6877379014602, -122.18302947171941 42.69900743668431, -120.99382634636517 43.71532419672078))"
7E,2019-06-03 01:55:00+00:00,2019-06-03 03:55:00+00:00,,,"POLYGON ((-74.38483685995837 40.98361240645001, -75.59262996555691 38.15091526817502, -77.1503497004511 38.60932908180526, -74.21697978793559 39.80088601623033, -75.4857481140621 38.18508898462768, -74.58200576280129 40.95007997809002, -74.39421466766053 39.84587828428295, -77.09388685406847 38.80119347917583, -75.53616711917428 38.34277966554559, -75.64304897066908 38.30860594909292, -74.37428064454257 39.92440298069557, -74.19704576481762 39.87941071264294, -74.38483685995837 40.98361240645001))"
9E,2019-06-03 01:55:00+00:00,2019-06-03 03:55:00+00:00,0.0,45000.0,"POLYGON ((-77.3127566574465 34.15773689960388, -76.20591680798546 33.76572079614409, -77.18711036928703 32.96475210855679, -77.87 33.51815522131804, -77.3127566574465 34.15773689960388))"
14C,2019-06-03 01:55:00+00:00,2019-06-03 03:55:00+00:00,0.0,45000.0,"POLYGON ((-103.46604026438183 32.330914833252585, -101.40613057087813 30.54296704232556, -103.95 28.802679398372472, -104.63539456905286 30.886417691585955, -103.46604026438183 32.330914833252585))"
11C,2019-06-03 01:55:00+00:00,2019-06-03 03:55:00+00:00,0.0,45000.0,"POLYGON ((-102.72059560544724 39.80616787714737, -101.2915106401921 39.51665428550966, -101.35447513356584 36.9120460287959, -105.82421966940844 34.212435222991964, -105.10900116777411 36.95087685969965, -102.72059560544724 39.80616787714737))"
12C,2019-06-03 01:55:00+00:00,2019-06-03 03:55:00+00:00,0.0,45000.0,"POLYGON ((-107.34141229978236 38.6848957408834, -105.4339502859628 37.22203902079469, -106.2947418945079 36.42681738449713, -108.29826718306784 37.80831319226652, -107.34141229978236 38.6848957408834))"
10C,2019-06-03 01:55:00+00:00,2019-06-03 03:55:00+00:00,0.0,45000.0,"POLYGON ((-105.58897772544731 43.74216648626168, -99.18401314878406 43.67996850265145, -99.31703340948438 42.65929420601326, -103.14818908608882 40.79246764862404, -106.53567417825789 41.082447611853496, -105.58897772544731 43.74216648626168))"
13C,2019-06-03 01:55:00+00:00,2019-06-03 03:55:00+00:00,0.0,45000.0,"POLYGON ((-102.84 34.5, -102.3324757861183 33.34635843709011, -104.39667653202848 31.221471085015427, -105.90219634210935 32.587967010721286, -102.84 34.5))"
14W,2019-06-03 01:55:00+00:00,2019-06-03 03:55:00+00:00,0.0,45000.0,"POLYGON ((-121.43322903188732 40.351873534671654, -119.03667319165994 37.993206818939285, -118.57213884942861 36.873476424307285, -120.51647859496606 37.27624636665616, -121.99197737514966 39.63861994766571, -121.43322903188732 40.351873534671654))"
9W,2019-06-03 01:55:00+00:00,2019-06-03 03:55:00+00:00,0.0,40000.0,"POLYGON ((-114.91379282519472 46.22796581314498, -108.34822936561461 45.34856142355471, -109.58119807086274 43.60424794195615, -115.76675112025553 43.42188502607326, -116.66446443762436 45.53763123065735, -114.91379282519472 46.22796581314498))"
15W,2019-06-03 01:55:00+00:00,2019-06-03 03:55:00+00:00,0.0,40000.0,"POLYGON ((-120.25918347573122 36.526268616759346, -117.67557074456283 34.79395684588262, -119.39751250795487 34.382101196193325, -120.87230443539717 36.06957696665508, -120.25918347573122 36.526268616759346))"
10W,2019-06-03 01:55:00+00:00,2019-06-03 03:55:00+00:00,0.0,44000.0,"POLYGON ((-109.21677976457092 43.45633784557098, -106.9555050190518 41.71541548608721, -109.12086539472628 39.67435410625065, -110.38155769122197 40.60084345859861, -110.11 43.079106867209184, -109.21677976457092 43.45633784557098))"
12W,2019-06-03 01:55:00+00:00,2019-06-03 03:55:00+00:00,0.0,42000.0,"POLYGON ((-112.29215272324016 41.08486135849537, -111.10026460594253 40.84665834205695, -112.74387544232627 37.33624456758044, -113.49860578150634 38.97747685149421, -112.29215272324016 41.08486135849537))"
11W,2019-06-03 01:55:00+00:00,2019-06-03 03:55:00+00:00,0.0,40000.0,"POLYGON ((-119.40774996145242 41.66119331750057, -115.82238907961883 41.38832565009513, -117.77 39.33095164589114, -118.79721918539566 39.52681092445577, -119.40774996145242 41.66119331750057))"
HOTEL 2,2019-06-03 02:15:00+00:00,2019-06-03 06:15:00+00:00,0.0,45000.0,"POLYGON ((-59.15 36, -63.3 27.45, -65.45 28.45, -61 36, -59.15 36))"
12E,2019-06-03 02:55:00+00:00,2019-06-03 04:55:00+00:00,,,"POLYGON ((-70.6923364983084 43.31929438965813, -71.10949563814292 42.38711322599743, -72.76344509224529 41.64247832754449, -70.52766350169159 43.20579194833973, -71.06821200396696 42.42154677570326, -72.8455508205102 41.82484786827454, -71.19160136640782 42.56948276672748, -71.23288500058378 42.53504921702166, -70.6923364983084 43.31929438965813))"
11E,2019-06-03 02:55:00+00:00,2019-06-03 04:55:00+00:00,0.0,30000.0,"POLYGON ((-71.29654858885881 45.0580215971408, -71.13004568996918 44.94722094433879, -71.94196548949341 43.727128852208075, -72.10846838838305 43.83792950501009, -71.29654858885881 45.0580215971408))"
13E,2019-06-03 02:55:00+00:00,2019-06-03 04:55:00+00:00,0.0,42000.0,"POLYGON ((-72.98504307200378 41.405355970677796, -72.68243945191715 40.25159882586786, -74.05485024529997 39.09762842507918, -74.57462713388999 40.087042666985255, -72.98504307200378 41.405355970677796))"
19W,2019-06-03 02:55:00+00:00,2019-06-03 04:55:00+00:00,0.0,35000.0,"POLYGON ((-112.25112712645176 41.05413733980423, -111.21552312491843 40.84747661629235, -112.46866088288282 37.634554954747145, -113.65364562854838 38.247699456764785, -112.25112712645176 41.05413733980423))"
14E,2019-06-03 02:55:00+00:00,2019-06-03 04:55:00+00:00,0.0,45000.0,"POLYGON ((-74.34749416548686 38.746201437218204, -74.32529934192618 37.40287991959156, -77.73940418246167 37.499258640185666, -77.47713200816487 38.51200922424555, -74.34749416548686 38.746201437218204))"
15E,2019-06-03 02:55:00+00:00,2019-06-03 04:55:00+00:00,0.0,30000.0,"POLYGON ((-82.59334534801955 37.770826915389044, -81.71160994923949 37.30795446288635, -81.89115552493195 36.90087729441932, -83.27642630523188 37.027084680374244, -82.59334534801955 37.770826915389044))"
18C,2019-06-03 02:55:00+00:00,2019-06-03 04:55:00+00:00,0.0,45000.0,"POLYGON ((-102.37251017379465 40.411867581395214, -100.59 40.2, -101.04960027867163 36.886268518225386, -102.51237985749506 35.99272132538199, -102.97290884123731 37.258346377166134, -102.37251017379465 40.411867581395214))"
19C,2019-06-03 02:55:00+00:00,2019-06-03 04:55:00+00:00,0.0,45000.0,"POLYGON ((-104.21063559013669 35.17846766053683, -103.44561223641763 34.49850596030416, -104.98850644020882 33.466789347454, -105.14 34.66178626558164, -104.21063559013669 35.17846766053683))"
17C,2019-06-03 02:55:00+00:00,2019-06-03 04:55:00+00:00,0.0,45000.0,"POLYGON ((-99.02360393908852 43.560830911975906, -99.14108569063013 42.46911561052133, -103.48893144537695 40.39487149274304, -103.48 41.89, -102.2005932144076 43.388922083153396, -99.02360393908852 43.560830911975906))"
21C,2019-06-03 02:55:00+00:00,2019-06-03 04:55:00+00:00,0.0,45000.0,"POLYGON ((-102.88816721173754 32.596293082068, -100.86179968284802 31.016420160068012, -103.36730441863041 29.069070318372592, -104.39667653202848 31.221471085015427, -102.88816721173754 32.596293082068))"
20C,2019-06-03 02:55:00+00:00,2019-06-03 04:55:00+00:00,0.0,45000.0,"POLYGON ((-102.60694577183824 34.96089373870666, -101.91 33.7, -103.96195641335711 31.613293118660895, -105.04074452348908 32.98636818345616, -102.60694577183824 34.96089373870666))"
16C,2019-06-03 02:55:00+00:00,2019-06-03 04:55:00+00:00,0.0,42000.0,"POLYGON ((-104.39708218538034 43.9716095242887, -104.94005912929703 41.51728499553425, -106.16317209119403 41.33915001415225, -105.80104258785539 43.80721605283886, -104.39708218538034 43.9716095242887))"
16W,2019-06-03 02:55:00+00:00,2019-06-03 04:55:00+00:00,0.0,35000.0,"POLYGON ((-114.28251596290453 46.51064158110234, -113.21408901569484 44.762052011952925, -116.19 43.050893132790826, -116.66446443762436 45.53763123065735, -114.28251596290453 46.51064158110234))"
20W,2019-06-03 02:55:00+00:00,2019-06-03 04:55:00+00:00,0.0,35000.0,"POLYGON ((-120.51 43.48821373441836, -120.16197876444778 40.4511572347226, -121.46431487610998 40.68562801043393, -122.0077099685838 42.476461307115045, -120.51 43.48821373441836))"
17W,2019-06-03 02:55:00+00:00,2019-06-03 04:55:00+00:00,0.0,40000.0,"POLYGON ((-108.28387656031866 45.57422457648154, -106.83086624239327 42.15818266224256, -109.24679654479503 39.4120331025896, -109.27162326808353 42.831618133517544, -113.25632596151925 44.42881648675523, -108.28387656031866 45.57422457648154))"
22W,2019-06-03 02:55:00+00:00,2019-06-03 04:55:00+00:00,0.0,33000.0,"POLYGON ((-120.40468398779113 36.40800187641163, -118.38290864474575 34.889670743261476, -118.81717844726695 34.69792001213981, -120.72808147258334 35.95096734468728, -120.40468398779113 36.40800187641163))"
21W,2019-06-03 02:55:00+00:00,2019-06-03 04:55:00+00:00,0.0,30000.0,"POLYGON ((-121.23060024987727 40.41396313203845, -118.82558090776519 37.99528240993996, -119.37673842127437 37.23210031618331, -121.35358953337938 38.503502780602396, -121.78099591453511 39.746169804163195, -121.23060024987727 40.41396313203845))"
18W,2019-06-03 02:55:00+00:00,2019-06-03 04:55:00+00:00,0.0,31000.0,"POLYGON ((-119.25261460913222 41.541941476570415, -117.0884044076892 40.87728778710585, -117.77 39.164582690154745, -119.20473958760464 39.1761879453864, -119.25261460913222 41.541941476570415))"
17E,2019-06-03 03:55:00+00:00,2019-06-03 05:55:00+00:00,0.0,45000.0,"POLYGON ((-73.63846847010494 39.20393594952289, -73.81990818395107 37.784578114545084, -76.95554645959167 37.49944018143982, -77.04 38.28171624231642, -73.63846847010494 39.20393594952289))"
23W,2019-06-03 03:55:00+00:00,2019-06-03 05:55:00+00:00,0.0,40000.0,"POLYGON ((-108.30811337161461 41.366500411288406, -107.82580386259862 40.352832073735, -109.37356922215866 40.137539147835206, -109.24055101988402 41.18909011389415, -108.30811337161461 41.366500411288406))"
18E,2019-06-03 03:55:00+00:00,2019-06-03 05:55:00+00:00,,,"POLYGON ((-77.43933132277445 37.53231719389158, -78.84960681606715 36.16507334535815, -78.86511198680918 36.14577291460347, -79.00287716578305 35.92241849739101, -78.71039318393285 36.02147820397803, -77.30011769064015 37.38872205251146, -78.83265319216468 35.81742421752026, -78.69488801319082 36.04077863473272, -77.43933132277445 37.53231719389158))"
16E,2019-06-03 03:55:00+00:00,2019-06-03 05:55:00+00:00,0.0,40000.0,"POLYGON ((-71.60141664382905 42.02728273119341, -71.54842643834364 40.32921300546384, -73.78018349087188 39.81818754548213, -73.14556251238773 41.09888740083216, -71.60141664382905 42.02728273119341))"
25C,2019-06-03 03:55:00+00:00,2019-06-03 05:55:00+00:00,0.0,45000.0,"POLYGON ((-102.78582717129038 35.17727587432277, -101.31008560685315 33.69855022734939, -103.78184251161218 31.67785091288645, -104.67517256730102 34.7368741775676, -102.78582717129038 35.17727587432277))"
26C,2019-06-03 03:55:00+00:00,2019-06-03 05:55:00+00:00,0.0,45000.0,"POLYGON ((-102.56860829460385 32.77796287137032, -100.45 31.037262088527214, -103.29545604096907 28.915027596438687, -103.78184251161218 31.67785091288645, -102.56860829460385 32.77796287137032))"
24C,2019-06-03 03:55:00+00:00,2019-06-03 05:55:00+00:00,0.0,45000.0,"POLYGON ((-101.60090354001372 40.513947590780106, -100.59 40.2, -100.5299045500945 36.68626390660763, -102.84543098579177 35.432329150294336, -103.12723262296832 36.10131431691599, -101.60090354001372 40.513947590780106))"
23C,2019-06-03 03:55:00+00:00,2019-06-03 05:55:00+00:00,0.0,45000.0,"POLYGON ((-98.25305115065738 43.23770077539203, -98.51821760379359 42.16246162052927, -102.35998884383741 40.627769088074935, -103.3473720628617 40.46728954722068, -102.48721872157697 43.056567324880525, -98.25305115065738 43.23770077539203))"
22C,2019-06-03 03:55:00+00:00,2019-06-03 05:55:00+00:00,0.0,42000.0,"POLYGON ((-103.86806689835203 44.23146475589418, -104.0007013238692 42.81106330888244, -105.1409959049028 43.08435157020045, -105.28367543375575 43.99416903845793, -103.86806689835203 44.23146475589418))"
24W,2019-06-03 03:55:00+00:00,2019-06-03 05:55:00+00:00,0.0,35000.0,"POLYGON ((-122.90999999999998 41.31541730984525, -121.18749040616555 41.25834289371886, -120.24697518135294 40.60447009947718, -121.43924523120815 39.842570956861174, -122.90999999999998 41.31541730984525))"
21E,2019-06-03 04:55:00+00:00,2019-06-03 06:55:00+00:00,,,"POLYGON ((-76.21873962436875 37.08689626725049, -77.28525078251944 37.48213040093278, -77.39535255689452 37.45410397276633, -78.66428042347822 35.99967358220832, -77.35474921748055 37.29459382439914, -76.28823805932986 36.89935969071684, -78.51357530968916 35.86818986200757, -77.24464744310546 37.32262025256559, -76.21873962436875 37.08689626725049))"
29C,2019-06-03 04:55:00+00:00,2019-06-03 06:55:00+00:00,,,"POLYGON ((-100.8729554433455 37.2315888434271, -100.8910918138822 36.6994764760148, -101.8520793719154 35.46504282092929, -100.8058164070335 36.83110347129722, -100.885936130305 36.70674564898617, -101.0670445566545 37.18332481857504, -100.9869248333831 36.86113109154991, -102.009895744151 35.58790043222948, -101.0489081861178 36.82233408731499, -101.054063869695 36.81506491434362, -100.9739441464236 36.93942273665467, -100.7928357200741 36.90939511640197, -100.8729554433455 37.2315888434271))"
22E,2019-06-03 04:55:00+00:00,2019-06-03 06:55:00+00:00,0.0,43000.0,"POLYGON ((-76.22831746303251 33.88006344856447, -74.64261316888337 33.29573689975325, -74.71176671402628 33.108072872315475, -76.29747100817542 33.692399421126694, -76.22831746303251 33.88006344856447))"
23E,2019-06-03 04:55:00+00:00,2019-06-03 06:55:00+00:00,0.0,32000.0,"POLYGON ((-70.21181818181819 42.184672878922655, -69.84818181818181 42.184672878922655, -69.84818181818181 41.821036515286295, -70.21181818181819 41.821036515286295, -70.21181818181819 42.184672878922655))"
30C,2019-06-03 04:55:00+00:00,2019-06-03 06:55:00+00:00,0.0,45000.0,"POLYGON ((-104.22146036039038 34.667274191929856, -100.93898107195922 34.58958825228857, -101.56145958615454 31.78715024790566, -102.99871682841227 32.07422644866708, -104.22146036039038 34.667274191929856))"
28C,2019-06-03 04:55:00+00:00,2019-06-03 06:55:00+00:00,0.0,40000.0,"POLYGON ((-100.12753570681201 39.08447581554279, -100.04773486330222 38.90108599746358, -101.34257478553289 38.337645130972625, -101.42237562904268 38.52103494905183, -100.12753570681201 39.08447581554279))"
25W,2019-06-03 04:55:00+00:00,2019-06-03 06:55:00+00:00,0.0,33000.0,"POLYGON ((-107.86027643225054 41.58417270810509, -107.49017977821192 40.519844111348405, -108.44101676420264 40.51438834109486, -108.7265322050087 41.055360586350425, -107.86027643225054 41.58417270810509))"
26W,2019-06-03 04:55:00+00:00,2019-06-03 06:55:00+00:00,,,"POLYGON ((-121.025814690426 42.21753961316515, -121.9921332381661 40.25040587377183, -122.0023767089954 40.20681063815034, -122.0034349732348 39.99320304348834, -121.8126226342334 40.1622245657995, -120.8463040864932 42.12935830519282, -121.8034374276434 39.99221220675898, -121.8023791634041 40.20581980142099, -121.025814690426 42.21753961316515))"
19E,2019-06-03 04:55:00+00:00,2019-06-03 06:55:00+00:00,0.0,42000.0,"POLYGON ((-71.34449770347896 41.87367322735818, -70.03 39.78267939837248, -73.30741789298474 40.276152664690514, -72.69 41.440893132790826, -71.34449770347896 41.87367322735818))"
20E,2019-06-03 04:55:00+00:00,2019-06-03 06:55:00+00:00,0.0,45000.0,"POLYGON ((-72.32 39.75541730984526, -72.99131734459844 37.495250460203636, -73.70437737629756 36.86390153510433, -75.90491082640685 37.124916871343125, -76.48565181056581 38.02761640341515, -72.32 39.75541730984526))"
27C,2019-06-03 04:55:00+00:00,2019-06-03 06:55:00+00:00,0.0,45000.0,"POLYGON ((-99.99 43.23547582294557, -99.36579000038029 42.37730291166018, -101.69 40.05547582294557, -102.66665222233252 41.33485763409776, -99.99 43.23547582294557))"
31C,2019-06-03 04:55:00+00:00,2019-06-03 06:55:00+00:00,0.0,42000.0,"POLYGON ((-100.26985854875555 31.433540783733985, -101.83211056267488 29.737792400322206, -102.87027096504258 29.354443069746203, -102.80089609602597 30.886209881840895, -100.26985854875555 31.433540783733985))"
24E,2019-06-03 05:55:00+00:00,2019-06-03 07:55:00+00:00,0.0,42000.0,"POLYGON ((-69.70390453524244 42.6197196151363, -69.15844998978791 42.6197196151363, -69.15844998978791 42.07426506968175, -69.70390453524244 42.07426506968175, -69.70390453524244 42.6197196151363))"
27E,2019-06-03 05:55:00+00:00,2019-06-03 07:55:00+00:00,0.0,42000.0,"POLYGON ((-77.2501394074148 37.63354557836981, -75.85952252534612 37.68164839615858, -76.36688055830022 36.83455838416511, -77.32 36.92171624231643, -77.2501394074148 37.63354557836981))"
28E,2019-06-03 05:55:00+00:00,2019-06-03 07:55:00+00:00,0.0,43000.0,"POLYGON ((-76.0688561263062 33.82257064325212, -74.95811429553888 33.4142388873962, -75.02712307550175 33.22652157789056, -76.13786490626907 33.63485333374648, -76.0688561263062 33.82257064325212))"
34C,2019-06-03 05:55:00+00:00,2019-06-03 07:55:00+00:00,0.0,45000.0,"POLYGON ((-101.3038575358092 34.6217031276081, -100.45 31.948283757683583, -101.94942176331496 31.805318724005996, -103.36626516590256 34.4988718127511, -101.3038575358092 34.6217031276081))"
27W,2019-06-03 05:55:00+00:00,2019-06-03 07:55:00+00:00,0.0,40000.0,"POLYGON ((-121.39191956196083 40.136511926344745, -121.02931744694371 39.27958969655251, -121.21350641593915 39.201651107263295, -121.57610853095628 40.05857333705553, -121.39191956196083 40.136511926344745))"
28W,2019-06-03 05:55:00+00:00,2019-06-03 07:55:00+00:00,0.0,32000.0,"POLYGON ((-116.36658320752983 45.037025614634025, -116.28774934980311 44.63640745255758, -117.50076538260657 44.305315688789875, -117.65467192227769 44.572762142552264, -116.36658320752983 45.037025614634025))"
25E,2019-06-03 05:55:00+00:00,2019-06-03 07:55:00+00:00,0.0,37000.0,"POLYGON ((-69.62173432826388 41.15194475349374, -70.03 40.44815522131804, -72.0553634287705 39.03165492547468, -73.51380495411065 39.09293389337948, -71.30783809175034 40.597229995310826, -69.62173432826388 41.15194475349374))"
26E,2019-06-03 05:55:00+00:00,2019-06-03 07:55:00+00:00,0.0,45000.0,"POLYGON ((-72.25555602617851 38.24451853059374, -73.4965157049699 36.85937199774042, -75.79790902710916 37.657849857396606, -74.55547538896373 38.63862918434572, -72.25555602617851 38.24451853059374))"
33C,2019-06-03 05:55:00+00:00,2019-06-03 07:55:00+00:00,0.0,45000.0,"POLYGON ((-100.52579404602886 37.392095517893765, -99.95888295080866 36.186269187662276, -102.01602493357706 35.16208455698264, -101.84615184192981 36.3309231314805, -100.52579404602886 37.392095517893765))"
32C,2019-06-03 05:55:00+00:00,2019-06-03 07:55:00+00:00,0.0,45000.0,"POLYGON ((-99.66931041210574 42.80483513812383, -99.03190224334345 41.854669466716295, -99.37578812332485 40.5756759355119, -101.39797026952377 40.45186360664409, -101.79697562013382 42.555802216097334, -99.66931041210574 42.80483513812383))"
35C,2019-06-03 05:55:00+00:00,2019-06-03 07:55:00+00:00,0.0,45000.0,"POLYGON ((-101.22939376873013 31.36764383058726, -100.53241263676385 30.34339259729768, -101.83211056267488 29.737792400322206, -102.98 30.450893132790817, -101.22939376873013 31.36764383058726))"
HOTEL 3,2019-06-03 06:00:00+00:00,2019-06-03 10:00:00+00:00,0.0,45000.0,"POLYGON ((-58 39.15, -55.45 38.15, -61.45 27.45, -64.15 28.45, -58 39.15))"
TANGO 1,2019-06-03 06:15:00+00:00,2019-06-03 10:20:00+00:00,0.0,51000.0,"POLYGON ((137.4 13.3, 142 10.2, 132.2 8, 137.4 13.3))"
UNIFORM 1,2019-06-03 06:17:00+00:00,2019-06-03 10:20:00+00:00,0.0,52000.0,"POLYGON ((146.4 10, 160.4 8.4, 146.3 4.2, 143.2 7.5, 146.4 10))"
33E,2019-06-03 06:55:00+00:00,2019-06-03 08:55:00+00:00,0.0,42000.0,"POLYGON ((-75.50530265528657 34.92243248202061, -74.83479736120981 33.2612421071671, -75.94404088803616 33.670987685102816, -75.50530265528657 34.92243248202061))"
32E,2019-06-03 06:55:00+00:00,2019-06-03 08:55:00+00:00,0.0,42000.0,"POLYGON ((-75.29952257386518 37.9491130095111, -75.29622075654017 36.88657774342138, -77.17808505244128 36.58781018996013, -76.59110384820845 37.497760765197235, -75.29952257386518 37.9491130095111))"
29E,2019-06-03 06:55:00+00:00,2019-06-03 08:55:00+00:00,0.0,38000.0,"POLYGON ((-68.42729117382332 42.74519886306788, -68.64800631380805 42.29408208764103, -69.06721092729084 41.99160427337389, -69.14943321715843 42.978063434798166, -68.42729117382332 42.74519886306788))"
36C,2019-06-03 06:55:00+00:00,2019-06-03 08:55:00+00:00,0.0,45000.0,"POLYGON ((-98.61483599462328 42.603541608479695, -98.89155984894978 40.969817604257784, -100.37140257486915 40.60049346914478, -100.9269622945029 40.99453968928882, -100.38261220591994 42.569329831981555, -98.61483599462328 42.603541608479695))"
39C,2019-06-03 06:55:00+00:00,2019-06-03 08:55:00+00:00,0.0,45000.0,"POLYGON ((-101.07425823253564 31.14718849415423, -100.4638326480668 29.249000656784627, -102.46957207531297 29.880467546353547, -102.4742845959073 30.949015620762108, -101.07425823253564 31.14718849415423))"
30E,2019-06-03 06:55:00+00:00,2019-06-03 08:55:00+00:00,0.0,35000.0,"POLYGON ((-68.92313924388488 41.274699054739656, -71.17713667859279 38.76239319143765, -72.64398082327381 39.23324861016915, -70.18626061251973 41.162253631397505, -68.92313924388488 41.274699054739656))"
31E,2019-06-03 06:55:00+00:00,2019-06-03 08:55:00+00:00,0.0,45000.0,"POLYGON ((-73.42235584011804 38.646201748863184, -71.4849127585348 37.97036505946073, -74.11705479269541 36.242286206557836, -75.26798700973912 37.88863594415126, -73.42235584011804 38.646201748863184))"
37C,2019-06-03 06:55:00+00:00,2019-06-03 08:55:00+00:00,0.0,45000.0,"POLYGON ((-100.136316542488 37.03708362194396, -99.26039618132032 36.3384008192057, -100.34871750782901 35.41685161315762, -102.01720971629562 35.41674807104275, -100.136316542488 37.03708362194396))"
38C,2019-06-03 06:55:00+00:00,2019-06-03 08:55:00+00:00,0.0,45000.0,"POLYGON ((-101.64 34.62452417705442, -99.86 33.14547582294556, -100.45 31.869106867209172, -101.60140557692912 32.00864110351755, -102.4675569810212 34.37210140749102, -101.64 34.62452417705442))"
TANGO 2,2019-06-03 07:48:00+00:00,2019-06-03 11:50:00+00:00,0.0,50000.0,"POLYGON ((134.3 14, 140.2 10.3, 129.5 12.3, 134.3 14))"
34E,2019-06-03 07:55:00+00:00,2019-06-03 09:55:00+00:00,0.0,35000.0,"POLYGON ((-67.85906427237656 43.23986247283624, -67.77582468741025 41.93027489648743, -67.97542189877407 41.91758816263747, -68.05866148374038 43.22717573898628, -67.85906427237656 43.23986247283624))"
36E,2019-06-03 07:55:00+00:00,2019-06-03 09:55:00+00:00,0.0,45000.0,"POLYGON ((-73.37771744664127 38.99740154627171, -70.03 38.533152151003016, -74.2119137537105 36.87343854680372, -76.74227791774942 36.88876795950001, -73.37771744664127 38.99740154627171))"
42C,2019-06-03 07:55:00+00:00,2019-06-03 09:55:00+00:00,0.0,45000.0,"POLYGON ((-99.08556375137789 34.39791627721302, -99.86 31.901716242316414, -99.10284466402851 31.21139674257982, -100.76249752271063 31.258971372398964, -101.64232847457225 34.23397637645589, -99.08556375137789 34.39791627721302))"
41C,2019-06-03 07:55:00+00:00,2019-06-03 09:55:00+00:00,0.0,45000.0,"POLYGON ((-99.49776619213179 36.646073617019944, -99.96593650528497 34.48022292961879, -100.93153798912867 35.28793453962528, -100.59789263709773 36.337853207861116, -99.49776619213179 36.646073617019944))"
43C,2019-06-03 07:55:00+00:00,2019-06-03 09:55:00+00:00,0.0,45000.0,"POLYGON ((-101.93052525190525 31.475471177288785, -100.45 31.080858121158208, -100.51740492862491 28.825497621767806, -101.53833235498827 29.63442281741876, -101.93052525190525 31.475471177288785))"
37E,2019-06-03 07:55:00+00:00,2019-06-03 09:55:00+00:00,0.0,42000.0,"POLYGON ((-74.4601793343904 34.835922168434095, -74.38385970089264 33.090725365225445, -75.77634587804195 32.567473258060815, -76.0565913501922 34.33663054389656, -74.4601793343904 34.835922168434095))"
35E,2019-06-03 07:55:00+00:00,2019-06-03 09:55:00+00:00,0.0,38000.0,"POLYGON ((-69.0804672269008 41.9819669859217, -68.38102815496221 41.77762008166946, -70.03 39.117203575426906, -71.25643258679824 38.91687249029341, -72.32 39.42267939837247, -69.0804672269008 41.9819669859217))"
40C,2019-06-03 07:55:00+00:00,2019-06-03 09:55:00+00:00,0.0,42000.0,"POLYGON ((-99.82995829547396 42.68752938652257, -98.0629665905156 42.65929420601324, -98.11756369215794 39.851180059120324, -100.43624573180752 40.08225758323625, -99.82995829547396 42.68752938652257))"
45C,2019-06-03 08:55:00+00:00,2019-06-03 10:55:00+00:00,,,"POLYGON ((-99.78290853901107 36.47558048959525, -99.72994177510198 36.26079095102769, -99.8911745196667 36.31356794040545, -100.0762967069043 36.15879685189834, -99.9121790960149 36.08425303066954, -99.87723513043491 34.47858300033879, -99.92412469707982 36.21290574650529, -99.97709146098892 36.42769528507284, -99.94801413975271 36.00535766862043, -99.76289195251509 36.16012875712754, -100.0771877850622 34.47423145951849, -100.1121317506421 36.07990148984923, -99.78290853901107 36.47558048959525))"
41E,2019-06-03 08:55:00+00:00,2019-06-03 10:55:00+00:00,0.0,40000.0,"POLYGON ((-74.39101441204295 35.76170197549481, -74.02737804840658 35.76170197549481, -74.02737804840658 35.39806561185845, -74.39101441204295 35.39806561185845, -74.39101441204295 35.76170197549481))"
40E,2019-06-03 08:55:00+00:00,2019-06-03 10:55:00+00:00,0.0,42000.0,"POLYGON ((-75.7501385628768 33.70680989006737, -74.64239314999122 33.29565553031929, -74.71198673291843 33.10815424174944, -75.81973214580401 33.51930860149752, -75.7501385628768 33.70680989006737))"
44C,2019-06-03 08:55:00+00:00,2019-06-03 10:55:00+00:00,0.0,45000.0,"POLYGON ((-97.51411375493373 42.463989942232594, -96.58855672872072 40.19938346625069, -100.23000000000002 39.69371281826268, -98.69 42.47, -97.51411375493373 42.463989942232594))"
39E,2019-06-03 08:55:00+00:00,2019-06-03 10:55:00+00:00,0.0,45000.0,"POLYGON ((-72.44740060702281 39.16637987783707, -70.03 38.950834619690504, -72.00776677003088 36.83103045050032, -75.41503656287256 36.512234208800045, -74.9138413396713 37.877923844248194, -72.44740060702281 39.16637987783707))"
38E,2019-06-03 08:55:00+00:00,2019-06-03 10:55:00+00:00,0.0,37000.0,"POLYGON ((-68.60808196405806 40.825551519565714, -68.49223994299751 40.09325997119907, -70.03 39.117203575426906, -71.09196291774415 39.972310652127504, -68.60808196405806 40.825551519565714))"
46C,2019-06-03 08:55:00+00:00,2019-06-03 10:55:00+00:00,0.0,45000.0,"POLYGON ((-99.16070127752752 34.459246996332524, -98.85504110127808 31.41992584276884, -100.5518351383374 28.898707942725284, -101.31242492237271 29.82946505737113, -100.5742505076288 34.134389947873586, -99.16070127752752 34.459246996332524))"
HOTEL 4,2019-06-03 09:45:00+00:00,2019-06-03 13:45:00+00:00,0.0,45000.0,"POLYGON ((-61.15 31.3, -61 28.45, -67.3 28, -67.15 30.3, -61.15 31.3))"
UNIFORM 2,2019-06-03 09:45:00+00:00,2019-06-03 13:45:00+00:00,0.0,53000.0,"POLYGON ((146.4 8.2, 156.4 7.3, 144.4 4.2, 146.4 8.2))"
TANGO 3,2019-06-03 09:46:00+00:00,2019-06-03 13:50:00+00:00,0.0,50000.0,"POLYGON ((133.2 14.1, 137 11.4, 129.5 11.1, 133.2 14.1))"
45E,2019-06-03 09:55:00+00:00,2019-06-03 11:55:00+00:00,0.0,45000.0,"POLYGON ((-79.41519412349672 29.897873042671513, -78.7939201718521 30.109887478018585, -79.20685074925281 28.798575949269697, -79.73827720456228 28.795070318849003, -79.41519412349672 29.897873042671513))"
44E,2019-06-03 09:55:00+00:00,2019-06-03 11:55:00+00:00,0.0,45000.0,"POLYGON ((-75.90953611893048 33.764846200480825, -75.11614919500099 33.4731770587796, -75.18515873321235 33.28546002802358, -75.97854565714184 33.577129169724806, -75.90953611893048 33.764846200480825))"
42E,2019-06-03 09:55:00+00:00,2019-06-03 11:55:00+00:00,0.0,37000.0,"POLYGON ((-68.9478400386136 40.45141312184642, -70.03 38.78446566395412, -70.03 38.950834619690504, -70.03 40.115417309845256, -68.9478400386136 40.45141312184642))"
43E,2019-06-03 09:55:00+00:00,2019-06-03 11:55:00+00:00,0.0,44000.0,"POLYGON ((-72.64304587494642 38.379696802941126, -70.03 38.11898984100855, -73.35575740293993 35.27164877728828, -75.41503656287256 36.512234208800045, -72.64304587494642 38.379696802941126))"
48C,2019-06-03 09:55:00+00:00,2019-06-03 11:55:00+00:00,0.0,40000.0,"POLYGON ((-98.92202760120212 36.65451649036246, -98.35664168042017 35.652310019663666, -99.5723277770109 34.95611303170029, -99.80080508334557 36.493678767790406, -98.92202760120212 36.65451649036246))"
47C,2019-06-03 09:55:00+00:00,2019-06-03 11:55:00+00:00,0.0,42000.0,"POLYGON ((-97.56234153277589 42.464472852289234, -96.5599221485718 41.421765739609825, -97.51681698504989 40.192652318548085, -99.98798856543274 40.007438518178915, -98.69 42.47, -97.56234153277589 42.464472852289234))"
49C,2019-06-03 09:55:00+00:00,2019-06-03 11:55:00+00:00,0.0,45000.0,"POLYGON ((-98.59 34.655475822945576, -98.56424296641617 31.03963836001001, -100.47954528520262 28.74486603371117, -101.31242492237271 29.82946505737113, -99.68532905472999 34.36851321096221, -98.59 34.655475822945576))"
48E,2019-06-03 10:55:00+00:00,2019-06-03 12:55:00+00:00,,,"POLYGON ((-75.9422213548368 35.70378303249564, -77.20036389668262 34.15443415979235, -77.08951418549547 34.18571665075878, -76.71760311847707 34.05472414154173, -77.04510660476241 34.02835809820412, -75.7869640629166 35.57770697090741, -76.78404524893115 33.86608309802065, -77.15595631594955 33.99707560723769, -75.9422213548368 35.70378303249564))"
46E,2019-06-03 10:55:00+00:00,2019-06-03 12:55:00+00:00,0.0,39000.0,"POLYGON ((-69.18769411796401 40.569473902968106, -68.98849238616359 40.551622571149174, -69.06794475887881 39.66501924087333, -69.26714649067924 39.68287057269226, -69.18769411796401 40.569473902968106))"
47E,2019-06-03 10:55:00+00:00,2019-06-03 12:55:00+00:00,0.0,44000.0,"POLYGON ((-73.01650113428165 37.67459603391035, -70.63148033279951 37.67957331573068, -72.26194808884468 36.19608381995575, -74.74260663020704 35.07494773982172, -75.35471714455537 36.25716535586847, -73.01650113428165 37.67459603391035))"
49E,2019-06-03 10:55:00+00:00,2019-06-03 12:55:00+00:00,0.0,45000.0,"POLYGON ((-78.80012971878273 30.107787329002303, -78.26180803897103 30.28843962988686, -78.39258495235237 28.428185245373538, -79.20241947668596 29.286447168852742, -78.80012971878273 30.107787329002303))"
51C,2019-06-03 10:55:00+00:00,2019-06-03 12:55:00+00:00,0.0,45000.0,"POLYGON ((-98.21868510652617 34.11677580134007, -98.44269904503261 31.65463822396303, -100.40746807628835 28.590985780266138, -101.34265705492673 29.35877709847978, -99.39259800037578 33.98739430056722, -98.21868510652617 34.11677580134007))"
50C,2019-06-03 10:55:00+00:00,2019-06-03 12:55:00+00:00,0.0,42000.0,"POLYGON ((-96.84789503391721 41.98821452767679, -96.40302329466834 41.16809896600609, -97.76565618466444 40.30257425285108, -99.50096180902521 40.1948973195314, -97.44739550775394 42.08126422190353, -96.84789503391721 41.98821452767679))"
INDIA 1,2019-06-03 11:20:00+00:00,2019-06-03 15:20:00+00:00,0.0,45000.0,"POLYGON ((-67.3 38.45, -69.3 35.15, -72.45 34.3, -72.45 37.3, -67.3 38.45))"
ALFA 1,2019-06-03 11:45:00+00:00,2019-06-03 15:45:00+00:00,32000.0,40000.0,"POLYGON ((177.3 46.45, 178.3 42.3, 165 38.3, 165 41.3, 177.3 46.45))"
54E,2019-06-03 11:55:00+00:00,2019-06-03 13:55:00+00:00,0.0,45000.0,"POLYGON ((-78.48228792066723 30.214796034030904, -78.61454250363245 29.30297316019785, -79.20685074925281 28.798575949269697, -79.41519412349672 29.897873042671513, -78.48228792066723 30.214796034030904))"
52E,2019-06-03 11:55:00+00:00,2019-06-03 13:55:00+00:00,0.0,45000.0,"POLYGON ((-75.50807508637202 34.38015028034939, -74.90672743561092 33.37159246935495, -75.07850993542971 33.26916799593181, -75.6798575861908 34.27772580692625, -75.50807508637202 34.38015028034939))"
53E,2019-06-03 11:55:00+00:00,2019-06-03 13:55:00+00:00,0.0,45000.0,"POLYGON ((-78.06048709593469 31.31429522736353, -77.36054311348605 30.688259894726436, -77.49387483794754 30.53918725722336, -78.19381882039619 31.165222589860456, -78.06048709593469 31.31429522736353))"
54C,2019-06-03 11:55:00+00:00,2019-06-03 13:55:00+00:00,0.0,45000.0,"POLYGON ((-99.2251125489322 32.69970683790637, -98.05693125775515 31.934211071424663, -100.31099862160859 29.193239711728566, -101.10175263302263 29.35958957864635, -100.3200363855665 31.637066770330335, -99.2251125489322 32.69970683790637))"
53C,2019-06-03 11:55:00+00:00,2019-06-03 13:55:00+00:00,0.0,40000.0,"POLYGON ((-98.59 34.27914187884179, -97.41663140627001 34.005298847284045, -98.0727344637682 32.865757214318535, -99.2874433853242 33.98803236486344, -98.59 34.27914187884179))"
50E,2019-06-03 11:55:00+00:00,2019-06-03 13:55:00+00:00,0.0,37000.0,"POLYGON ((-68.5409533572415 40.78941927445014, -68.34432813642013 40.75283345018792, -68.46063548767091 40.12775641327538, -68.65726070849229 40.164342237537596, -68.5409533572415 40.78941927445014))"
51E,2019-06-03 11:55:00+00:00,2019-06-03 13:55:00+00:00,0.0,45000.0,"POLYGON ((-72.8710060922834 37.554613875583364, -72.67399383088501 36.208824888541756, -75.02669109969132 35.313314744045755, -75.2307883377674 35.93791113212833, -72.8710060922834 37.554613875583364))"
52C,2019-06-03 11:55:00+00:00,2019-06-03 13:55:00+00:00,0.0,40000.0,"POLYGON ((-96.0815268336992 41.784317799785896, -96.05144023002036 40.934298475774966, -98.53648952788578 39.63227837167451, -98.85201995983138 40.456671218088836, -96.0815268336992 41.784317799785896))"
TANGO 4,2019-06-03 12:20:00+00:00,2019-06-03 16:20:00+00:00,0.0,49000.0,"POLYGON ((133 15.5, 136.3 13.1, 130 12.5, 133 15.5))"
57E,2019-06-03 12:55:00+00:00,2019-06-03 14:55:00+00:00,0.0,45000.0,"POLYGON ((-75.41006071082744 34.95291152425693, -74.89737674106118 33.3508592748797, -75.08786062997945 33.28990119040706, -75.6005445997457 34.89195343978429, -75.41006071082744 34.95291152425693))"
55C,2019-06-03 12:55:00+00:00,2019-06-03 14:55:00+00:00,0.0,44000.0,"POLYGON ((-96.42435848167554 41.679119128695675, -95.74 41.0254290605791, -98.12452666211584 39.86388427445302, -98.56984736142644 40.97909166475509, -96.42435848167554 41.679119128695675))"
56E,2019-06-03 12:55:00+00:00,2019-06-03 14:55:00+00:00,0.0,45000.0,"POLYGON ((-72.418413134897 37.29047722444652, -72.79933985502997 35.06616814957474, -74.4601793343904 34.835922168434095, -75.16936097829462 35.43224824078843, -72.418413134897 37.29047722444652))"
55E,2019-06-03 12:55:00+00:00,2019-06-03 14:55:00+00:00,0.0,36000.0,"POLYGON ((-66.7108543225198 41.23231367512957, -66.61100203695767 40.14660369273088, -68.64357098989562 40.212842630177114, -69.14449413589978 41.27660732398547, -66.7108543225198 41.23231367512957))"
58E,2019-06-03 12:55:00+00:00,2019-06-03 14:55:00+00:00,0.0,45000.0,"POLYGON ((-76.787847348351 31.7018065542093, -76.91474654356858 29.234438676889393, -77.68695586025213 28.670408845141342, -79.20241947668596 29.286447168852742, -76.787847348351 31.7018065542093))"
57C,2019-06-03 12:55:00+00:00,2019-06-03 14:55:00+00:00,0.0,30000.0,"POLYGON ((-98.35837810061436 34.45089793170983, -97.91120135103945 33.953102457971305, -98.59 32.82541730984526, -99.15441562620227 33.51814707253503, -98.35837810061436 34.45089793170983))"
56C,2019-06-03 12:55:00+00:00,2019-06-03 14:55:00+00:00,0.0,38000.0,"POLYGON ((-98.87393805654176 32.47615613789508, -98.17598765774108 31.97513444044588, -99.70788943732514 29.737792400322206, -100.49941861497123 29.595008181510938, -100.45 31.37, -98.87393805654176 32.47615613789508))"
JULIETT 1,2019-06-03 13:10:00+00:00,2019-06-03 17:10:00+00:00,0.0,44000.0,"POLYGON ((-71.35 34.4, -70.2 32.15, -73.35 32.05, -73.25 34.1, -71.35 34.4))"
HOTEL 5,2019-06-03 13:25:00+00:00,2019-06-03 17:25:00+00:00,0.0,46000.0,"POLYGON ((-62.05 31.2, -61 29.45, -66.15 26.25, -66.2 30, -62.05 31.2))"
63E,2019-06-03 13:55:00+00:00,2019-06-03 15:55:00+00:00,0.0,45000.0,"POLYGON ((-79.06428675490844 28.268144562067036, -78.88386763385034 28.181837315809105, -79.8146859925178 26.236028158213813, -79.99510511357589 26.322335404471744, -79.06428675490844 28.268144562067036))"
61E,2019-06-03 13:55:00+00:00,2019-06-03 15:55:00+00:00,0.0,45000.0,"POLYGON ((-74.92852495630746 35.231179516350466, -73.82920458925635 34.294482668181814, -75.30890323925838 33.438056320016976, -76.11908520339009 34.337536208787064, -74.92852495630746 35.231179516350466))"
62C,2019-06-03 13:55:00+00:00,2019-06-03 15:55:00+00:00,0.0,38000.0,"POLYGON ((-96.06114891683775 35.1491443265734, -95.99836657243243 34.959253891766984, -97.34026985178153 34.51558839630049, -97.40305219618685 34.7054788311069, -96.06114891683775 35.1491443265734))"
61C,2019-06-03 13:55:00+00:00,2019-06-03 15:55:00+00:00,0.0,45000.0,"POLYGON ((-94.40436232120481 34.17738243076366, -95.11030646463465 33.50565249331188, -95.78000000000002 34.27171624231643, -94.40436232120481 34.17738243076366))"
60E,2019-06-03 13:55:00+00:00,2019-06-03 15:55:00+00:00,0.0,45000.0,"POLYGON ((-72.58141744893663 37.314117035316904, -72.79933985502997 35.06616814957474, -74.60118707224883 34.955516670633756, -74.74400132292926 36.88111767841492, -72.58141744893663 37.314117035316904))"
59E,2019-06-03 13:55:00+00:00,2019-06-03 15:55:00+00:00,0.0,36000.0,"POLYGON ((-66.70689460191525 42.25129884186158, -67.20588139869567 40.353886757935626, -68.0047169897603 40.625487174662844, -68.58853440437238 41.71671104486652, -66.70689460191525 42.25129884186158))"
62E,2019-06-03 13:55:00+00:00,2019-06-03 15:55:00+00:00,0.0,45000.0,"POLYGON ((-77.44288425641814 30.62787477486037, -76.77993474350278 30.024120720087836, -77.1378234558031 27.731732169128477, -79.20241947668596 29.286447168852742, -77.44288425641814 30.62787477486037))"
59C,2019-06-03 13:55:00+00:00,2019-06-03 15:55:00+00:00,0.0,31000.0,"POLYGON ((-98.77140752299898 32.0933119476073, -98.82909601567157 30.408013300001226, -100.00646201347176 29.357825973696244, -100.45 31.37, -98.77140752299898 32.0933119476073))"
60C,2019-06-03 13:55:00+00:00,2019-06-03 15:55:00+00:00,0.0,38000.0,"POLYGON ((-98.30544421653377 34.22495394428601, -97.73585886681921 33.73813637090367, -98.59 32.99178626558165, -99.14488870346338 33.79775385358701, -98.30544421653377 34.22495394428601))"
58C,2019-06-03 13:55:00+00:00,2019-06-03 15:55:00+00:00,0.0,36000.0,"POLYGON ((-96.0815268336992 41.784317799785896, -95.9008848506845 40.43487091095333, -97.4106089851464 39.81177987198915, -98.18109660882851 41.0724664371422, -96.0815268336992 41.784317799785896))"
VICTOR 1,2019-06-03 13:59:00+00:00,2019-06-03 18:00:00+00:00,0.0,58000.0,"POLYGON ((-144.1 6.5, -145.3 3, -155.4 6.2, -144.1 6.5))"
WHISKEY 1,2019-06-03 14:01:00+00:00,2019-06-03 18:00:00+00:00,0.0,55000.0,"POLYGON ((-166.4 7, -160.3 4.3, -167.3 3.4, -166.4 7))"
TANGO 5,2019-06-03 14:38:00+00:00,2019-06-03 18:40:00+00:00,0.0,49000.0,"POLYGON ((133.1 15.5, 138.2 11.2, 130 13.4, 133.1 15.5))"
65E,2019-06-03 14:55:00+00:00,2019-06-03 16:55:00+00:00,0.0,45000.0,"POLYGON ((-77.31143632013786 30.509020915147705, -76.85082422128924 30.08919572096909, -78.5879179705453 27.225337714382924, -79.64090169385672 26.84526824271553, -79.12084108063333 29.285263146677547, -77.31143632013786 30.509020915147705))"
64C,2019-06-03 14:55:00+00:00,2019-06-03 16:55:00+00:00,0.0,45000.0,"POLYGON ((-97.10943515288695 35.23303295246187, -95.29074662927528 35.01499575497537, -94.07000000000001 34.08828375768358, -94.87351717479291 33.78403293775853, -97.10943515288695 35.23303295246187))"
63C,2019-06-03 14:55:00+00:00,2019-06-03 16:55:00+00:00,0.0,36000.0,"POLYGON ((-95.37306648936008 42.27293343524037, -95.5082347290301 40.4191845487034, -97.33335543455169 39.463915342964654, -99.06444660293339 41.59909444717231, -95.37306648936008 42.27293343524037))"
64E,2019-06-03 14:55:00+00:00,2019-06-03 16:55:00+00:00,0.0,45000.0,"POLYGON ((-72.58141744893663 37.314117035316904, -72.79933985502997 35.06616814957474, -75.29134565535617 33.431553251189904, -75.04188050468775 35.87259919125233, -72.58141744893663 37.314117035316904))"
INDIA 2,2019-06-03 15:05:00+00:00,2019-06-03 19:05:00+00:00,0.0,41000.0,"POLYGON ((-65.55 39.45, -68.35 35.3, -72.45 34.3, -72.15 37.2, -65.55 39.45))"
66C,2019-06-03 15:55:00+00:00,2019-06-03 17:55:00+00:00,0.0,45000.0,"POLYGON ((-95.79 35.76628718173732, -93.93345148548069 34.72170140457218, -94.39079292709435 33.6202365459665, -96.4846531835305 34.84796799451713, -95.79 35.76628718173732))"
65C,2019-06-03 15:55:00+00:00,2019-06-03 17:55:00+00:00,0.0,44000.0,"POLYGON ((-95.37306648936008 42.27293343524037, -94.932731193374 40.5538045790758, -96.42602877245837 39.79910019985046, -97.81461786819713 41.54473580354133, -95.37306648936008 42.27293343524037))"
66E,2019-06-03 15:55:00+00:00,2019-06-03 17:55:00+00:00,0.0,45000.0,"POLYGON ((-72.43731817834639 37.19360502431225, -72.42995685017227 34.927774552075284, -74.56479044534089 33.159417191081516, -76.32629249359711 33.046225507906435, -72.43731817834639 37.19360502431225))"
67E,2019-06-03 15:55:00+00:00,2019-06-03 17:55:00+00:00,0.0,45000.0,"POLYGON ((-76.02415310970366 30.49338552969667, -75.55061458542029 29.374816151941708, -78.22819914450551 26.667863783618706, -79.17496313484394 27.673791862558097, -78.63029664222483 29.27709787387556, -76.02415310970366 30.49338552969667))"
JULIETT 2,2019-06-03 16:45:00+00:00,2019-06-03 20:45:00+00:00,0.0,45000.0,"POLYGON ((-68.5 35.2, -68.1 32.1, -72.35 31.55, -72.3 34.3, -68.5 35.2))"
HOTEL 6,2019-06-03 16:55:00+00:00,2019-06-03 20:55:00+00:00,0.0,44000.0,"POLYGON ((-59.55 33.25, -59.55 29.3, -64.55 27.3, -65.4 29.15, -59.55 33.25))"
68C,2019-06-03 16:55:00+00:00,2019-06-03 18:55:00+00:00,0.0,45000.0,"POLYGON ((-95.58536548144562 35.79912711035868, -93.6469561964963 34.87726180764858, -96.10507481718824 34.73891756206059, -95.58536548144562 35.79912711035868))"
70E,2019-06-03 16:55:00+00:00,2019-06-03 18:55:00+00:00,0.0,40000.0,"POLYGON ((-82.34468533569468 29.34346912376784, -81.46206655258582 29.172205116121397, -81.60723074669532 28.304457281261847, -82.68 28.741844778681966, -82.34468533569468 29.34346912376784))"
68E,2019-06-03 16:55:00+00:00,2019-06-03 18:55:00+00:00,0.0,45000.0,"POLYGON ((-72.79933985502997 35.06616814957474, -72.42995685017227 34.927774552075284, -74.56479044534089 33.159417191081516, -75.65632359998345 33.566027191238696, -72.79933985502997 35.06616814957474))"
69E,2019-06-03 16:55:00+00:00,2019-06-03 18:55:00+00:00,0.0,45000.0,"POLYGON ((-76.23755242463437 30.957558516288046, -75.67296559844613 29.719003643220173, -77.1378234558031 27.731732169128477, -78.74418212207864 28.30571205617317, -76.23755242463437 30.957558516288046))"
67C,2019-06-03 16:55:00+00:00,2019-06-03 18:55:00+00:00,0.0,37000.0,"POLYGON ((-95.53535572446135 42.22123122587855, -94.32410425804414 40.0577887468832, -95.5981583951737 39.72782108572522, -97.3307929444443 41.05715772183446, -95.53535572446135 42.22123122587855))"
VICTOR 2,2019-06-03 17:24:00+00:00,2019-06-03 21:25:00+00:00,0.0,58000.0,"POLYGON ((-144.1 6.5, -145.3 3, -155.4 6.2, -144.1 6.5))"
WHISKEY 2,2019-06-03 17:26:00+00:00,2019-06-03 21:30:00+00:00,0.0,55000.0,"POLYGON ((-166.4 7, -160.3 4.3, -167.3 3.4, -166.4 7))"
KILO 1,2019-06-03 17:50:00+00:00,2019-06-03 21:50:00+00:00,0.0,44000.0,"POLYGON ((-74 31.05, -74.1 29, -76.4 27.45, -76.45 29.2, -74 31.05))"
71C,2019-06-03 17:55:00+00:00,2019-06-03 19:55:00+00:00,0.0,40000.0,"POLYGON ((-105.95968984168098 37.6170502650248, -104.61501779581675 36.694183204033074, -105.27664394952602 35.927055177535266, -107.09428267824742 36.40389589459844, -105.95968984168098 37.6170502650248))"
71E,2019-06-03 17:55:00+00:00,2019-06-03 19:55:00+00:00,0.0,45000.0,"POLYGON ((-76.62242876451066 29.02683697822481, -76.61106191602163 27.910817677605095, -77.31302444862477 27.671594119567153, -79.14696250387193 28.849917908083896, -76.62242876451066 29.02683697822481))"
72C,2019-06-03 17:55:00+00:00,2019-06-03 19:55:00+00:00,0.0,38000.0,"POLYGON ((-107.08114553779869 40.51979355858024, -104.66000000000001 39.64363104426361, -106.41568302438607 37.81907312202571, -108.3448379330688 37.99955433850781, -107.08114553779869 40.51979355858024))"
69C,2019-06-03 17:55:00+00:00,2019-06-03 19:55:00+00:00,0.0,40000.0,"POLYGON ((-95.74 41.835475822945575, -94.9264266626173 40.912464794067716, -95.74551764504078 40.551996265048864, -97.14386062456585 40.90211283545108, -95.74 41.835475822945575))"
70C,2019-06-03 17:55:00+00:00,2019-06-03 19:55:00+00:00,0.0,45000.0,"POLYGON ((-95.55469079166566 35.73865458811491, -93.33101463122763 35.068029229266116, -94.8052086053976 33.25316055484376, -96.05988515987679 33.822993582994904, -95.55469079166566 35.73865458811491))"
29W,2019-06-03 17:55:00+00:00,2019-06-03 19:55:00+00:00,0.0,36000.0,"POLYGON ((-110.93724996619623 40.3918695669992, -109.88183379122628 39.6786195726772, -111.6852297596554 38.73421755807926, -110.93724996619623 40.3918695669992))"
TANGO 6,2019-06-03 18:02:00+00:00,2019-06-03 22:05:00+00:00,0.0,49000.0,"POLYGON ((130.1 18.1, 139.1 11.1, 133.3 7.3, 130 10.5, 130.1 18.1))"
JULIETT 3,2019-06-03 18:10:00+00:00,2019-06-03 22:10:00+00:00,0.0,45000.0,"POLYGON ((-68 35.2, -68.1 32.15, -76.4 32.15, -72.4 35.05, -68 35.2))"
INDIA 3,2019-06-03 18:40:00+00:00,2019-06-03 22:40:00+00:00,0.0,43000.0,"POLYGON ((-66.2 39.35, -65.15 38.35, -68 35.2, -71.45 35.1, -66.2 39.35))"
31W,2019-06-03 18:55:00+00:00,2019-06-03 20:55:00+00:00,0.0,33000.0,"POLYGON ((-110.96077113570136 44.010467284379885, -110.11 42.29085812115821, -114.1287552191743 41.397247202912986, -114.41514418917247 42.34640948195361, -110.96077113570136 44.010467284379885))"
72E,2019-06-03 18:55:00+00:00,2019-06-03 20:55:00+00:00,0.0,45000.0,"POLYGON ((-76.62242876451066 29.02683697822481, -76.61106191602163 27.910817677605095, -77.48803233666251 27.611235972021877, -78.04017616835857 28.549753072258635, -76.62242876451066 29.02683697822481))"
76C,2019-06-03 18:55:00+00:00,2019-06-03 20:55:00+00:00,0.0,42000.0,"POLYGON ((-106.05603114996269 40.72468923892798, -104.20291390445946 39.456179071034505, -104.72389546806858 36.3722702680982, -107.51601668689459 36.54762050379873, -108.39421840135098 40.5148392422274, -106.05603114996269 40.72468923892798))"
73C,2019-06-03 18:55:00+00:00,2019-06-03 20:55:00+00:00,0.0,40000.0,"POLYGON ((-95.74 41.835475822945575, -94.63499917094178 41.164719545556316, -95.40482350963279 40.55469215517877, -96.63157851737442 40.967764446736965, -95.74 41.835475822945575))"
75C,2019-06-03 18:55:00+00:00,2019-06-03 20:55:00+00:00,0.0,40000.0,"POLYGON ((-105.00445781685474 34.107933388171986, -104.98850644020882 33.466789347454, -105.5365572684907 33.018297884250586, -105.91447328859199 33.77896026488088, -105.00445781685474 34.107933388171986))"
77C,2019-06-03 18:55:00+00:00,2019-06-03 20:55:00+00:00,0.0,45000.0,"POLYGON ((-95.40875626891146 37.15981692593201, -95.03058532713813 35.942931889211366, -96.73849221374243 35.87791935953227, -96.18841726378886 36.96786669281985, -95.40875626891146 37.15981692593201))"
74C,2019-06-03 18:55:00+00:00,2019-06-03 20:55:00+00:00,0.0,45000.0,"POLYGON ((-94.41087621183067 36.014366277059125, -93.24965430460212 35.385710408272125, -94.47054752288118 32.65497295701891, -97.17 34.37636895573639, -94.41087621183067 36.014366277059125))"
32W,2019-06-03 18:55:00+00:00,2019-06-03 20:55:00+00:00,0.0,34000.0,"POLYGON ((-114.75122449379401 45.48860742763622, -109.93395447284462 45.42043414067266, -110.10320794577726 44.68424166743714, -114.92702057631232 43.24770048455137, -114.75122449379401 45.48860742763622))"
30W,2019-06-03 18:55:00+00:00,2019-06-03 20:55:00+00:00,0.0,36000.0,"POLYGON ((-108.70655868555396 41.35429223124123, -111.33703106519322 38.41827580394368, -112.70651063123303 38.45782994172094, -110.72241529355841 41.21443779307928, -108.70655868555396 41.35429223124123))"
74E,2019-06-03 19:55:00+00:00,2019-06-03 21:55:00+00:00,,,"POLYGON ((-81.12297511326199 29.3859829956865, -80.87596108017951 29.16379192980293, -81.00696110089481 28.43662474596441, -81.22503980452106 29.21398648758768, -81.02540916320119 29.09552338622948, -81.2037925756791 28.47208416691635, -81.0727925549638 29.19925135075486, -80.92334447194212 29.26751989432831, -81.12297511326199 29.3859829956865))"
83C,2019-06-03 19:55:00+00:00,2019-06-03 21:55:00+00:00,0.0,45000.0,"POLYGON ((-103.91518982624594 48.683781000521215, -103.17874955077045 48.25995264370374, -104.63779230292066 47.42950822578548, -105.32821579573007 48.212651649228974, -103.91518982624594 48.683781000521215))"
34W,2019-06-03 19:55:00+00:00,2019-06-03 21:55:00+00:00,0.0,33000.0,"POLYGON ((-109.61708896410042 43.936570147695996, -110.11 42.29085812115821, -113.76 41.45285469710447, -114.56485581082754 42.34640948195361, -109.61708896410042 43.936570147695996))"
33W,2019-06-03 19:55:00+00:00,2019-06-03 21:55:00+00:00,0.0,36000.0,"POLYGON ((-108.44011204684587 41.58854310684646, -111.25356804982556 38.41869801490078, -112.65276003764842 38.35730740487805, -110.91525280131533 41.17706806797123, -108.44011204684587 41.58854310684646))"
73E,2019-06-03 19:55:00+00:00,2019-06-03 21:55:00+00:00,0.0,41000.0,"POLYGON ((-76.80035650834265 28.968014159304357, -76.4350886114612 27.970067284132778, -77.48803233666251 27.611235972021877, -77.86366744383696 28.610195383562644, -76.80035650834265 28.968014159304357))"
78C,2019-06-03 19:55:00+00:00,2019-06-03 21:55:00+00:00,0.0,38000.0,"POLYGON ((-95.31206992896432 41.9377377950307, -94.46691840788536 41.18243746310314, -94.96555045251851 40.57919025306191, -96.18202027975656 41.169155086224855, -95.31206992896432 41.9377377950307))"
81C,2019-06-03 19:55:00+00:00,2019-06-03 21:55:00+00:00,0.0,42000.0,"POLYGON ((-106.34225278545851 40.8677549855521, -104.06139448932184 39.61745992378215, -104.43300948835093 36.13628001668123, -107.51601668689459 36.54762050379873, -108.39421840135098 40.5148392422274, -106.34225278545851 40.8677549855521))"
79C,2019-06-03 19:55:00+00:00,2019-06-03 21:55:00+00:00,0.0,45000.0,"POLYGON ((-94.41087621183067 36.014366277059125, -93.33101463122763 35.068029229266116, -94.47054752288118 32.65497295701891, -97.31205467137534 34.092277473595175, -94.41087621183067 36.014366277059125))"
82C,2019-06-03 19:55:00+00:00,2019-06-03 21:55:00+00:00,0.0,45000.0,"POLYGON ((-95.77713467448257 36.96759931321484, -94.32629898628728 36.249822894690666, -95.21034843262198 35.728036976477895, -96.54941467286189 35.942931889211366, -95.77713467448257 36.96759931321484))"
80C,2019-06-03 19:55:00+00:00,2019-06-03 21:55:00+00:00,0.0,45000.0,"POLYGON ((-105.14 34.495417309845244, -105.01828439850934 33.33936438538558, -105.5365572684907 33.018297884250586, -105.96526375356827 34.33115120234017, -105.14 34.495417309845244))"
35W,2019-06-03 19:55:00+00:00,2019-06-03 21:55:00+00:00,0.0,34000.0,"POLYGON ((-109.27925929367679 45.61709994685089, -113.46029560760184 43.45536294239098, -114.92702057631232 43.24770048455137, -114.75122449379401 45.48860742763622, -109.27925929367679 45.61709994685089))"
88C,2019-06-03 20:55:00+00:00,2019-06-03 22:55:00+00:00,0.0,45000.0,"POLYGON ((-104.20016607824726 42.109054481608325, -101.80969898814605 37.31367041433493, -104.2073596519278 36.26686634706466, -107.59105794015376 36.572983002657615, -107.97755884266745 41.02916503309846, -104.20016607824726 42.109054481608325))"
89C,2019-06-03 20:55:00+00:00,2019-06-03 22:55:00+00:00,0.0,45000.0,"POLYGON ((-107.45637540294464 36.22718064343505, -104.64580271096791 35.82496592679141, -104.46002016812076 33.395222368140615, -105.22826711046754 32.827380110356025, -107.54635012230929 33.81398093708158, -107.45637540294464 36.22718064343505))"
86C,2019-06-03 20:55:00+00:00,2019-06-03 22:55:00+00:00,0.0,45000.0,"POLYGON ((-101.30203976119554 48.93755633269981, -100.2119366554384 49.06976385395822, -100.18785713304732 48.87121870392575, -101.27796023880447 48.73901118266734, -101.30203976119554 48.93755633269981))"
38W,2019-06-03 20:55:00+00:00,2019-06-03 22:55:00+00:00,0.0,37000.0,"POLYGON ((-116.74133545920527 43.38269835217271, -116.19 42.827145302895524, -116.92 41.29285469710447, -118.16804366218678 42.05534726518974, -116.74133545920527 43.38269835217271))"
84C,2019-06-03 20:55:00+00:00,2019-06-03 22:55:00+00:00,0.0,45000.0,"POLYGON ((-95.58638124266955 37.28670656736876, -93.13678534446377 37.29617616699439, -92.18 34.68, -93.62733377439761 32.706200814372764, -96.88628549121216 33.974391913160964, -95.58638124266955 37.28670656736876))"
87C,2019-06-03 20:55:00+00:00,2019-06-03 22:55:00+00:00,0.0,44000.0,"POLYGON ((-104.16307404340697 49.070774411352, -102.50731459669713 48.8509037935655, -104.62358149929328 47.43938564828709, -105.71183009107301 47.96166472173875, -104.16307404340697 49.070774411352))"
85C,2019-06-03 20:55:00+00:00,2019-06-03 22:55:00+00:00,0.0,35000.0,"POLYGON ((-95.31206992896432 41.9377377950307, -92.9842258953669 41.43808081345296, -94.23486358458874 40.36257112968429, -95.74 41.17, -95.31206992896432 41.9377377950307))"
36W,2019-06-03 20:55:00+00:00,2019-06-03 22:55:00+00:00,0.0,40000.0,"POLYGON ((-108.3 42.79452417705442, -107.57152738490684 42.0266124678051, -111.715792570022 37.87956058656707, -113.14093582844265 37.68701421784924, -111.03680985587275 41.55202563868247, -108.3 42.79452417705442))"
37W,2019-06-03 20:55:00+00:00,2019-06-03 22:55:00+00:00,0.0,37000.0,"POLYGON ((-108.8402586093116 45.74612159391407, -110.99179102090241 43.14858525756878, -114.49 42.48, -116.02736889650382 43.66752550174524, -114.26111319506516 45.32726713562242, -108.8402586093116 45.74612159391407))"
VICTOR 3,2019-06-03 21:14:00+00:00,2019-06-04 01:15:00+00:00,0.0,52000.0,"POLYGON ((-144.4 7, -143.3 3.3, -155.1 3.2, -158.3 5.1, -144.4 7))"
WHISKEY 3,2019-06-03 21:15:00+00:00,2019-06-04 01:15:00+00:00,0.0,58000.0,"POLYGON ((-168.4 6.3, -161.2 6.1, -162.1 2.1, -165.4 1.3, -168.4 6.3))"
TANGO 7,2019-06-03 21:20:00+00:00,2019-06-04 01:20:00+00:00,0.0,49000.0,"POLYGON ((135.1 13.5, 138.5 11, 130.1 6.4, 130 10.2, 135.1 13.5))"
JULIETT 4,2019-06-03 21:25:00+00:00,2019-06-04 01:25:00+00:00,0.0,45000.0,"POLYGON ((-65.45 40.45, -63.3 40.15, -67.15 30.15, -76.45 32, -71.15 37.15, -65.45 40.45))"
41W,2019-06-03 21:55:00+00:00,2019-06-03 23:55:00+00:00,0.0,37000.0,"POLYGON ((-116.98785767567311 43.5472258836684, -115.96250706443409 43.14907513869738, -117.28785111983984 41.23725050853294, -118.28452578963244 42.282569402418154, -116.98785767567311 43.5472258836684))"
40W,2019-06-03 21:55:00+00:00,2019-06-03 23:55:00+00:00,0.0,37000.0,"POLYGON ((-108.62000000000002 46.30910686720918, -110.99179102090241 43.14858525756878, -114.49 42.48, -115.97815114515174 43.48613765145571, -113.7457724571336 45.254795154294385, -108.62000000000002 46.30910686720918))"
39W,2019-06-03 21:55:00+00:00,2019-06-03 23:55:00+00:00,0.0,40000.0,"POLYGON ((-108.3 42.79452417705442, -106.51057786708327 41.925512203148266, -111.715792570022 37.87956058656707, -113.14093582844265 37.68701421784924, -111.03680985587275 41.55202563868247, -108.3 42.79452417705442))"
92C,2019-06-03 22:02:00+00:00,2019-06-03 23:55:00+00:00,0.0,44000.0,"POLYGON ((-103.96838110863513 44.77882049175218, -102.776006334743 44.12278907705973, -102.87241550254255 43.947559877540364, -104.06479027643468 44.603591292232814, -103.96838110863513 44.77882049175218))"
95C,2019-06-03 22:02:00+00:00,2019-06-03 23:55:00+00:00,0.0,45000.0,"POLYGON ((-98.46 29.64, -99.48243678140838 27.61355220128516, -100.93587665072302 29.35989739434322, -98.46 29.64))"
93C,2019-06-03 22:02:00+00:00,2019-06-03 23:55:00+00:00,0.0,45000.0,"POLYGON ((-103.65187701739882 42.19728196833578, -101.1190087333079 37.79202598332345, -105.58330622214797 32.40630715788342, -107.50968700913997 33.74090368461795, -107.7667199864779 40.87198569941175, -103.65187701739882 42.19728196833578))"
91C,2019-06-03 22:02:00+00:00,2019-06-03 23:55:00+00:00,0.0,44000.0,"POLYGON ((-104.16307404340697 49.070774411352, -99.18903541037243 48.81401822500344, -102.43527885435837 47.825957526103885, -105.7572084040494 47.628466294139, -104.16307404340697 49.070774411352))"
90C,2019-06-03 22:02:00+00:00,2019-06-03 23:55:00+00:00,0.0,45000.0,"POLYGON ((-92.9425867053488 37.48670200760065, -91.43465701275326 34.42306291183953, -93.08090477926518 32.5132209682483, -96.88628549121216 33.974391913160964, -95.2 37.49273791147277, -92.9425867053488 37.48670200760065))"
94C,2019-06-03 22:02:00+00:00,2019-06-03 23:55:00+00:00,0.0,45000.0,"POLYGON ((-105.10527405680908 31.81460465390421, -104.39667653202848 31.221471085015427, -104.72075403584114 30.297741723080886, -106.86738013057055 31.818651108334038, -105.10527405680908 31.81460465390421))"
99C,2019-06-03 22:55:00+00:00,2019-06-04 00:55:00+00:00,0.0,45000.0,"POLYGON ((-104.85136678639135 46.12510706664346, -104.73949074320642 45.959324827060065, -107.31329659580096 44.22242456899818, -107.4251726389859 44.38820680858157, -104.85136678639135 46.12510706664346))"
01C,2019-06-03 22:55:00+00:00,2019-06-04 00:55:00+00:00,0.0,43000.0,"POLYGON ((-104.12056048989947 44.882907426188446, -102.59624439224605 44.18087726738715, -102.67990859631739 43.99921741778601, -104.20422469397081 44.7012475765873, -104.12056048989947 44.882907426188446))"
43W,2019-06-03 22:55:00+00:00,2019-06-04 00:55:00+00:00,0.0,37000.0,"POLYGON ((-107.73025143273397 46.41993585906355, -108.28322133020244 44.833470898686095, -114.26638243970758 42.07908342873558, -115.79106198174608 43.549306454531546, -113.93511989461771 45.12213561361669, -107.73025143273397 46.41993585906355))"
02C,2019-06-03 22:55:00+00:00,2019-06-04 00:55:00+00:00,0.0,45000.0,"POLYGON ((-107.9745898391281 43.694820992825846, -103.48 42.888213734418365, -100.87936454879492 38.03754629798924, -105.00765310705967 32.25934150436937, -107.43285238623216 33.58731629107023, -107.9745898391281 43.694820992825846))"
03C,2019-06-03 22:55:00+00:00,2019-06-04 00:55:00+00:00,0.0,45000.0,"POLYGON ((-105.00765310705967 32.25934150436937, -104.06484782478142 31.16149142296605, -104.6272204200906 29.7100533582447, -107.06316757549875 31.81760199578816, -105.00765310705967 32.25934150436937))"
04C,2019-06-03 22:55:00+00:00,2019-06-04 00:55:00+00:00,0.0,43000.0,"POLYGON ((-98.46 30.30547582294557, -97.9304709149763 29.447948339967343, -99.49186402511808 27.633686417325315, -100.96088704314941 29.359864120564456, -98.46 30.30547582294557))"
98C,2019-06-03 22:55:00+00:00,2019-06-04 00:55:00+00:00,0.0,45000.0,"POLYGON ((-104.16307404340697 49.070774411352, -99.18903541037243 48.81401822500344, -104.28843381072946 45.79105637700785, -106.252298723062 47.6045565619278, -104.16307404340697 49.070774411352))"
97C,2019-06-03 22:55:00+00:00,2019-06-04 00:55:00+00:00,0.0,43000.0,"POLYGON ((-95.59981672197165 39.286838040909956, -94.54158288670679 39.22616489972479, -94.49 37.77089313279083, -95.79415694983281 37.62908336415014, -95.59981672197165 39.286838040909956))"
96C,2019-06-03 22:55:00+00:00,2019-06-04 00:55:00+00:00,0.0,45000.0,"POLYGON ((-92.8838826985863 37.712085859526454, -91.24904083418144 34.35812375537841, -93.99266622560239 32.706200814372764, -96.86427277160114 33.59480051591332, -95.2 37.659106867209175, -92.8838826985863 37.712085859526454))"
45W,2019-06-03 22:55:00+00:00,2019-06-04 00:55:00+00:00,0.0,41000.0,"POLYGON ((-121.62053442648754 40.568918625389855, -120.58455851954668 40.232200939648145, -119.04881396500134 37.13217850288846, -120.36204165583088 38.09905793183348, -121.62053442648754 40.568918625389855))"
42W,2019-06-03 22:55:00+00:00,2019-06-04 00:55:00+00:00,0.0,40000.0,"POLYGON ((-107.81660541819414 43.106056321121685, -107.90485615529919 40.32742077116497, -112.0897607527305 37.689813383126996, -113.94276897586836 37.89622763603094, -110.90136662512687 41.989058650565, -107.81660541819414 43.106056321121685))"
44W,2019-06-03 22:55:00+00:00,2019-06-04 00:55:00+00:00,0.0,37000.0,"POLYGON ((-117.10814736885332 43.54632630744694, -115.5457734817611 43.077620086045435, -117.23083203467294 40.80486549632753, -117.86999999999999 42.25726208852722, -117.10814736885332 43.54632630744694))"
XRAY 1,2019-06-03 23:28:00+00:00,2019-06-04 03:30:00+00:00,0.0,56000.0,"POLYGON ((144 9, 149 5.4, 146.5 4, 142 5.3, 144 9))"
YANKEE 1,2019-06-03 23:29:00+00:00,2019-06-04 03:30:00+00:00,0.0,50000.0,"POLYGON ((154.1 8.1, 157.1 7.3, 156.2 3.4, 151.5 5.5, 154.1 8.1))"
51W,2019-06-03 23:55:00+00:00,2019-06-04 01:55:00+00:00,0.0,44000.0,"POLYGON ((-121.94839259897725 40.63390044860791, -120.24287137089662 40.59708535943038, -119.277793096361 36.87876840732514, -120.57115547369366 37.936044417130475, -121.94839259897725 40.63390044860791))"
49W,2019-06-03 23:55:00+00:00,2019-06-04 01:55:00+00:00,0.0,37000.0,"POLYGON ((-107.73025143273397 46.41993585906355, -107.43600718948689 44.72873252201573, -108.84196367955677 44.393695813355144, -110.09883464112178 46.133661235916804, -107.73025143273397 46.41993585906355))"
48W,2019-06-03 23:55:00+00:00,2019-06-04 01:55:00+00:00,0.0,38000.0,"POLYGON ((-107.56126299525539 43.67892728172802, -105.54577519351932 43.30895784757072, -106.1304043770079 41.64595430539509, -111.27606020311744 40.62655689005667, -111.16154560100793 41.460485295863094, -107.56126299525539 43.67892728172802))"
10C,2019-06-03 23:55:00+00:00,2019-06-04 01:55:00+00:00,0.0,45000.0,"POLYGON ((-105.54328145408029 33.65492043788262, -104.195831681091 33.69220162515748, -103.92823845959413 31.27994192009473, -104.49241870126961 29.82831901421994, -107.06316757549875 31.81760199578816, -105.54328145408029 33.65492043788262))"
06C,2019-06-03 23:55:00+00:00,2019-06-04 01:55:00+00:00,0.0,44000.0,"POLYGON ((-94.82244301271521 39.443675835506966, -93.6269430103395 37.59491059880739, -95.03957082487167 37.46730181069597, -95.65847302443478 37.882192163855166, -95.81475270641053 39.28505953289656, -94.82244301271521 39.443675835506966))"
09C,2019-06-03 23:55:00+00:00,2019-06-04 01:55:00+00:00,0.0,45000.0,"POLYGON ((-101.28256749776635 38.620761285792824, -100.58423310165523 37.1667092916066, -107.50968700913997 33.74090368461795, -106.82 35.87184477868197, -101.28256749776635 38.620761285792824))"
07C,2019-06-03 23:55:00+00:00,2019-06-04 01:55:00+00:00,0.0,45000.0,"POLYGON ((-98.66165855452614 48.89992915975619, -101.51934511876283 46.16863111690094, -102.58187911916829 44.10653514647325, -107.06 44.50726208852722, -104.83437493373955 48.96674080204988, -98.66165855452614 48.89992915975619))"
08C,2019-06-03 23:55:00+00:00,2019-06-04 01:55:00+00:00,0.0,45000.0,"POLYGON ((-103.01 43.148155221318035, -101.2915106401921 39.51665428550966, -104.83135118795715 37.52078868065801, -105.2909242569205 42.107733040827185, -103.01 43.148155221318035))"
05C,2019-06-03 23:55:00+00:00,2019-06-04 01:55:00+00:00,0.0,43000.0,"POLYGON ((-92.98202410595856 35.862601163817615, -90.9147676044338 34.6980786917871, -93.81 32.43726208852721, -97.04 32.87, -96.22538701271631 35.84628842029848, -92.98202410595856 35.862601163817615))"
50W,2019-06-03 23:55:00+00:00,2019-06-04 01:55:00+00:00,0.0,36000.0,"POLYGON ((-114.08 45.35273791147279, -110.90676710180499 43.91727401028197, -116.26295713168848 40.56813877541632, -118.34667522344661 42.23608685269057, -114.08 45.35273791147279))"
47W,2019-06-03 23:55:00+00:00,2019-06-04 01:55:00+00:00,0.0,40000.0,"POLYGON ((-108.08062534101197 41.105589276503004, -106.34225278545851 40.8677549855521, -105.70241540401487 39.05194490697802, -106.55418873172205 36.75952082116372, -109.12941832397318 39.81735030408487, -108.08062534101197 41.105589276503004))"
46W,2019-06-03 23:55:00+00:00,2019-06-04 01:55:00+00:00,0.0,41000.0,"POLYGON ((-109.92875138686031 40.20349254750692, -111.45906417155736 37.68701421784924, -112.74387544232627 37.33624456758044, -113.60436743770364 38.50205209450343, -112.51 39.96547582294558, -109.92875138686031 40.20349254750692))"
WHISKEY 4,2019-06-04 00:48:00+00:00,2019-06-04 04:50:00+00:00,0.0,50000.0,"POLYGON ((-166.5 7.4, -159 4.2, -159 2, -169.4 2.5, -166.5 7.4))"
VICTOR 4,2019-06-04 00:49:00+00:00,2019-06-04 04:50:00+00:00,0.0,50000.0,"POLYGON ((-144.4 7, -144.3 3.2, -151.3 3.2, -154.2 5.5, -144.4 7))"
TANGO 8,2019-06-04 00:51:00+00:00,2019-06-04 04:55:00+00:00,0.0,50000.0,"POLYGON ((134.4 12.2, 137.5 10, 130.2 6, 130.1 10.3, 134.4 12.2))"
5C,2019-06-04 00:55:00+00:00,2019-06-04 02:55:00+00:00,0.0,45000.0,"POLYGON ((-100.73 38.353712818262686, -100.59789263709773 36.337853207861116, -105.9535638081779 34.32132231764426, -105.43577836591369 37.04269633762434, -100.73 38.353712818262686))"
5W,2019-06-04 00:55:00+00:00,2019-06-04 02:55:00+00:00,0.0,42000.0,"POLYGON ((-120.24287137089662 40.59708535943038, -119.277793096361 36.87876840732514, -120.57115547369366 37.936044417130475, -121.8372518530255 40.40598551988456, -120.24287137089662 40.59708535943038))"
2C,2019-06-04 00:55:00+00:00,2019-06-04 02:55:00+00:00,0.0,45000.0,"POLYGON ((-95.13647268151058 39.16199380415305, -93.5717906209856 37.820869202567536, -94.73175056075276 37.808636657037304, -95.7613665762566 38.263140596600905, -95.53149759750342 39.03264914438195, -95.13647268151058 39.16199380415305))"
3C,2019-06-04 00:55:00+00:00,2019-06-04 02:55:00+00:00,0.0,45000.0,"POLYGON ((-98.66165855452614 48.89992915975619, -101.35094766165405 46.287405722917505, -104.7334023069494 44.47645193735176, -106.17239422728301 44.46080391139157, -104.65268540330287 48.8509037935655, -98.66165855452614 48.89992915975619))"
6C,2019-06-04 00:55:00+00:00,2019-06-04 02:55:00+00:00,0.0,45000.0,"POLYGON ((-103.88191207882944 33.592485202118255, -103.75594719418353 30.947682516475272, -104.38835170535828 29.377040276992666, -106.46101597356972 31.883538548808815, -105.54328145408029 33.65492043788262, -103.88191207882944 33.592485202118255))"
4C,2019-06-04 00:55:00+00:00,2019-06-04 02:55:00+00:00,0.0,45000.0,"POLYGON ((-103.04714899444285 42.65771748292251, -101.09498892447245 39.19748270788722, -103.32510170134243 38.19828936038757, -104.77 42.20821373441836, -103.04714899444285 42.65771748292251))"
1C,2019-06-04 00:55:00+00:00,2019-06-04 02:55:00+00:00,0.0,45000.0,"POLYGON ((-92.64979561008604 35.601331230795736, -89.54088228810181 33.71247523151669, -93.39193424955843 32.41638345396659, -97.04 32.87, -96.09266988900575 35.46442038163358, -92.64979561008604 35.601331230795736))"
1W,2019-06-04 00:55:00+00:00,2019-06-04 02:55:00+00:00,0.0,35000.0,"POLYGON ((-112.92595678972364 40.067788483398424, -110.53136633742427 40.01197320353763, -111.66929072272445 37.688320474488826, -112.88120597779678 37.497572236376115, -114.30909964480641 38.09626733152037, -112.92595678972364 40.067788483398424))"
3W,2019-06-04 00:55:00+00:00,2019-06-04 02:55:00+00:00,0.0,43000.0,"POLYGON ((-107.15570205206484 46.373663817632284, -107.06 44.673631044263615, -108.72440496044406 43.58654953667821, -111.1029617895054 46.01864755284932, -107.15570205206484 46.373663817632284))"
4W,2019-06-04 00:55:00+00:00,2019-06-04 02:55:00+00:00,0.0,34000.0,"POLYGON ((-112.98762997362502 45.37649890846631, -110.46416379777163 44.07080813705409, -115.8249646451596 40.56483011763162, -118.2125456760061 41.97466732616907, -112.98762997362502 45.37649890846631))"
2W,2019-06-04 00:55:00+00:00,2019-06-04 02:55:00+00:00,0.0,40000.0,"POLYGON ((-108.68269863791967 40.97468492314346, -106.34225278545851 40.8677549855521, -105.7017167427689 38.283135671693366, -106.69966467634637 36.64088674229378, -108.48799832078983 38.824328695608074, -108.68269863791967 40.97468492314346))"
JULIETT 5,2019-06-04 01:20:00+00:00,2019-06-04 05:20:00+00:00,0.0,45000.0,"POLYGON ((-65.15 36.15, -62.15 33.3, -68.15 29.15, -73.45 31.45, -65.15 36.15))"
1E,2019-06-04 01:55:00+00:00,2019-06-04 03:55:00+00:00,0.0,45000.0,"POLYGON ((-80.12193918692077 27.208475091023743, -80.05806081307924 27.01895054550163, -81.29955525155576 26.600510571699292, -81.36343362539729 26.790035117221404, -80.12193918692077 27.208475091023743))"
12C,2019-06-04 01:55:00+00:00,2019-06-04 03:55:00+00:00,0.0,30000.0,"POLYGON ((-93.18842194003254 41.83224312959735, -92.10217789335164 41.19610273071406, -92.20324807491349 41.023519943626084, -93.28949212159439 41.659660342509376, -93.18842194003254 41.83224312959735))"
8W,2019-06-04 01:55:00+00:00,2019-06-04 03:55:00+00:00,0.0,40000.0,"POLYGON ((-106.68403991516527 45.8665009739966, -106.04062536486147 44.83546579691765, -108.3 43.60457093942089, -109.58492410132718 44.42215186211547, -106.68403991516527 45.8665009739966))"
11C,2019-06-04 01:55:00+00:00,2019-06-04 03:55:00+00:00,0.0,45000.0,"POLYGON ((-102.53323746676675 33.884796373472774, -103.29545604096907 28.915027596438687, -104.38835170535828 29.377040276992666, -104.91343422443286 30.29647148748119, -104.90239476065017 33.57496189950146, -102.53323746676675 33.884796373472774))"
7C,2019-06-04 01:55:00+00:00,2019-06-04 03:55:00+00:00,0.0,45000.0,"POLYGON ((-91.05336744560324 35.056824231255355, -89.3554273434894 33.774904836200875, -93.81 32.43726208852721, -97.40653123934477 32.99679901624816, -97.17 34.87547582294557, -91.05336744560324 35.056824231255355))"
10C,2019-06-04 01:55:00+00:00,2019-06-04 03:55:00+00:00,0.0,45000.0,"POLYGON ((-99.9039418943079 38.644723941847474, -100.49960381867967 36.3384008192057, -105.14 34.495417309845244, -104.9828868207996 37.34705067144582, -99.9039418943079 38.644723941847474))"
8C,2019-06-04 01:55:00+00:00,2019-06-04 03:55:00+00:00,0.0,45000.0,"POLYGON ((-104.65268540330287 48.8509037935655, -98.83676736968474 48.7799458708842, -101.1818191036012 46.405932037441474, -105.365912258928 44.31331963721201, -106.80616051632589 48.102224605908965, -104.65268540330287 48.8509037935655))"
9C,2019-06-04 01:55:00+00:00,2019-06-04 03:55:00+00:00,0.0,45000.0,"POLYGON ((-105.85817901510019 43.216559625259684, -103.01 43.148155221318035, -100.65973403088665 39.25921033434689, -102.88575985030562 38.2635041860755, -105.85817901510019 43.216559625259684))"
9W,2019-06-04 01:55:00+00:00,2019-06-04 03:55:00+00:00,0.0,33000.0,"POLYGON ((-112.91570489434017 45.86424025152738, -109.94773614110636 44.861097788918535, -115.07716595600121 40.72251337745525, -118.2125456760061 41.97466732616907, -112.91570489434017 45.86424025152738))"
7W,2019-06-04 01:55:00+00:00,2019-06-04 03:55:00+00:00,0.0,33000.0,"POLYGON ((-107.13569442694524 38.9786260732145, -105.41344253430755 38.604236742272775, -106.13776643737062 36.7347540774274, -108.93 38.14273791147279, -107.13569442694524 38.9786260732145))"
6W,2019-06-04 01:55:00+00:00,2019-06-04 03:55:00+00:00,0.0,36000.0,"POLYGON ((-112.99058817749629 40.139230184832236, -110.73148310972385 39.94744182720427, -111.64994177313687 35.99206649689904, -115.17624029282938 38.68472329378612, -112.99058817749629 40.139230184832236))"
10W,2019-06-04 01:55:00+00:00,2019-06-04 03:55:00+00:00,0.0,44000.0,"POLYGON ((-118.63153109373403 41.20410169959196, -118.98806624864334 36.87710052349026, -120.66197233748373 37.86490695952628, -121.43322903188732 40.351873534671654, -118.63153109373403 41.20410169959196))"
XRAY 2,2019-06-04 02:23:00+00:00,2019-06-04 06:25:00+00:00,0.0,54000.0,"POLYGON ((142.3 9.1, 146.2 8.3, 145.4 3.2, 141.3 4.5, 142.3 9.1))"
YANKEE 2,2019-06-04 02:34:00+00:00,2019-06-04 06:35:00+00:00,0.0,52000.0,"POLYGON ((156 9.2, 155.3 5.3, 151 4.4, 148.5 8, 156 9.2))"
2E,2019-06-04 02:55:00+00:00,2019-06-04 04:55:00+00:00,0.0,45000.0,"POLYGON ((-80.12429065314218 27.063078831672307, -80.05570934685782 26.87520492601127, -81.26095416883047 26.43524353811913, -81.32953547511482 26.623117443780167, -80.12429065314218 27.063078831672307))"
13C,2019-06-04 02:55:00+00:00,2019-06-04 04:55:00+00:00,0.0,40000.0,"POLYGON ((-90.79270900075385 34.74066369738246, -89.91108910816011 33.766135444757815, -93.5483777536736 32.235463319603745, -95.38446127126005 32.63971051897004, -96.2758137263662 34.44008408108652, -90.79270900075385 34.74066369738246))"
15C,2019-06-04 02:55:00+00:00,2019-06-04 04:55:00+00:00,0.0,45000.0,"POLYGON ((-102.55481040268157 43.1776919902386, -99.6987856450821 39.66770527388671, -101.69 38.811716242316415, -105.68611181035051 43.08846443644398, -102.55481040268157 43.1776919902386))"
12W,2019-06-04 02:55:00+00:00,2019-06-04 04:55:00+00:00,0.0,36000.0,"POLYGON ((-111.97917792106121 45.41455580593374, -110.73 44.76656751536715, -112.21 43.800858121158214, -114.08 44.152574363474635, -111.97917792106121 45.41455580593374))"
14C,2019-06-04 02:55:00+00:00,2019-06-04 04:55:00+00:00,0.0,42000.0,"POLYGON ((-104.83437493373955 48.96674080204988, -98.66165855452614 48.89992915975619, -100.85481979822666 46.45244089512704, -104.71600678863805 44.49644288744318, -106.39959333907686 48.15610297128134, -104.83437493373955 48.96674080204988))"
17C,2019-06-04 02:55:00+00:00,2019-06-04 04:55:00+00:00,0.0,45000.0,"POLYGON ((-102.53323746676675 33.884796373472774, -102.73672728438713 29.235638419622713, -103.36730441863041 29.069070318372592, -104.3353814557686 30.299435421134067, -104.90239476065017 33.57496189950146, -102.53323746676675 33.884796373472774))"
18C,2019-06-04 02:55:00+00:00,2019-06-04 04:55:00+00:00,0.0,40000.0,"POLYGON ((-105.5280854558156 34.89085105100741, -104.16283433394584 34.9876972526654, -104.98850644020882 33.466789347454, -106.35736127977817 33.59492822241103, -105.5280854558156 34.89085105100741))"
16C,2019-06-04 02:55:00+00:00,2019-06-04 04:55:00+00:00,0.0,45000.0,"POLYGON ((-98.99438979531452 38.47625077177771, -99.80111704919133 36.186269187662276, -102.4552775052322 35.28726475362841, -102.28913184861443 37.4307908860785, -98.99438979531452 38.47625077177771))"
11W,2019-06-04 02:55:00+00:00,2019-06-04 04:55:00+00:00,0.0,33000.0,"POLYGON ((-107.06 45.671844778681965, -105.88694676107468 44.833995509884296, -107.81092914911201 43.8118835332334, -108.23305323892534 44.833995509884296, -107.06 45.671844778681965))"
13W,2019-06-04 02:55:00+00:00,2019-06-04 04:55:00+00:00,0.0,45000.0,"POLYGON ((-119.66713820622846 40.94981903168323, -119.87570139550466 39.52980067638653, -121.32669390142554 39.39055037375246, -121.43322903188732 40.351873534671654, -119.66713820622846 40.94981903168323))"
LIMA 1,2019-06-04 03:40:00+00:00,2019-06-04 07:40:00+00:00,0.0,42000.0,"POLYGON ((-63.3 39.3, -63.15 38.3, -68.3 36, -68.3 37.45, -63.3 39.3))"
20C,2019-06-04 03:55:00+00:00,2019-06-04 05:55:00+00:00,0.0,43000.0,"POLYGON ((-98.47720980962217 49.02540690978021, -101.72 45.80285469710448, -104.50594710261592 44.41288695564353, -103.52469219125913 47.368672269327064, -104.08545799089904 48.950301552192535, -98.47720980962217 49.02540690978021))"
23C,2019-06-04 03:55:00+00:00,2019-06-04 05:55:00+00:00,0.0,43000.0,"POLYGON ((-102.39256531746754 33.865037105473995, -102.53276853206532 30.014266797684222, -103.38020225889534 29.096670613459747, -103.6409518257039 30.18898711059571, -104.25160415484609 33.64613792869364, -102.39256531746754 33.865037105473995))"
22C,2019-06-04 03:55:00+00:00,2019-06-04 05:55:00+00:00,0.0,45000.0,"POLYGON ((-98.7523686037793 38.12620694403504, -99.46692764636938 36.33928924642974, -102.4552775052322 35.28726475362841, -101.13017242014628 37.3473022803483, -98.7523686037793 38.12620694403504))"
21C,2019-06-04 03:55:00+00:00,2019-06-04 05:55:00+00:00,0.0,45000.0,"POLYGON ((-104.9132320507295 43.08186648893285, -101.09088958545333 41.664319927645394, -99.15378914798819 40.07856131286345, -100.83369257939711 38.787873964804376, -104.9132320507295 43.08186648893285))"
19C,2019-06-04 03:55:00+00:00,2019-06-04 05:55:00+00:00,0.0,42000.0,"POLYGON ((-90.72839956421892 34.76303402602263, -89.89499523901863 34.2279306828508, -93.25330862272543 32.29820545222906, -94.67444928384836 32.57368233729353, -93.68476638691838 34.277929553358355, -90.72839956421892 34.76303402602263))"
14W,2019-06-04 03:55:00+00:00,2019-06-04 05:55:00+00:00,0.0,41000.0,"POLYGON ((-105.97019778667713 45.153169888527685, -105.5816413686589 44.25146251234015, -106.90255528068715 43.99906699388001, -107.49449087081356 44.96651078228763, -105.97019778667713 45.153169888527685))"
15W,2019-06-04 03:55:00+00:00,2019-06-04 05:55:00+00:00,0.0,40000.0,"POLYGON ((-119.66713820622846 40.94981903168323, -119.15802123555218 40.4511572347226, -120.95412169597198 39.52282488679779, -121.15256364535168 40.09491535628702, -119.66713820622846 40.94981903168323))"
VICTOR 5,2019-06-04 04:41:00+00:00,2019-06-04 08:40:00+00:00,0.0,54000.0,"POLYGON ((-148 8, -146.1 7, -152.4 5.3, -154.2 7.3, -148 8))"
WHISKEY 5,2019-06-04 04:44:00+00:00,2019-06-04 08:45:00+00:00,0.0,53000.0,"POLYGON ((-163.5 6.1, -161.3 5.4, -164.5 2.1, -163.5 6.1))"
TANGO 9,2019-06-04 04:48:00+00:00,2019-06-04 08:50:00+00:00,0.0,54000.0,"POLYGON ((132.5 12.2, 133.4 10, 130 6, 130 10.5, 132.5 12.2))"
JULIETT 6,2019-06-04 04:50:00+00:00,2019-06-04 08:50:00+00:00,0.0,44000.0,"POLYGON ((-64 37.15, -61.15 36.3, -66 29.3, -72 30.45, -64 37.15))"
LIMA 2,2019-06-04 04:55:00+00:00,2019-06-04 08:55:00+00:00,0.0,35000.0,"POLYGON ((-62.45 40.45, -61.15 39.15, -69 34.45, -69.3 35.45, -62.45 40.45))"
26C,2019-06-04 04:55:00+00:00,2019-06-04 06:55:00+00:00,0.0,45000.0,"POLYGON ((-101.27097647390411 41.983799422695114, -98.35000000000001 40.36800342405375, -100.2087513217854 38.327761780810626, -101.27097647390411 41.983799422695114))"
27C,2019-06-04 04:55:00+00:00,2019-06-04 06:55:00+00:00,0.0,45000.0,"POLYGON ((-98.23094569192958 38.25935103708534, -98.27899736304697 36.349463096732606, -101.96771950280403 35.40020804885809, -101.03943302513895 37.17354591821115, -98.23094569192958 38.25935103708534))"
28C,2019-06-04 04:55:00+00:00,2019-06-04 06:55:00+00:00,0.0,45000.0,"POLYGON ((-102.12990146569587 35.123036978887406, -102.53276853206532 30.014266797684222, -103.38020225889534 29.096670613459747, -103.44766941780078 30.299040769823556, -103.6 34.74628718173732, -102.12990146569587 35.123036978887406))"
16W,2019-06-04 04:55:00+00:00,2019-06-04 06:55:00+00:00,0.0,38000.0,"POLYGON ((-105.47576025375848 45.577613104793514, -105.31971594969994 44.326496091593604, -106.25414818181896 44.055174372118074, -106.77063536450672 45.044089700640804, -105.47576025375848 45.577613104793514))"
17W,2019-06-04 04:55:00+00:00,2019-06-04 06:55:00+00:00,0.0,40000.0,"POLYGON ((-119.65999999999998 40.54199657594627, -119.29785110287577 40.19727160899726, -120.3548927522037 39.749234310256185, -121.1060551933663 40.094471104779956, -119.65999999999998 40.54199657594627))"
25C,2019-06-04 04:55:00+00:00,2019-06-04 06:55:00+00:00,0.0,44000.0,"POLYGON ((-104.16307404340697 49.070774411352, -98.25842434363473 48.65093870416963, -101.26300951321751 45.84762142472055, -105.25621466903782 47.82977178219938, -104.16307404340697 49.070774411352))"
24C,2019-06-04 04:55:00+00:00,2019-06-04 06:55:00+00:00,0.0,32000.0,"POLYGON ((-90.26812548498647 35.25494108293, -89.99721149015635 33.69496043993733, -92.82920852467535 32.5175361009145, -94.17507087465457 32.64213722871149, -92.74 33.92547582294558, -90.26812548498647 35.25494108293))"
34C,2019-06-04 05:55:00+00:00,2019-06-04 07:55:00+00:00,0.0,32000.0,"POLYGON ((-92.77377960639102 42.67973916266076, -91.68883065256296 42.39583648934925, -91.38968436184588 41.119090631949945, -92.15271298413256 41.10981133717007, -92.77377960639102 42.67973916266076))"
31C,2019-06-04 05:55:00+00:00,2019-06-04 07:55:00+00:00,0.0,45000.0,"POLYGON ((-99.31332747319053 41.375982967581706, -96.96709968895057 40.19753391433971, -99.44469151875185 38.643988965590026, -99.31332747319053 41.375982967581706))"
18W,2019-06-04 05:55:00+00:00,2019-06-04 07:55:00+00:00,0.0,42000.0,"POLYGON ((-105.63294736926953 44.8311134107298, -104.41623064735289 43.971376244594566, -106.03804866938263 43.999295464222186, -106.44835468377971 44.838367631930005, -105.63294736926953 44.8311134107298))"
30C,2019-06-04 05:55:00+00:00,2019-06-04 07:55:00+00:00,0.0,45000.0,"POLYGON ((-103.09559258107677 48.91751796511705, -98.07830735058332 48.534806758681164, -100.032121970443 45.68226927331003, -104.95193607979292 47.759791875655615, -103.09559258107677 48.91751796511705))"
32C,2019-06-04 05:55:00+00:00,2019-06-04 07:55:00+00:00,0.0,45000.0,"POLYGON ((-97.94456880651437 38.31472926093198, -97.62698822128678 36.58492398265086, -101.35090834952706 35.52493765759384, -100.89074185153315 37.61248073608352, -97.94456880651437 38.31472926093198))"
33C,2019-06-04 05:55:00+00:00,2019-06-04 07:55:00+00:00,0.0,45000.0,"POLYGON ((-101.07374164730987 35.4796814756367, -101.91 32.86815522131805, -103.22276016315152 33.730877293526476, -102.65605385739515 35.49467624126144, -101.07374164730987 35.4796814756367))"
29C,2019-06-04 05:55:00+00:00,2019-06-04 07:55:00+00:00,0.0,34000.0,"POLYGON ((-90.38062277967303 35.91765186208282, -89.68175148453419 33.4585633463776, -92.5880221265347 32.709812346999655, -92.93896036246021 33.25984157835248, -91.60450117321743 35.14921248092541, -90.38062277967303 35.91765186208282))"
41C,2019-06-04 06:55:00+00:00,2019-06-04 08:55:00+00:00,0.0,42000.0,"POLYGON ((-102.20354894339638 30.671054534781053, -99.94819903935748 30.332804887914524, -99.85349460982958 29.024918812780733, -101.84683123928569 29.742949417867504, -102.20354894339638 30.671054534781053))"
38C,2019-06-04 06:55:00+00:00,2019-06-04 08:55:00+00:00,0.0,45000.0,"POLYGON ((-100.69475799213349 35.60466129276366, -101.48403889577132 34.05219171842209, -102.60950977294848 34.03866862920351, -102.20625835269013 35.4796814756367, -100.69475799213349 35.60466129276366))"
39C,2019-06-04 06:55:00+00:00,2019-06-04 08:55:00+00:00,0.0,42000.0,"POLYGON ((-91.1360499314034 41.871952010324634, -90.98604812121557 41.04774434142146, -91.8633003711866 41.05860636155787, -92.0839500685966 41.871952010324634, -91.1360499314034 41.871952010324634))"
37C,2019-06-04 06:55:00+00:00,2019-06-04 08:55:00+00:00,0.0,45000.0,"POLYGON ((-97.62 38.43089313279083, -97.09376428761767 36.34715600899554, -101.07374164730987 35.4796814756367, -100.56925814846686 37.61248073608352, -97.62 38.43089313279083))"
40C,2019-06-04 06:55:00+00:00,2019-06-04 08:55:00+00:00,0.0,38000.0,"POLYGON ((-105.13980959276775 44.993745810074635, -104.08372190609433 44.29332315017509, -105.51491853080432 43.99626809500719, -105.97019778667713 45.153169888527685, -105.13980959276775 44.993745810074635))"
35C,2019-06-04 06:55:00+00:00,2019-06-04 08:55:00+00:00,0.0,44000.0,"POLYGON ((-99.89445893821568 48.63360271361209, -97.89901575524812 48.418395141551606, -99.046041668837 45.888579782580955, -102.42439843512304 47.09476278862618, -99.89445893821568 48.63360271361209))"
36C,2019-06-04 06:55:00+00:00,2019-06-04 08:55:00+00:00,0.0,45000.0,"POLYGON ((-98.50706685475875 41.49753394225193, -96.05624573180751 40.08225758323625, -98.90310782272125 38.922976622584734, -98.50706685475875 41.49753394225193))"
46C,2019-06-04 07:55:00+00:00,2019-06-04 09:55:00+00:00,0.0,45000.0,"POLYGON ((-100.22050763866743 35.67168482391578, -100.77449201936804 34.20307023616194, -102.11043770871281 34.10053675341801, -101.38888183340639 35.49419490607184, -100.22050763866743 35.67168482391578))"
43C,2019-06-04 07:55:00+00:00,2019-06-04 09:55:00+00:00,0.0,38000.0,"POLYGON ((-91.29731501756872 42.398501091617796, -90.56079474610921 42.132770752829124, -90.16606738306676 41.158564984604176, -91.61 41.230858121158214, -91.29731501756872 42.398501091617796))"
44C,2019-06-04 07:55:00+00:00,2019-06-04 09:55:00+00:00,0.0,45000.0,"POLYGON ((-97.68484043451703 41.378084860365036, -94.82208188878768 39.13626627972338, -98.47543658150431 38.92687836921599, -97.68484043451703 41.378084860365036))"
45C,2019-06-04 07:55:00+00:00,2019-06-04 09:55:00+00:00,0.0,44000.0,"POLYGON ((-96.99531596176664 37.93955746508777, -96.54941467286189 35.942931889211366, -100.69475799213349 35.60466129276366, -100.00316620292863 37.35441774730114, -96.99531596176664 37.93955746508777))"
42C,2019-06-04 07:55:00+00:00,2019-06-04 09:55:00+00:00,0.0,40000.0,"POLYGON ((-100.91200959367768 47.64455569214193, -98.20545316944073 47.124037682039386, -98.55240569057925 45.727265122967516, -102.77 47.35910686720918, -100.91200959367768 47.64455569214193))"
47C,2019-06-04 07:55:00+00:00,2019-06-04 09:55:00+00:00,0.0,45000.0,"POLYGON ((-101.8161027315283 30.944785814376942, -99.82 30.7663689557364, -100.23256413636088 28.88836074833382, -102.00990102739007 29.79993238755002, -101.8161027315283 30.944785814376942))"
VICTOR 6,2019-06-04 08:32:00+00:00,2019-06-04 12:30:00+00:00,,,"POLYGON ((-140 8.3, -138.1 6.1, -146.3 5.4, -153.2 4.4, -154.4 7.4, -147.3 8.3, -141.4 6.5, -140 8.3))"
WHISKEY 6,2019-06-04 08:36:00+00:00,2019-06-04 12:35:00+00:00,0.0,51000.0,"POLYGON ((-156.1 6.4, -155.3 3, -165.1 0.5, -166.3 6.2, -156.1 6.4))"
JULIETT 7,2019-06-04 08:40:00+00:00,2019-06-04 12:40:00+00:00,0.0,45000.0,"POLYGON ((-61.3 41.45, -59.3 38.45, -66.45 29.15, -73.45 30.15, -73 32, -66.45 30.45, -61.3 41.45))"
52C,2019-06-04 08:55:00+00:00,2019-06-04 10:55:00+00:00,0.0,45000.0,"POLYGON ((-101.59054746725431 31.497453965797, -99.69109203618869 30.86706873506423, -100.23190089731217 28.193231407031874, -101.69249850942846 29.688775455783485, -101.59054746725431 31.497453965797))"
49C,2019-06-04 08:55:00+00:00,2019-06-04 10:55:00+00:00,0.0,44000.0,"POLYGON ((-92.14228316742044 43.08385806470935, -90.16882033440295 42.23275060954026, -89.86072049737894 40.95522834343825, -91.31684393460168 40.98536150358635, -92.14228316742044 43.08385806470935))"
48C,2019-06-04 08:55:00+00:00,2019-06-04 10:55:00+00:00,0.0,44000.0,"POLYGON ((-101.69037949403727 48.14865415031836, -97.81965669531556 46.46926562414684, -98.37 45.564570939420896, -103.93473050646325 46.522117638082726, -101.69037949403727 48.14865415031836))"
51C,2019-06-04 08:55:00+00:00,2019-06-04 10:55:00+00:00,0.0,45000.0,"POLYGON ((-97.58 38.08273791147279, -95.94841719425833 36.5073055265705, -99.28239131454505 35.189367960249534, -100.99766463559898 33.77975652936476, -102.07050183938904 34.93631439773482, -97.58 38.08273791147279))"
50C,2019-06-04 08:55:00+00:00,2019-06-04 10:55:00+00:00,0.0,44000.0,"POLYGON ((-96.52848044054174 41.755528343081274, -94.74 38.957262088527216, -98.04772770216081 38.92921957284507, -96.52848044054174 41.755528343081274))"
56C,2019-06-04 09:55:00+00:00,2019-06-04 11:55:00+00:00,0.0,43000.0,"POLYGON ((-97.36894271074799 38.15051068003595, -95.61084524740969 36.19986650831597, -98.57910262339321 35.06409484438911, -100.29 34.080858121158215, -101.14808558371958 35.45497962647934, -97.36894271074799 38.15051068003595))"
54C,2019-06-04 09:55:00+00:00,2019-06-04 11:55:00+00:00,0.0,45000.0,"POLYGON ((-91.84972514475632 43.241536178604576, -89.2936371654041 41.69388649690689, -89.37088185810539 40.75909327891075, -90.23110472444583 40.17723815414907, -91.84972514475632 43.241536178604576))"
57C,2019-06-04 09:55:00+00:00,2019-06-04 11:55:00+00:00,0.0,45000.0,"POLYGON ((-101.46695399079593 31.753281987934677, -99.47576694794002 31.36631853452987, -100.35525054811127 28.300354481657774, -101.83211056267488 29.737792400322206, -101.46695399079593 31.753281987934677))"
55C,2019-06-04 09:55:00+00:00,2019-06-04 11:55:00+00:00,0.0,45000.0,"POLYGON ((-96.0815268336992 41.784317799785896, -94.13605320063564 38.817872298875415, -97.1922722978392 38.92921957284507, -96.0815268336992 41.784317799785896))"
53C,2019-06-04 09:55:00+00:00,2019-06-04 11:55:00+00:00,0.0,45000.0,"POLYGON ((-102.20888160268473 48.00165958179926, -98.54940226129166 46.73742035279272, -100.12172747863647 45.83644601044437, -103.45219406982484 46.38739864767923, -102.20888160268473 48.00165958179926))"
59C,2019-06-04 10:55:00+00:00,2019-06-04 12:55:00+00:00,0.0,37000.0,"POLYGON ((-92.02463985150662 43.742681585456715, -88.24592033404554 41.68354238867399, -89.59 40.58171624231642, -92.538159373443 43.08727014598592, -92.02463985150662 43.742681585456715))"
62C,2019-06-04 10:55:00+00:00,2019-06-04 12:55:00+00:00,0.0,45000.0,"POLYGON ((-100.92012762838787 31.53511759332631, -99.62636871375672 31.000555069351446, -100.23190089731217 28.193231407031874, -101.38433277521784 29.579892089021953, -100.92012762838787 31.53511759332631))"
60C,2019-06-04 10:55:00+00:00,2019-06-04 12:55:00+00:00,0.0,45000.0,"POLYGON ((-95.65522329058224 41.323673834562726, -94.12788178373465 39.758965403599206, -96.82184160482629 39.72782108572522, -95.65522329058224 41.323673834562726))"
61C,2019-06-04 10:55:00+00:00,2019-06-04 12:55:00+00:00,0.0,42000.0,"POLYGON ((-96.69572237042755 37.040839353198294, -95.7112575616402 36.046269320109936, -97.83299103328152 34.93866126814074, -99.48377949184832 34.36735685073003, -100.31615824890882 35.986284371093056, -96.69572237042755 37.040839353198294))"
58C,2019-06-04 10:55:00+00:00,2019-06-04 12:55:00+00:00,0.0,40000.0,"POLYGON ((-101.99036350329465 47.78729678015629, -97.82118874859658 46.74589194207449, -100.032121970443 45.68226927331003, -103.13823232876206 46.244585368507884, -101.99036350329465 47.78729678015629))"
BRAVO 1,2019-06-04 11:00:00+00:00,2019-06-04 15:00:00+00:00,0.0,50000.0,"POLYGON ((-133 10, -130.3 7.3, -135 4.45, -138 7.45, -133 10))"
JULIETT 8,2019-06-04 11:45:00+00:00,2019-06-04 15:45:00+00:00,0.0,44000.0,"POLYGON ((-64.15 32.45, -63 32, -65.15 29.3, -66.15 30.15, -64.15 32.45))"
65C,2019-06-04 11:55:00+00:00,2019-06-04 13:55:00+00:00,0.0,42000.0,"POLYGON ((-95.99674015076697 36.600520979821155, -95.58536548144562 35.79912711035868, -97.37166102398419 34.610533613703694, -98.9126012080232 34.10022898024189, -99.54140285583473 34.98108870181298, -95.99674015076697 36.600520979821155))"
67C,2019-06-04 11:55:00+00:00,2019-06-04 13:55:00+00:00,0.0,40000.0,"POLYGON ((-98.31317047268008 42.25551183327533, -98.23935212237744 42.06963324075161, -99.38656929439288 41.614036509964954, -99.46038764469553 41.799915102488676, -98.31317047268008 42.25551183327533))"
68C,2019-06-04 11:55:00+00:00,2019-06-04 13:55:00+00:00,0.0,43000.0,"POLYGON ((-88.6214583721674 47.74312375100441, -87.35029922795152 47.01505836951092, -87.44970077204849 46.84150914585624, -88.72085991626436 47.56957452734974, -88.6214583721674 47.74312375100441))"
63C,2019-06-04 11:55:00+00:00,2019-06-04 13:55:00+00:00,0.0,38000.0,"POLYGON ((-91.68312318609718 43.84613517585438, -87.98545229993799 41.836263396364004, -88.96943097204864 40.687765571974516, -92.27218011278566 43.4034771032289, -91.68312318609718 43.84613517585438))"
64C,2019-06-04 11:55:00+00:00,2019-06-04 13:55:00+00:00,0.0,45000.0,"POLYGON ((-95.57004586593189 41.477285171616685, -93.94272498268425 39.54195288461503, -95.87956304061456 39.58470851718954, -95.57004586593189 41.477285171616685))"
66C,2019-06-04 11:55:00+00:00,2019-06-04 13:55:00+00:00,0.0,45000.0,"POLYGON ((-100.86179968284802 31.016420160068012, -99.46332434735785 30.472180254601373, -100.40746807628835 28.590985780266138, -101.15177306765172 29.359456484491126, -100.86179968284802 31.016420160068012))"
WHISKEY 7,2019-06-04 12:09:00+00:00,2019-06-04 16:10:00+00:00,0.0,57000.0,"POLYGON ((-155.4 8.2, -151.5 7.3, -159.2 5.2, -159.2 7.3, -155.4 8.2))"
VICTOR 7,2019-06-04 12:13:00+00:00,2019-06-04 16:15:00+00:00,0.0,55000.0,"POLYGON ((-142 9.2, -138.5 8.4, -141.1 4.3, -148 6, -148.1 9.2, -143.2 8.3, -142 9.2))"
74C,2019-06-04 12:55:00+00:00,2019-06-04 14:55:00+00:00,0.0,45000.0,"POLYGON ((-100.8103639623608 31.676177754081056, -98.12561529316277 30.889785047747328, -100.4546627015052 28.69179869316259, -101.96859003079274 30.946062600297328, -100.8103639623608 31.676177754081056))"
76C,2019-06-04 12:55:00+00:00,2019-06-04 14:55:00+00:00,0.0,44000.0,"POLYGON ((-93.61090407851367 43.294111362606564, -93.1041991104986 42.689078737606685, -94.10868035815126 42.5545320663766, -94.51697890640209 43.0104752619219, -93.61090407851367 43.294111362606564))"
72C,2019-06-04 12:55:00+00:00,2019-06-04 14:55:00+00:00,0.0,42000.0,"POLYGON ((-95.02786583802015 41.38911072022567, -93.8737124970061 39.56342119983033, -94.56728665875835 39.34519737322581, -97.28742261194004 41.043149010792476, -95.02786583802015 41.38911072022567))"
69C,2019-06-04 12:55:00+00:00,2019-06-04 14:55:00+00:00,0.0,37000.0,"POLYGON ((-88.63237753829527 47.94593260822786, -84.89291410743901 46.574497022530736, -86.62912708802294 46.12610301878265, -90.18884085578415 47.656349139177074, -88.93990058204122 47.367549748946466, -88.63237753829527 47.94593260822786))"
75C,2019-06-04 12:55:00+00:00,2019-06-04 14:55:00+00:00,0.0,42000.0,"POLYGON ((-93.21066134485365 39.12415958345098, -91.71348640191444 36.36224755172515, -92.88227153159998 36.24362461849089, -93.70964064612373 38.01274509315114, -93.21066134485365 39.12415958345098))"
73C,2019-06-04 12:55:00+00:00,2019-06-04 14:55:00+00:00,0.0,40000.0,"POLYGON ((-95.49930808067495 35.96436692098359, -96.86427277160114 33.59480051591332, -98.67674048876654 32.47446493334528, -99.55602448798989 33.09445467995339, -98.59 34.821844778681964, -95.49930808067495 35.96436692098359))"
71C,2019-06-04 12:55:00+00:00,2019-06-04 14:55:00+00:00,0.0,42000.0,"POLYGON ((-96.17485263840608 42.572452027108, -96.68789704841058 41.87198206512391, -99.93158832431888 41.30177800390811, -98.60389893118014 42.31626285847444, -96.17485263840608 42.572452027108))"
70C,2019-06-04 12:55:00+00:00,2019-06-04 14:55:00+00:00,0.0,40000.0,"POLYGON ((-91.63361561530844 44.02752404275479, -87.27153813506374 41.517716271355646, -87.87618129572203 40.30252572931338, -91.90625454591772 43.14063904777, -91.63361561530844 44.02752404275479))"
19W,2019-06-04 12:55:00+00:00,2019-06-04 14:55:00+00:00,0.0,38000.0,"POLYGON ((-103.86806689835203 44.23146475589418, -104.1777161191561 43.11755179958967, -107.4565476490336 43.202225520727616, -103.86806689835203 44.23146475589418))"
JULIETT 9,2019-06-04 13:40:00+00:00,2019-06-04 17:40:00+00:00,0.0,42000.0,"POLYGON ((-61.55 35.35, -58.4 34.35, -65.25 28.3, -67.5 28.5, -61.55 35.35))"
82C,2019-06-04 13:55:00+00:00,2019-06-04 15:55:00+00:00,0.0,45000.0,"POLYGON ((-100.8103639623608 31.676177754081056, -98.12561529316277 30.889785047747328, -100.4546627015052 28.69179869316259, -101.96859003079274 30.946062600297328, -100.8103639623608 31.676177754081056))"
77C,2019-06-04 13:55:00+00:00,2019-06-04 15:55:00+00:00,0.0,37000.0,"POLYGON ((-88.63237753829527 47.94593260822786, -84.89291410743901 46.574497022530736, -87.56109193353095 46.61701954523789, -91.01827573703984 47.716390689684765, -89.67694017478235 47.76903565161474, -88.63237753829527 47.94593260822786))"
78C,2019-06-04 13:55:00+00:00,2019-06-04 15:55:00+00:00,0.0,40000.0,"POLYGON ((-90.61295178592562 44.16147259634377, -86.79060884204847 41.416114868550395, -87.67521496666936 40.36741854097208, -91.47 43.410893132790825, -90.61295178592562 44.16147259634377))"
86C,2019-06-04 13:55:00+00:00,2019-06-04 15:55:00+00:00,0.0,44000.0,"POLYGON ((-96.26754820998359 48.2009865401301, -96.12159224751002 46.7476891675276, -97.69919075285327 46.15863221541655, -97.96498521534504 46.42622964852336, -96.26754820998359 48.2009865401301))"
84C,2019-06-04 13:55:00+00:00,2019-06-04 15:55:00+00:00,0.0,34000.0,"POLYGON ((-93.49139943323135 43.20752734075162, -91.5459463629916 42.65163734701528, -92.37446819091622 42.38015313579989, -94.37672024310513 42.76367222229014, -93.49139943323135 43.20752734075162))"
83C,2019-06-04 13:55:00+00:00,2019-06-04 15:55:00+00:00,0.0,44000.0,"POLYGON ((-92.06927821778763 38.6922624889238, -91.71348640191444 36.36224755172515, -92.67601180891022 36.24132260444729, -93.00618568755917 38.55269463572637, -92.06927821778763 38.6922624889238))"
81C,2019-06-04 13:55:00+00:00,2019-06-04 15:55:00+00:00,0.0,45000.0,"POLYGON ((-95.54594172433615 35.310890830866896, -95.78000000000002 34.01815522131803, -98.67674048876654 32.47446493334528, -99.47936842599904 33.24795255537649, -98.51307387743442 34.143680947717215, -95.54594172433615 35.310890830866896))"
80C,2019-06-04 13:55:00+00:00,2019-06-04 15:55:00+00:00,0.0,37000.0,"POLYGON ((-93.23030524839336 40.67070790644474, -92.89879390936423 40.3648719286319, -93.50369904681344 39.42054656084466, -93.94272498268425 39.54195288461503, -93.23030524839336 40.67070790644474))"
79C,2019-06-04 13:55:00+00:00,2019-06-04 15:55:00+00:00,0.0,42000.0,"POLYGON ((-97.64283490359577 42.78358170104823, -95.82477670941776 41.323673834562726, -95.60458730688676 40.38942541845226, -98.69 42.13726208852722, -97.64283490359577 42.78358170104823))"
85C,2019-06-04 13:55:00+00:00,2019-06-04 15:55:00+00:00,0.0,45000.0,"POLYGON ((-95.11427998141316 27.695978643763755, -95.68024184984624 25.27344403199783, -97.38 25.92, -96.7780168239361 27.310217183571183, -95.11427998141316 27.695978643763755))"
20W,2019-06-04 13:55:00+00:00,2019-06-04 15:55:00+00:00,0.0,33000.0,"POLYGON ((-103.45821025489727 44.74765573920177, -103.86073813379072 43.72216869164239, -104.62820751412535 43.968580025891704, -103.45821025489727 44.74765573920177))"
BRAVO 2,2019-06-04 14:40:00+00:00,2019-06-04 18:40:00+00:00,0.0,48000.0,"POLYGON ((-132.5 10, -131.55 6.4, -136.25 5.05, -138 8, -132.5 10))"
90C,2019-06-04 14:55:00+00:00,2019-06-04 16:55:00+00:00,0.0,38000.0,"POLYGON ((-92.93407086396729 43.08931752074526, -91.12734146732726 42.70592665461004, -92.49842427126681 42.47360830755909, -93.74410867266627 42.7746810561612, -92.93407086396729 43.08931752074526))"
98C,2019-06-04 14:55:00+00:00,2019-06-04 16:55:00+00:00,0.0,36000.0,"POLYGON ((-95.38197285112447 40.94164513702407, -95.0183364874881 40.94164513702407, -95.0183364874881 40.57800877338771, -95.38197285112447 40.57800877338771, -95.38197285112447 40.94164513702407))"
95C,2019-06-04 14:55:00+00:00,2019-06-04 16:55:00+00:00,0.0,45000.0,"POLYGON ((-99.59920679219245 31.945466333241697, -97.72318699323843 30.780556322779333, -100.4546627015052 28.69179869316259, -100.83339526059724 29.226418882190558, -99.59920679219245 31.945466333241697))"
92C,2019-06-04 14:55:00+00:00,2019-06-04 16:55:00+00:00,0.0,45000.0,"POLYGON ((-91.47789291747844 38.80765284953668, -91.33109882884247 36.41607871991356, -92.78091848852551 36.29019449478694, -92.36146956956046 38.54278228688097, -91.47789291747844 38.80765284953668))"
91C,2019-06-04 14:55:00+00:00,2019-06-04 16:55:00+00:00,0.0,33000.0,"POLYGON ((-98.13199970146023 42.87756042887515, -97.31816441745858 42.46181984179998, -97.66339646076835 41.88910409978257, -98.1482190658172 42.30274748357154, -98.13199970146023 42.87756042887515))"
87C,2019-06-04 14:55:00+00:00,2019-06-04 16:55:00+00:00,0.0,45000.0,"POLYGON ((-95.30068013103934 47.11854086264687, -95.51361982868782 46.36018276450197, -97.30808646282819 45.980552640464865, -97.74305486813343 46.49184828535359, -95.30068013103934 47.11854086264687))"
93C,2019-06-04 14:55:00+00:00,2019-06-04 16:55:00+00:00,0.0,36000.0,"POLYGON ((-89.63735209239366 36.63440270063658, -88.08589289352585 36.0136781257621, -89.26687801589598 34.429706570272785, -89.98 35.352737911472786, -89.63735209239366 36.63440270063658))"
89C,2019-06-04 14:55:00+00:00,2019-06-04 16:55:00+00:00,0.0,39000.0,"POLYGON ((-90.2049130959654 44.31766879922346, -86.32 41.10452417705442, -87.7269447168087 40.558139432835716, -91.63297010583537 43.79224343409841, -90.2049130959654 44.31766879922346))"
97C,2019-06-04 14:55:00+00:00,2019-06-04 16:55:00+00:00,0.0,44000.0,"POLYGON ((-95.59981672197165 39.286838040909956, -94.54158288670679 39.22616489972479, -94.49 37.77089313279083, -95.79415694983281 37.62908336415014, -95.59981672197165 39.286838040909956))"
96C,2019-06-04 14:55:00+00:00,2019-06-04 16:55:00+00:00,0.0,45000.0,"POLYGON ((-95.24596869650843 27.814712502074258, -95.68024184984624 25.27344403199783, -97.38 25.92, -97.44 27.23452417705443, -95.24596869650843 27.814712502074258))"
94C,2019-06-04 14:55:00+00:00,2019-06-04 16:55:00+00:00,0.0,45000.0,"POLYGON ((-95.96715135902808 34.78618998649007, -95.78000000000002 34.01815522131803, -97.19213334270104 33.177317743186066, -98.94575117331155 32.795030997392566, -99.43431179750928 33.28126660524949, -95.96715135902808 34.78618998649007))"
88C,2019-06-04 14:55:00+00:00,2019-06-04 16:55:00+00:00,0.0,45000.0,"POLYGON ((-92.0268620319486 48.179670495244444, -88.73084624109953 47.69730349224791, -89.99269909718213 47.2463797629711, -92.0268620319486 48.179670495244444))"
WHISKEY 8,2019-06-04 15:08:00+00:00,2019-06-04 19:10:00+00:00,0.0,54000.0,"POLYGON ((-153.4 8.2, -149.5 4, -160.1 4.5, -166.3 5, -166.3 6.5, -153.4 8.2))"
VICTOR 8,2019-06-04 15:11:00+00:00,2019-06-04 19:10:00+00:00,0.0,56000.0,"POLYGON ((-148.2 9.5, -140 9.3, -146.1 4.3, -148.2 5.4, -148.2 9.5))"
05C,2019-06-04 15:55:00+00:00,2019-06-04 17:55:00+00:00,0.0,41000.0,"POLYGON ((-91.03697678493582 38.85867735263903, -90.67419270826653 36.64394928571898, -91.94615261259253 36.43783290418763, -92.22 38.376287181737325, -91.03697678493582 38.85867735263903))"
04C,2019-06-04 15:55:00+00:00,2019-06-04 17:55:00+00:00,0.0,40000.0,"POLYGON ((-94.64236432820833 41.005595853254526, -94.27872796457196 41.005595853254526, -94.27872796457196 40.641959489618166, -94.64236432820833 40.641959489618166, -94.64236432820833 41.005595853254526))"
07C,2019-06-04 15:55:00+00:00,2019-06-04 17:55:00+00:00,0.0,45000.0,"POLYGON ((-95.78 34.85, -95.78000000000002 34.12714530289552, -96.77491362197713 33.40398534612547, -98.59 33.122574363474634, -98.71314556681669 33.887711546570664, -95.78 34.85))"
01C,2019-06-04 15:55:00+00:00,2019-06-04 17:55:00+00:00,0.0,41000.0,"POLYGON ((-92.0268620319486 48.179670495244444, -88.73084624109953 47.69730349224791, -90.47397838881594 47.45938232964365, -92.0268620319486 48.179670495244444))"
02C,2019-06-04 15:55:00+00:00,2019-06-04 17:55:00+00:00,0.0,38000.0,"POLYGON ((-103.2775141505124 44.4408041294617, -102.68432124223432 43.74425508274491, -103.81940678559239 43.388922083153396, -103.86806689835203 44.23146475589418, -103.2775141505124 44.4408041294617))"
03C,2019-06-04 15:55:00+00:00,2019-06-04 17:55:00+00:00,0.0,39000.0,"POLYGON ((-89.76 44.04910686720918, -86.06573078268006 41.30860390915242, -87.07 40.72636895573639, -91.47 43.24452417705442, -89.76 44.04910686720918))"
06C,2019-06-04 15:55:00+00:00,2019-06-04 17:55:00+00:00,0.0,32000.0,"POLYGON ((-89.00264790760632 36.63440270063658, -87.9159913809469 36.13365024804879, -88.2995198342207 34.70732305395598, -89.41826134972968 34.82770495736234, -89.00264790760632 36.63440270063658))"
08C,2019-06-04 15:55:00+00:00,2019-06-04 17:55:00+00:00,0.0,43000.0,"POLYGON ((-98.44269904503261 31.65463822396303, -97.56723703056144 31.044835798268878, -100.40746807628835 28.590985780266138, -100.84293946405168 29.206275289365085, -98.44269904503261 31.65463822396303))"
99C,2019-06-04 15:55:00+00:00,2019-06-04 17:55:00+00:00,0.0,45000.0,"POLYGON ((-95.94846683435864 47.00113852153804, -95.47599925894791 46.34088575945289, -97.5406302115641 44.8287748691332, -97.93302382838044 45.29183235880665, -95.94846683435864 47.00113852153804))"
09C,2019-06-04 15:55:00+00:00,2019-06-04 17:55:00+00:00,0.0,45000.0,"POLYGON ((-94.91416845680416 28.243499346776428, -95.68024184984624 25.27344403199783, -97.38 25.92, -97.44 27.23452417705443, -94.91416845680416 28.243499346776428))"
MIKE 1,2019-06-04 16:55:00+00:00,2019-06-04 20:55:00+00:00,0.0,50000.0,"POLYGON ((-95 27.4, -93.25 26, -93 24.3, -95.55 26.05, -95 27.4))"
13C,2019-06-04 16:55:00+00:00,2019-06-04 18:55:00+00:00,0.0,39000.0,"POLYGON ((-88.4322566036188 43.38703160522564, -85.46166466413176 41.18413588141639, -87.07 40.8491418788418, -89.98749293556591 43.14907513869738, -88.4322566036188 43.38703160522564))"
17C,2019-06-04 16:55:00+00:00,2019-06-04 18:55:00+00:00,0.0,42000.0,"POLYGON ((-95.78000000000002 34.994570939420896, -95.28418627363382 34.44008408108652, -96.42789810539357 33.379646827097154, -99.52961694779302 33.147399759721594, -98.45612618604642 34.2570598298122, -95.78000000000002 34.994570939420896))"
14C,2019-06-04 16:55:00+00:00,2019-06-04 18:55:00+00:00,0.0,33000.0,"POLYGON ((-94.12461932928214 41.087180731292804, -93.76098296564577 41.087180731292804, -93.76098296564577 40.723544367656444, -94.12461932928214 40.723544367656444, -94.12461932928214 41.087180731292804))"
15C,2019-06-04 16:55:00+00:00,2019-06-04 18:55:00+00:00,0.0,35000.0,"POLYGON ((-90.48 38.426287181737315, -90.23 37.09171624231643, -91.84472198055497 36.10667380450598, -91.568716211509 38.29705056707894, -90.48 38.426287181737315))"
16C,2019-06-04 16:55:00+00:00,2019-06-04 18:55:00+00:00,0.0,32000.0,"POLYGON ((-88.94229312806507 35.712725732557736, -87.82926111612169 35.37736169956549, -87.97646259281355 34.54305803125178, -89.16729099924616 34.74066369738246, -88.94229312806507 35.712725732557736))"
3E,2019-06-04 16:55:00+00:00,2019-06-04 18:55:00+00:00,0.0,43000.0,"POLYGON ((-80.49 28.17910686720918, -79.87536829183776 27.14095313134864, -80.13893324849997 25.49252228283299, -81.12248353355385 24.84314904610989, -81.01161738534222 27.87002282199564, -80.49 28.17910686720918))"
10C,2019-06-04 16:55:00+00:00,2019-06-04 18:55:00+00:00,0.0,45000.0,"POLYGON ((-95.94846683435864 47.00113852153804, -94.91655644606111 46.09189651976792, -96.64917447952163 44.905647688094234, -98.37 44.75452417705443, -95.94846683435864 47.00113852153804))"
12C,2019-06-04 16:55:00+00:00,2019-06-04 18:55:00+00:00,0.0,40000.0,"POLYGON ((-102.74248584948761 44.4408041294617, -102.37125641280045 43.787217296060874, -103.27339088148842 43.51858137178915, -103.93476984997646 43.97627070091434, -102.74248584948761 44.4408041294617))"
11C,2019-06-04 16:55:00+00:00,2019-06-04 18:55:00+00:00,0.0,44000.0,"POLYGON ((-91.2553258657493 47.64611072364361, -88.73084624109953 47.69730349224791, -89.99269909718213 47.2463797629711, -91.2553258657493 47.64611072364361))"
18C,2019-06-04 16:55:00+00:00,2019-06-04 18:55:00+00:00,0.0,45000.0,"POLYGON ((-99.04687014644327 30.597714495710978, -97.93762600286215 30.026445469614444, -99.8542527298541 28.40155436335463, -100.84293946405168 29.206275289365085, -99.04687014644327 30.597714495710978))"
19C,2019-06-04 16:55:00+00:00,2019-06-04 18:55:00+00:00,0.0,45000.0,"POLYGON ((-94.91416845680416 28.243499346776428, -95.90024978959222 25.91248758424627, -97.38 25.92, -97.06350101484523 27.899488443853752, -94.91416845680416 28.243499346776428))"
BRAVO 3,2019-06-04 17:30:00+00:00,2019-06-04 21:30:00+00:00,0.0,48000.0,"POLYGON ((-134.4 9.4, -134.1 5.25, -139.55 6.55, -139.55 8.4, -134.4 9.4))"
6E,2019-06-04 17:55:00+00:00,2019-06-04 19:55:00+00:00,0.0,42000.0,"POLYGON ((-82.7911186327097 32.68707384669692, -81.28077344555096 32.15988531856354, -81.83149102543187 31.538208894580187, -83.16634297194972 32.28016295420759, -82.7911186327097 32.68707384669692))"
5E,2019-06-04 17:55:00+00:00,2019-06-04 19:55:00+00:00,0.0,45000.0,"POLYGON ((-81.51 30.77371281826269, -81.5296574450362 28.940566589110905, -83.16745169822863 29.49772120801758, -83.87788237514063 29.990242575605, -81.51 30.77371281826269))"
4E,2019-06-04 17:55:00+00:00,2019-06-04 19:55:00+00:00,0.0,45000.0,"POLYGON ((-81.34 28.395429060579104, -80.49 28.113712818262684, -80.02800991786754 26.813552672873755, -80.15737482756369 25.53281636739097, -81.06393734637493 24.864833209594003, -81.34 28.395429060579104))"
21C,2019-06-04 17:55:00+00:00,2019-06-04 19:55:00+00:00,0.0,44000.0,"POLYGON ((-93.84696047661002 48.56917334217533, -92.40628274836571 48.28899588636691, -93.07905045075846 48.035257588868255, -93.84696047661002 48.56917334217533))"
7E,2019-06-04 17:55:00+00:00,2019-06-04 19:55:00+00:00,0.0,35000.0,"POLYGON ((-80.03125051280462 34.10210709356195, -79.12149286945662 33.204978559820304, -79.66414237158375 32.120912566492294, -81.85602326766535 33.09480759313287, -80.03125051280462 34.10210709356195))"
22C,2019-06-04 17:55:00+00:00,2019-06-04 19:55:00+00:00,0.0,40000.0,"POLYGON ((-102.3508365751586 44.44867750701674, -102.15926186620929 43.72216869164239, -103.44675490829964 43.21063701635652, -103.22383183282506 44.04346739764671, -102.3508365751586 44.44867750701674))"
20C,2019-06-04 17:55:00+00:00,2019-06-04 19:55:00+00:00,0.0,45000.0,"POLYGON ((-95.1498571397951 46.662889249355835, -94.30440059614104 45.88855529018949, -95.96264739089368 45.055198548580634, -97.5406302115641 44.8287748691332, -96.33827469460279 46.39593243635176, -95.1498571397951 46.662889249355835))"
23C,2019-06-04 17:55:00+00:00,2019-06-04 19:55:00+00:00,0.0,39000.0,"POLYGON ((-88.28 43.12, -85.50277226850683 41.21485942536112, -86.32 41.10452417705442, -89.41216282696617 42.934649905339896, -88.28 43.12))"
27C,2019-06-04 17:55:00+00:00,2019-06-04 19:55:00+00:00,0.0,45000.0,"POLYGON ((-94.41236419458583 28.746744861367144, -95.90024978959222 25.91248758424627, -97.38 25.92, -97.03935097485771 28.252342220654576, -94.41236419458583 28.746744861367144))"
25C,2019-06-04 17:55:00+00:00,2019-06-04 19:55:00+00:00,0.0,43000.0,"POLYGON ((-95.85743619184456 34.69627057374492, -95.2098522625778 34.37810492329278, -95.78000000000002 33.685417309845256, -99.47936842599904 33.24795255537649, -98.21868510652617 34.11677580134007, -95.85743619184456 34.69627057374492))"
24C,2019-06-04 17:55:00+00:00,2019-06-04 19:55:00+00:00,0.0,31000.0,"POLYGON ((-88.56230734955713 35.762947663952644, -87.62777489330361 35.81792757448312, -88.0496402361095 34.51771980044433, -89.04523239556619 34.6980786917871, -88.56230734955713 35.762947663952644))"
26C,2019-06-04 17:55:00+00:00,2019-06-04 19:55:00+00:00,0.0,45000.0,"POLYGON ((-98.66032801472672 30.594857763419398, -98.2392296444803 30.10093177842394, -99.8542527298541 28.40155436335463, -100.24192156717993 29.167960265182124, -98.66032801472672 30.594857763419398))"
21W,2019-06-04 17:55:00+00:00,2019-06-04 19:55:00+00:00,0.0,42000.0,"POLYGON ((-108.02610839716516 39.64572186272987, -104.46009359577906 39.74616175829385, -104.57645495198484 36.72492214860059, -110.50641546924881 36.37224666379921, -108.02610839716516 39.64572186272987))"
VICTOR 9,2019-06-04 18:49:00+00:00,2019-06-04 22:50:00+00:00,0.0,51000.0,"POLYGON ((-148.2 9.3, -140 9.2, -148.3 5.2, -148.2 9.3))"
10E,2019-06-04 18:55:00+00:00,2019-06-04 20:55:00+00:00,0.0,45000.0,"POLYGON ((-82.7911186327097 32.68707384669692, -80.79483475337032 32.0489595223025, -81.83149102543187 31.538208894580187, -83.16634297194972 32.28016295420759, -82.7911186327097 32.68707384669692))"
9E,2019-06-04 18:55:00+00:00,2019-06-04 20:55:00+00:00,0.0,45000.0,"POLYGON ((-81.88461761602461 31.31717838584213, -81.30107568517373 29.700562394414657, -82.55447490333357 28.177075362226347, -83.52220245549222 30.008072588186938, -81.88461761602461 31.31717838584213))"
34C,2019-06-04 18:55:00+00:00,2019-06-04 20:55:00+00:00,0.0,45000.0,"POLYGON ((-98.46 30.073712818262685, -98.46 28.91714530289553, -99.79693138184913 28.280888432410244, -99.50080754022767 29.931779685033224, -98.46 30.073712818262685))"
33C,2019-06-04 18:55:00+00:00,2019-06-04 20:55:00+00:00,0.0,40000.0,"POLYGON ((-94.47258929235826 34.98913222470598, -93.52328352264455 34.774334343890324, -95.11030646463465 33.50565249331188, -95.78000000000002 33.98257436347464, -95.64560364783542 34.58279374529244, -94.47258929235826 34.98913222470598))"
30C,2019-06-04 18:55:00+00:00,2019-06-04 20:55:00+00:00,0.0,42000.0,"POLYGON ((-102.03050681621748 44.545312178904794, -102.27030830603378 43.75630878614921, -103.48 42.75742563652536, -103.19578908135723 44.035174477300046, -102.03050681621748 44.545312178904794))"
28C,2019-06-04 18:55:00+00:00,2019-06-04 20:55:00+00:00,0.0,45000.0,"POLYGON ((-94.03 46.494570939420896, -93.7912913210838 45.94905198899444, -94.89580678967833 44.87046020554023, -96.07026084734204 44.74277945215509, -96.11102619709868 46.23647040605572, -94.03 46.494570939420896))"
22W,2019-06-04 18:55:00+00:00,2019-06-04 20:55:00+00:00,0.0,42000.0,"POLYGON ((-106.55903497082305 42.88520614211503, -104.38098113333362 42.163112228482255, -105.86798316605088 41.607037712720135, -107.24857316668496 42.37029678141689, -106.55903497082305 42.88520614211503))"
25W,2019-06-04 18:55:00+00:00,2019-06-04 20:55:00+00:00,0.0,45000.0,"POLYGON ((-105.54452217798375 34.857924506557275, -105.107179528051 32.93013962753915, -107.97171772806092 33.27808453290371, -107.7948231111515 34.704147176456544, -105.54452217798375 34.857924506557275))"
8E,2019-06-04 18:55:00+00:00,2019-06-04 20:55:00+00:00,0.0,45000.0,"POLYGON ((-81.195473751244 28.23251377770355, -80.49 28.17910686720918, -80.01865056338502 26.833687042070114, -80.13893324849997 25.49252228283299, -80.95267343652286 24.905958970233517, -81.195473751244 28.23251377770355))"
11E,2019-06-04 18:55:00+00:00,2019-06-04 20:55:00+00:00,0.0,42000.0,"POLYGON ((-80.03125051280462 34.10210709356195, -79.47661676307426 33.35930086050207, -79.81371501770987 32.42868141715955, -81.85602326766535 33.09480759313287, -80.03125051280462 34.10210709356195))"
35C,2019-06-04 18:55:00+00:00,2019-06-04 20:55:00+00:00,0.0,45000.0,"POLYGON ((-94.98159760527773 28.75350453908465, -93.74317738701265 28.538568298201877, -95.90024978959222 25.91248758424627, -97.38 25.92, -97.00962398334319 28.503532253018168, -94.98159760527773 28.75350453908465))"
32C,2019-06-04 18:55:00+00:00,2019-06-04 20:55:00+00:00,0.0,32000.0,"POLYGON ((-87.62777489330361 35.81792757448312, -88.0496402361095 34.51771980044433, -89.04523239556619 34.6980786917871, -88.59813246043825 35.42962816985863, -87.62777489330361 35.81792757448312))"
29C,2019-06-04 18:55:00+00:00,2019-06-04 20:55:00+00:00,0.0,45000.0,"POLYGON ((-93.66142393231064 48.569726314772886, -92.25591007909969 48.245873018666664, -92.93609956576256 47.80049247389293, -93.66142393231064 48.569726314772886))"
31C,2019-06-04 18:55:00+00:00,2019-06-04 20:55:00+00:00,0.0,31000.0,"POLYGON ((-87.46645112502897 42.75771462468085, -85.2047272758949 41.76460693006029, -86.32 41.60363104426361, -88.37747690592401 42.341935810877445, -87.46645112502897 42.75771462468085))"
24W,2019-06-04 18:55:00+00:00,2019-06-04 20:55:00+00:00,0.0,39000.0,"POLYGON ((-112.3 37.02452417705443, -110.49119577273507 34.44478829386348, -111.18529291129015 34.29086471522568, -112.77683847155168 36.76680566180234, -112.3 37.02452417705443))"
23W,2019-06-04 18:55:00+00:00,2019-06-04 20:55:00+00:00,0.0,43000.0,"POLYGON ((-108.02610839716516 39.64572186272987, -104.06139448932184 39.61745992378215, -104.48825976310918 36.362058323422325, -109.9552935665249 37.82943172272987, -108.02610839716516 39.64572186272987))"
ALFA 1,2019-06-04 19:35:00+00:00,2019-06-04 23:35:00+00:00,0.0,44000.0,"POLYGON ((-58.2 37.4, -56.5 37, -61.05 28, -63.35 29.1, -58.2 37.4))"
MIKE 2,2019-06-04 19:45:00+00:00,2019-06-04 23:45:00+00:00,0.0,50000.0,"POLYGON ((-93 28.15, -92.1 26.4, -95.15 25.4, -95.45 26, -94 28.1, -93 28.15))"
13E,2019-06-04 19:55:00+00:00,2019-06-04 21:55:00+00:00,0.0,44000.0,"POLYGON ((-81.88461761602461 31.31717838584213, -80.98278438346769 29.567071981828988, -81.60733458483817 29.29907881838295, -82.15133780794892 31.232818074528947, -81.88461761602461 31.31717838584213))"
36C,2019-06-04 19:55:00+00:00,2019-06-04 21:55:00+00:00,0.0,42000.0,"POLYGON ((-102.03050681621748 44.545312178904794, -102.27030830603378 43.75630878614921, -103.48 42.75742563652536, -103.19578908135723 44.035174477300046, -102.03050681621748 44.545312178904794))"
26W,2019-06-04 19:55:00+00:00,2019-06-04 21:55:00+00:00,0.0,41000.0,"POLYGON ((-106.55903497082305 42.88520614211503, -104.38098113333362 42.163112228482255, -105.86798316605088 41.607037712720135, -107.24857316668496 42.37029678141689, -106.55903497082305 42.88520614211503))"
28W,2019-06-04 19:55:00+00:00,2019-06-04 21:55:00+00:00,0.0,42000.0,"POLYGON ((-106.76534820234401 40.10985552887296, -104.13963474252587 39.64286166074122, -104.49003966493564 36.18271545927376, -108.72104905149376 37.409116626618946, -106.76534820234401 40.10985552887296))"
15E,2019-06-04 19:55:00+00:00,2019-06-04 21:55:00+00:00,0.0,42000.0,"POLYGON ((-80.03125051280462 34.10210709356195, -79.28874948719536 34.10210709356195, -79.81371501770987 32.42868141715955, -82.16000000000001 32.87815522131804, -80.03125051280462 34.10210709356195))"
12E,2019-06-04 19:55:00+00:00,2019-06-04 21:55:00+00:00,0.0,45000.0,"POLYGON ((-81.195473751244 28.23251377770355, -80.49 28.17910686720918, -80.01865056338502 26.833687042070114, -80.13893324849997 25.49252228283299, -80.95267343652286 24.905958970233517, -81.195473751244 28.23251377770355))"
14E,2019-06-04 19:55:00+00:00,2019-06-04 21:55:00+00:00,0.0,45000.0,"POLYGON ((-81.66874200178677 32.62933585885613, -80.74738148433107 32.03214952777583, -81.97006747832259 31.347865617229136, -82.51 32.37184477868196, -81.66874200178677 32.62933585885613))"
39C,2019-06-04 19:55:00+00:00,2019-06-04 21:55:00+00:00,0.0,31000.0,"POLYGON ((-91.95698946997098 43.55604018676914, -90.71 42.73273791147278, -92.07506109952874 42.70111697496717, -92.84393030545279 43.44189692972724, -91.95698946997098 43.55604018676914))"
43C,2019-06-04 19:55:00+00:00,2019-06-04 21:55:00+00:00,0.0,45000.0,"POLYGON ((-95.05785123087625 29.34485827928602, -93.83507074762302 28.600959686264062, -95.90024978959222 25.91248758424627, -97.38 25.92, -97.44 28.73184477868196, -95.05785123087625 29.34485827928602))"
41C,2019-06-04 19:55:00+00:00,2019-06-04 21:55:00+00:00,0.0,40000.0,"POLYGON ((-94.06592391482866 35.38982840905717, -93.11814371823252 34.994743677922806, -94.80954859806074 33.762471068875364, -95.78000000000002 33.851786265581644, -95.62541481953727 34.542492349281694, -94.06592391482866 35.38982840905717))"
44C,2019-06-04 19:55:00+00:00,2019-06-04 21:55:00+00:00,0.0,45000.0,"POLYGON ((-97.75153316564135 47.00113852153804, -99.22877692824629 44.38621692562119, -100.2493295194107 44.543670122430434, -99.21303915744222 46.75075420740385, -97.75153316564135 47.00113852153804))"
42C,2019-06-04 19:55:00+00:00,2019-06-04 21:55:00+00:00,0.0,45000.0,"POLYGON ((-98.10854198009287 30.378725631603032, -98.02444373483362 28.717059469156037, -99.965680093625 28.65174496788047, -99.16916960458767 29.892779967894022, -98.10854198009287 30.378725631603032))"
38C,2019-06-04 19:55:00+00:00,2019-06-04 21:55:00+00:00,0.0,45000.0,"POLYGON ((-93.66142393231064 48.569726314772886, -92.25591007909969 48.245873018666664, -92.93609956576256 47.80049247389293, -93.66142393231064 48.569726314772886))"
37C,2019-06-04 19:55:00+00:00,2019-06-04 21:55:00+00:00,0.0,45000.0,"POLYGON ((-93.58567983894145 46.22180485832793, -93.42063547941989 45.17726788304856, -95.13 44.47, -96.21279537900803 44.783236385904935, -96.00080924714672 46.15863221541655, -93.58567983894145 46.22180485832793))"
40C,2019-06-04 19:55:00+00:00,2019-06-04 21:55:00+00:00,0.0,43000.0,"POLYGON ((-92.81016945304573 38.61751372798924, -91.68358137881246 36.695973531165265, -93.08854246998952 36.24557256233406, -93.41026466571077 37.513677780321096, -92.81016945304573 38.61751372798924))"
27W,2019-06-04 19:55:00+00:00,2019-06-04 21:55:00+00:00,0.0,44000.0,"POLYGON ((-106.28 42.59089313279083, -104.51749909740575 42.20367767121002, -105.89040183599275 41.64728442175925, -107.3926775356908 42.26108124373157, -106.28 42.59089313279083))"
29W,2019-06-04 19:55:00+00:00,2019-06-04 21:55:00+00:00,0.0,45000.0,"POLYGON ((-112.3 37.02452417705443, -110.49119577273507 34.44478829386348, -111.18529291129015 34.29086471522568, -112.77683847155168 36.76680566180234, -112.3 37.02452417705443))"
CHARLIE 1,2019-06-04 20:21:00+00:00,2019-06-05 00:21:00+00:00,0.0,50000.0,"POLYGON ((-124.3 13.3, -120.15 12.3, -120 9.3, -127.15 9, -127.45 11.3, -124.3 13.3))"
BRAVO 4,2019-06-04 20:25:00+00:00,2019-06-05 00:25:00+00:00,0.0,51000.0,"POLYGON ((-134.15 11.15, -129.45 9.45, -140 6, -140 9.3, -134.15 11.15))"
18E,2019-06-04 20:55:00+00:00,2019-06-04 22:55:00+00:00,0.0,45000.0,"POLYGON ((-79.33647843848225 34.340225165169514, -79.40216614617954 33.10968155047395, -82.12764804286999 30.117248978038266, -82.16000000000001 32.84257436347463, -79.33647843848225 34.340225165169514))"
17E,2019-06-04 20:55:00+00:00,2019-06-04 22:55:00+00:00,0.0,44000.0,"POLYGON ((-81.51 30.05085812115822, -81.11 29.010858121158215, -82.34882183588537 28.98479528170361, -82.93254830177136 29.49772120801758, -81.51 30.05085812115822))"
46C,2019-06-04 20:55:00+00:00,2019-06-04 22:55:00+00:00,0.0,45000.0,"POLYGON ((-98.46 30.218283757683576, -96.8234281262923 29.764736426455336, -97.90444936517977 28.308129365408774, -99.70132578465078 28.96846777725722, -98.46 30.218283757683576))"
52C,2019-06-04 20:55:00+00:00,2019-06-04 22:55:00+00:00,0.0,45000.0,"POLYGON ((-101.59054746725431 31.497453965797, -99.69109203618869 30.86706873506423, -100.23190089731217 28.193231407031874, -101.69249850942846 29.688775455783485, -101.59054746725431 31.497453965797))"
49C,2019-06-04 20:55:00+00:00,2019-06-04 22:55:00+00:00,0.0,43000.0,"POLYGON ((-92.29113306830428 38.94354458694005, -91.45879832555669 36.51783488105012, -93.22367795133604 36.24665670452259, -94.39631033135406 36.78394766071521, -92.29113306830428 38.94354458694005))"
54C,2019-06-04 20:55:00+00:00,2019-06-04 22:55:00+00:00,0.0,44000.0,"POLYGON ((-105.86677414496803 41.072774288234875, -104.49907420121653 41.005227784883985, -102.41044114551401 37.6654029217656, -104.60619875874079 35.658822183906025, -105.68031015831902 37.6170502650248, -105.86677414496803 41.072774288234875))"
16E,2019-06-04 20:55:00+00:00,2019-06-04 22:55:00+00:00,0.0,45000.0,"POLYGON ((-82.14516384028595 28.379529119827293, -80.83673306509662 27.552235232348945, -80.10936895936231 25.736233821048863, -81.13132408181599 25.479191370833874, -82.60805522070862 27.756276448164257, -82.14516384028595 28.379529119827293))"
47C,2019-06-04 20:55:00+00:00,2019-06-04 22:55:00+00:00,0.0,40000.0,"POLYGON ((-93.1709083939027 35.927912504229084, -92.41098153465896 34.21866716963083, -93.36032108541794 31.84696614422321, -94.66859394435299 33.50856061925483, -94.47407608517135 35.38982840905717, -93.1709083939027 35.927912504229084))"
45C,2019-06-04 20:55:00+00:00,2019-06-04 22:55:00+00:00,0.0,45000.0,"POLYGON ((-94.94408281566098 29.606456054048326, -92.67233460550203 29.217044952265425, -95.90024978959222 25.91248758424627, -97.38 25.92, -97.36785717513483 28.053686085679313, -94.94408281566098 29.606456054048326))"
50C,2019-06-04 20:55:00+00:00,2019-06-04 22:55:00+00:00,0.0,45000.0,"POLYGON ((-93.06594096676079 46.34594898189536, -92.53577002374668 44.86783602230632, -94.31396670389901 43.878872790412736, -96.64917447952163 44.905647688094234, -95.47599925894791 46.34088575945289, -93.06594096676079 46.34594898189536))"
53C,2019-06-04 20:55:00+00:00,2019-06-04 22:55:00+00:00,0.0,42000.0,"POLYGON ((-101.72 44.747262088527215, -100.97493993792489 43.798880893317516, -102.02464050299476 42.326516151160604, -104.59994087070298 41.51728499553425, -106.87979076578593 42.012482984386246, -101.72 44.747262088527215))"
51C,2019-06-04 20:55:00+00:00,2019-06-04 22:55:00+00:00,0.0,45000.0,"POLYGON ((-94.41564130418922 48.565621260248705, -89.43 47.670893132790816, -92.42480061563187 46.863446759636645, -94.11300950337245 47.32174589486951, -94.41564130418922 48.565621260248705))"
48C,2019-06-04 20:55:00+00:00,2019-06-04 22:55:00+00:00,0.0,40000.0,"POLYGON ((-89.88873082826868 35.82765630093168, -88.65125091366896 33.60756051912356, -90.35617921768906 33.306271822500285, -91.43005871587378 34.9323722435418, -89.88873082826868 35.82765630093168))"
30W,2019-06-04 20:55:00+00:00,2019-06-04 22:55:00+00:00,0.0,44000.0,"POLYGON ((-105.29732671496917 35.967307576394546, -104.84742679733273 32.87867788996358, -107.87701202381355 33.27857313805959, -108.63850873037906 35.66280051735251, -105.29732671496917 35.967307576394546))"
31W,2019-06-04 20:55:00+00:00,2019-06-04 22:55:00+00:00,0.0,42000.0,"POLYGON ((-106.69514384470082 40.32742077116497, -105.82 37.017262088527225, -108.48332530352836 35.970825943687956, -109.52184616701244 37.33795286300999, -109.12086539472628 39.67435410625065, -106.69514384470082 40.32742077116497))"
33W,2019-06-04 20:55:00+00:00,2019-06-04 22:55:00+00:00,0.0,45000.0,"POLYGON ((-109.40952665878419 44.54360174699881, -108.73308045810458 42.69065199686028, -111.574383277042 40.72195559890461, -112.00300946579908 43.33874960230497, -109.40952665878419 44.54360174699881))"
32W,2019-06-04 20:55:00+00:00,2019-06-04 22:55:00+00:00,0.0,45000.0,"POLYGON ((-110.50641546924881 36.37224666379921, -109.51208802414011 34.29210309605915, -112.48 34.03452417705443, -113.72923321758573 35.6835187379272, -110.50641546924881 36.37224666379921))"
ALFA 2,2019-06-04 21:04:00+00:00,2019-06-05 01:04:00+00:00,0.0,47000.0,"POLYGON ((-55.3 40.45, -53.15 40.45, -60.3 27, -63 27.15, -55.3 40.45))"
19E,2019-06-04 21:55:00+00:00,2019-06-04 23:55:00+00:00,0.0,45000.0,"POLYGON ((-80.03228946262234 34.536119338186495, -79.67603697114576 32.58279123593534, -81.51 30.91828375768359, -81.83001384317647 33.04172981736768, -80.03228946262234 34.536119338186495))"
21E,2019-06-04 21:55:00+00:00,2019-06-04 23:55:00+00:00,0.0,45000.0,"POLYGON ((-81.79684377679895 28.705210130387602, -80.79134940502362 27.569024261566376, -80.42842353336849 25.85524955816468, -81.59513389705812 26.129182563131256, -82.68 27.91, -81.79684377679895 28.705210130387602))"
20E,2019-06-04 21:55:00+00:00,2019-06-04 23:55:00+00:00,0.0,44000.0,"POLYGON ((-82.25181316195408 31.005475972924508, -81.11 29.010858121158215, -82.34882183588537 28.98479528170361, -82.89630226475806 29.655236364668745, -82.25181316195408 31.005475972924508))"
64C,2019-06-04 21:55:00+00:00,2019-06-04 23:55:00+00:00,0.0,44000.0,"POLYGON ((-104.38565861805012 41.20936108573262, -102.41044114551401 37.6654029217656, -103.7358242205499 35.44705653437428, -105.45627586254847 37.349443209945115, -105.72 40.61714530289554, -104.38565861805012 41.20936108573262))"
58C,2019-06-04 21:55:00+00:00,2019-06-04 23:55:00+00:00,0.0,45000.0,"POLYGON ((-89.52417293010133 35.619128255800746, -88.7099428812955 33.890538035240816, -90.21358229326508 33.59354843111027, -90.68611497728702 35.0179551114764, -89.52417293010133 35.619128255800746))"
56C,2019-06-04 21:55:00+00:00,2019-06-04 23:55:00+00:00,0.0,45000.0,"POLYGON ((-98.03274124290867 30.37903769269292, -95.82393157216109 30.36806031758696, -98.19759769430313 28.17455224056444, -99.27754062378689 28.921904037127625, -98.03274124290867 30.37903769269292))"
57C,2019-06-04 21:55:00+00:00,2019-06-04 23:55:00+00:00,0.0,45000.0,"POLYGON ((-92.00419641919714 34.67987379908077, -93.17648818751815 31.258228469130618, -94.62876060103596 32.522169051708694, -94.07000000000001 33.94371281826268, -92.00419641919714 34.67987379908077))"
62C,2019-06-04 21:55:00+00:00,2019-06-04 23:55:00+00:00,0.0,45000.0,"POLYGON ((-97.2390685382337 46.638689972137534, -98.8603071091282 43.99532463317041, -100.16000000000001 44.245429060579106, -99.70016511856267 46.47926419185945, -97.2390685382337 46.638689972137534))"
55C,2019-06-04 21:55:00+00:00,2019-06-04 23:55:00+00:00,0.0,45000.0,"POLYGON ((-95.35 29.96, -93.3298371861264 29.678702245133135, -92.24249119671636 28.292691090479412, -95.90024978959222 25.91248758424627, -97.38 25.92, -97.25175006246876 27.899872110467157, -95.35 29.96))"
63C,2019-06-04 21:55:00+00:00,2019-06-04 23:55:00+00:00,0.0,44000.0,"POLYGON ((-100.12172747863647 45.83644601044437, -101.34532166323301 42.56201319189036, -104.36057894659899 41.33660906783794, -106.87979076578593 42.012482984386246, -101.26300951321751 45.84762142472055, -100.12172747863647 45.83644601044437))"
61C,2019-06-04 21:55:00+00:00,2019-06-04 23:55:00+00:00,0.0,45000.0,"POLYGON ((-95.05024177980495 49.00409306069488, -89.1461574836417 47.70853370356521, -92.47665036357643 46.33855008725631, -95.49896575677653 48.34753810723456, -95.05024177980495 49.00409306069488))"
60C,2019-06-04 21:55:00+00:00,2019-06-04 23:55:00+00:00,0.0,45000.0,"POLYGON ((-92.88144542896363 46.327402895926696, -91.8108050245825 44.664239987010454, -93.00657858545125 43.32482692374724, -96.84927568195764 44.96418929529473, -96.21223595222033 45.672269892919324, -92.88144542896363 46.327402895926696))"
35W,2019-06-04 21:55:00+00:00,2019-06-04 23:55:00+00:00,0.0,43000.0,"POLYGON ((-105.02775776692377 36.1824862585759, -105.32887894529699 33.926192836898785, -108.07600928541098 33.27746338515003, -108.59264118799142 35.49471982222965, -105.02775776692377 36.1824862585759))"
34W,2019-06-04 21:55:00+00:00,2019-06-04 23:55:00+00:00,0.0,45000.0,"POLYGON ((-105.41655717074562 33.33745759080962, -103.69880394308771 31.202678269722178, -104.66024554462456 30.04341571680442, -107.38522263096903 31.818686142728733, -107.05272692099678 32.81867836231473, -105.41655717074562 33.33745759080962))"
37W,2019-06-04 21:55:00+00:00,2019-06-04 23:55:00+00:00,0.0,38000.0,"POLYGON ((-112.41722291323748 36.496540793703886, -110.69777357490055 36.30964051500911, -108.99759108510574 34.302276826548606, -112.48 34.03452417705443, -113.54 34.954524177054424, -112.41722291323748 36.496540793703886))"
38W,2019-06-04 21:55:00+00:00,2019-06-04 23:55:00+00:00,0.0,40000.0,"POLYGON ((-109.28392154436364 44.161656861043, -108.58922134405637 42.35772600282377, -111.64641260862722 40.23469760465051, -112.00300946579908 43.33874960230497, -109.28392154436364 44.161656861043))"
36W,2019-06-04 21:55:00+00:00,2019-06-04 23:55:00+00:00,0.0,40000.0,"POLYGON ((-106.6434473962555 40.51814206055092, -105.82 37.017262088527225, -108.48332530352836 35.970825943687956, -109.37458667975343 37.456240960788776, -109.12086539472628 39.67435410625065, -106.6434473962555 40.51814206055092))"
MIKE 3,2019-06-04 22:10:00+00:00,2019-06-05 02:10:00+00:00,0.0,50000.0,"POLYGON ((-94 28.15, -92.3 28.15, -91.45 26.45, -93.15 26.3, -94.3 28, -94 28.15))"
VICTOR 10,2019-06-04 22:36:00+00:00,2019-06-05 02:40:00+00:00,0.0,52000.0,"POLYGON ((-153.3 10, -140.1 9.2, -152.4 6.2, -153.3 10))"
ALFA 3,2019-06-04 22:50:00+00:00,2019-06-05 02:50:00+00:00,0.0,45000.0,"POLYGON ((-57.15 38, -54.45 38, -57 33.15, -59.45 33, -57.15 38))"
22E,2019-06-04 22:55:00+00:00,2019-06-05 00:55:00+00:00,0.0,45000.0,"POLYGON ((-80.14560048311857 34.39501818957229, -79.40534434957945 32.66709678441642, -81.12217463429964 31.140824781105678, -82.16 33.71, -80.14560048311857 34.39501818957229))"
74C,2019-06-04 22:55:00+00:00,2019-06-05 00:55:00+00:00,0.0,44000.0,"POLYGON ((-104.28270386513513 41.25374379538671, -104.10428137188113 41.163381115584585, -104.96825205078667 39.45745779672926, -105.14667454404068 39.547820476531385, -104.28270386513513 41.25374379538671))"
73C,2019-06-04 22:55:00+00:00,2019-06-05 00:55:00+00:00,0.0,44000.0,"POLYGON ((-105.29021575786447 43.08573467693125, -101.36403201383447 42.56179113381876, -102.78815057178824 41.099840888278244, -107.24857316668496 42.37029678141689, -105.29021575786447 43.08573467693125))"
71C,2019-06-04 22:55:00+00:00,2019-06-05 00:55:00+00:00,0.0,45000.0,"POLYGON ((-94.62902253949797 48.8955465687096, -88.82172548886315 47.759477728599784, -90.61277702868016 45.95617552887057, -92.79283477638634 46.389552965906915, -95.02 48.15828375768358, -94.62902253949797 48.8955465687096))"
75C,2019-06-04 22:55:00+00:00,2019-06-05 00:55:00+00:00,0.0,44000.0,"POLYGON ((-102.42334647532836 40.15753740436445, -101.80969898814605 37.31367041433493, -103.32744743504969 35.713959933124784, -103.93612979765452 37.370175003270205, -103.5583336230642 40.15938433879807, -102.42334647532836 40.15753740436445))"
68C,2019-06-04 22:55:00+00:00,2019-06-05 00:55:00+00:00,0.0,45000.0,"POLYGON ((-89.52417293010133 35.619128255800746, -88.51 34.06828375768358, -90.03435081957339 33.664212096819284, -90.30574646082226 34.90891482026617, -89.52417293010133 35.619128255800746))"
23E,2019-06-04 22:55:00+00:00,2019-06-05 00:55:00+00:00,0.0,45000.0,"POLYGON ((-82.08830545755377 30.338727669926836, -81.24474312523867 29.18229177031713, -80.28 25.8, -81.95169947457215 26.466230563713065, -82.69600381644669 29.726863603209576, -82.08830545755377 30.338727669926836))"
70C,2019-06-04 22:55:00+00:00,2019-06-05 00:55:00+00:00,0.0,45000.0,"POLYGON ((-92.2 46.13452417705442, -91.04505395286293 45.02650905529743, -91.90625454591772 43.14063904777, -96.78 44.648213734418356, -96.3919135371718 45.980552640464865, -92.2 46.13452417705442))"
72C,2019-06-04 22:55:00+00:00,2019-06-05 00:55:00+00:00,0.0,45000.0,"POLYGON ((-96.75681489760127 46.90366713116244, -98.15944103666924 43.641705690060455, -101.72251965910853 43.031574149230856, -102.15193310164798 44.23146475589418, -99.55481020380226 46.436227754745985, -96.75681489760127 46.90366713116244))"
66C,2019-06-04 22:55:00+00:00,2019-06-05 00:55:00+00:00,0.0,45000.0,"POLYGON ((-95.43654626736966 30.903349058535504, -96.11810440074689 29.957772380150647, -98.96739629600366 28.5631007091971, -98.30138409186 30.37773447881275, -95.43654626736966 30.903349058535504))"
67C,2019-06-04 22:55:00+00:00,2019-06-05 00:55:00+00:00,0.0,45000.0,"POLYGON ((-91.61797451457622 34.869711043060946, -92.3053759533362 31.259853371484805, -94.00345373263033 30.903349058535504, -94.14649422029169 33.66368137791016, -91.61797451457622 34.869711043060946))"
77C,2019-06-04 22:55:00+00:00,2019-06-05 00:55:00+00:00,0.0,43000.0,"POLYGON ((-105.32887894529699 33.926192836898785, -103.56196451251789 30.948696402189565, -103.36730441863041 29.069070318372592, -107.38522263096903 31.818686142728733, -106.71406759400955 33.7492819217673, -105.32887894529699 33.926192836898785))"
76C,2019-06-04 22:55:00+00:00,2019-06-05 00:55:00+00:00,0.0,45000.0,"POLYGON ((-104.04227361938875 36.48714142637541, -105.32887894529699 33.926192836898785, -107.56219876071083 33.51496262776199, -106.11155139434743 36.48356844804745, -104.04227361938875 36.48714142637541))"
65C,2019-06-04 22:55:00+00:00,2019-06-05 00:55:00+00:00,0.0,45000.0,"POLYGON ((-92.57782880204253 29.947926880086285, -91.84955358391116 28.531968360228927, -94.98287760533132 27.577120497528707, -96.31 28.260893132790827, -94.77391793409 29.95874695152936, -92.57782880204253 29.947926880086285))"
40W,2019-06-04 22:55:00+00:00,2019-06-05 00:55:00+00:00,0.0,40000.0,"POLYGON ((-108.83446699744962 44.38099676983876, -108.2263045968759 42.17548831101274, -111.64641260862722 40.23469760465051, -112.48979127791259 42.75224756959861, -108.83446699744962 44.38099676983876))"
39W,2019-06-04 22:55:00+00:00,2019-06-05 00:55:00+00:00,0.0,38000.0,"POLYGON ((-107.35031272622149 37.32592146602982, -107.66418555846039 34.04793473795517, -110.37757509158449 33.17482277103666, -113.90735798032703 34.95970670843372, -112.60950253511933 36.558226398950744, -107.35031272622149 37.32592146602982))"
CHARLIE 2,2019-06-04 23:30:00+00:00,2019-06-05 03:30:00+00:00,0.0,52000.0,"POLYGON ((-124.3 13, -120.15 11.15, -120 9.3, -127.3 9, -128 11.15, -124.3 13))"
24E,2019-06-04 23:55:00+00:00,2019-06-05 01:55:00+00:00,0.0,36000.0,"POLYGON ((-79.92937861861205 34.763970555974346, -80.40649142261705 33.1961471822748, -81.98620720173827 33.70987831280356, -79.92937861861205 34.763970555974346))"
79C,2019-06-04 23:55:00+00:00,2019-06-05 01:55:00+00:00,0.0,42000.0,"POLYGON ((-95.34288269631816 30.9372009309734, -96.66086917071775 29.066227999932764, -98.46 29.206287181737324, -97.99526417593215 30.545150573375764, -95.34288269631816 30.9372009309734))"
81C,2019-06-04 23:55:00+00:00,2019-06-05 01:55:00+00:00,0.0,42000.0,"POLYGON ((-89.84444473408051 35.287056983055166, -88.24299260440739 34.02397866241122, -89.61332689535112 32.83797357395151, -92.05584117681805 34.577709939779126, -89.84444473408051 35.287056983055166))"
83C,2019-06-04 23:55:00+00:00,2019-06-05 01:55:00+00:00,0.0,45000.0,"POLYGON ((-95.81931210565817 46.0297406734224, -91.48 45.62285469710447, -90.66363442387288 44.89709197112367, -92.60106137211392 42.86638187195628, -96.78 44.51742563652537, -95.81931210565817 46.0297406734224))"
26E,2019-06-04 23:55:00+00:00,2019-06-05 01:55:00+00:00,0.0,44000.0,"POLYGON ((-81.80324863503313 29.724853320855093, -80.28 25.8, -81.95169947457215 26.466230563713065, -82.77877096388322 29.835005498836335, -81.80324863503313 29.724853320855093))"
25E,2019-06-04 23:55:00+00:00,2019-06-05 01:55:00+00:00,0.0,45000.0,"POLYGON ((-80.04 33.056368955736396, -79.34412565937605 32.2998675212049, -80.73709481138881 31.39092814967276, -81.18533309111652 32.3136825626764, -80.04 33.056368955736396))"
80C,2019-06-04 23:55:00+00:00,2019-06-05 01:55:00+00:00,0.0,45000.0,"POLYGON ((-91.7205539887606 33.75690605281194, -92.3053759533362 31.259853371484805, -94.18005595053121 31.349873633731026, -94.07 33.51, -91.7205539887606 33.75690605281194))"
82C,2019-06-04 23:55:00+00:00,2019-06-05 01:55:00+00:00,0.0,45000.0,"POLYGON ((-90.48 39.19273791147279, -88.86000000000001 39.07452417705443, -90.6596386626933 35.874368077995655, -92.74202548542378 34.869711043060946, -93.17045194639694 37.052482923472624, -90.48 39.19273791147279))"
85C,2019-06-04 23:55:00+00:00,2019-06-05 01:55:00+00:00,0.0,45000.0,"POLYGON ((-97.56576593594394 47.33456239841036, -95.02 46.914524177054425, -96.78 44.48184477868197, -99.12694884934261 43.23770077539203, -101.4516681231308 44.61856953148195, -97.56576593594394 47.33456239841036))"
78C,2019-06-04 23:55:00+00:00,2019-06-05 01:55:00+00:00,0.0,45000.0,"POLYGON ((-94.38987756723854 29.956519387931614, -92.57782880204253 29.947926880086285, -91.43225822797524 27.997007400801074, -94.98287760533132 27.577120497528707, -95.64277059200786 28.17015933080258, -94.38987756723854 29.956519387931614))"
87C,2019-06-04 23:55:00+00:00,2019-06-05 01:55:00+00:00,0.0,45000.0,"POLYGON ((-102.4826203158765 39.13263958934428, -101.23564291298746 39.036192356083724, -101.7376563317835 36.78285730826943, -103.75638151416156 35.48730937505223, -104.79096541796999 36.336269045227596, -102.4826203158765 39.13263958934428))"
84C,2019-06-04 23:55:00+00:00,2019-06-05 01:55:00+00:00,0.0,43000.0,"POLYGON ((-95.05024177980495 49.00409306069488, -88.55804219279742 47.578472089657886, -90.93188027056618 45.82093252553699, -94.03 46.84910686720918, -97.01395834902236 48.06750633408091, -95.05024177980495 49.00409306069488))"
88C,2019-06-04 23:55:00+00:00,2019-06-05 01:55:00+00:00,0.0,43000.0,"POLYGON ((-105.14 34.99452417705442, -102.98 30.95, -103.36730441863041 29.069070318372592, -106.88483105759765 32.02326042607353, -106.82 34.20815522131804, -105.14 34.99452417705442))"
86C,2019-06-04 23:55:00+00:00,2019-06-05 01:55:00+00:00,0.0,44000.0,"POLYGON ((-105.23311731705421 42.7668798752431, -101.57115988084978 42.55912941728114, -100.40911041454669 41.664319927645394, -103.01413670981476 39.85247164237417, -104.66000000000001 40.142737911472786, -105.23311731705421 42.7668798752431))"
41W,2019-06-04 23:55:00+00:00,2019-06-05 01:55:00+00:00,0.0,38000.0,"POLYGON ((-108.92041407293021 36.7371152543526, -107.28 34.11184477868197, -110.04702688077134 32.267559751279975, -113.65989216039735 34.767317061028685, -112.51640298264462 36.439171619766505, -108.92041407293021 36.7371152543526))"
42W,2019-06-04 23:55:00+00:00,2019-06-05 01:55:00+00:00,0.0,43000.0,"POLYGON ((-108.83446699744962 44.38099676983876, -107.69668721166077 42.38246259229515, -111.21807612584894 40.13490814795503, -112.27727314952207 42.507280566614554, -108.83446699744962 44.38099676983876))"
9C,2019-06-05 00:55:00+00:00,2019-06-05 02:55:00+00:00,0.0,45000.0,"POLYGON ((-102.25118316317966 39.38865212174167, -101.17276220013258 39.22287887806798, -101.30417399667236 36.92888133626886, -103.53220000729459 35.3135472516008, -104.49003966493564 36.18271545927376, -102.25118316317966 39.38865212174167))"
7C,2019-06-05 00:55:00+00:00,2019-06-05 02:55:00+00:00,0.0,45000.0,"POLYGON ((-96.88594692030959 47.74514341616889, -95.02 47.00171624231643, -96.78 44.37285469710448, -98.41191469123314 42.674118738984895, -100.9692207716443 44.387143284856016, -96.88594692030959 47.74514341616889))"
3W,2019-06-05 00:55:00+00:00,2019-06-05 02:55:00+00:00,0.0,38000.0,"POLYGON ((-117.77 39.01199657594627, -116.05151251344911 38.90653362470789, -116.48583941600248 37.993017943970415, -117.77 38, -117.77 39.01199657594627))"
2E,2019-06-05 00:55:00+00:00,2019-06-05 02:55:00+00:00,0.0,43000.0,"POLYGON ((-81.73027672641336 29.878700770027603, -81.6895093311028 28.412219359328287, -82.68 28.40910686720918, -82.91454423169536 29.717571846496604, -81.73027672641336 29.878700770027603))"
1E,2019-06-05 00:55:00+00:00,2019-06-05 02:55:00+00:00,0.0,45000.0,"POLYGON ((-79.89971767843136 33.007562329888366, -79.06831981707582 32.062751988236165, -80.00960503624667 31.214106549109758, -81.18507938330943 32.00627295486928, -79.89971767843136 33.007562329888366))"
3C,2019-06-05 00:55:00+00:00,2019-06-05 02:55:00+00:00,0.0,38000.0,"POLYGON ((-91.34023482709601 35.340840671314346, -89.74807843569131 34.558664395551276, -90.84712562975027 33.92927312269615, -92.18 34.347262088527216, -91.34023482709601 35.340840671314346))"
8C,2019-06-05 00:55:00+00:00,2019-06-05 02:55:00+00:00,0.0,38000.0,"POLYGON ((-103.44675490829964 43.21063701635652, -99.72600398756889 41.36381358475938, -102.48842663723661 39.641943189327925, -104.05805902905439 39.99944706493813, -105.02506109952874 42.70111697496717, -103.44675490829964 43.21063701635652))"
5C,2019-06-05 00:55:00+00:00,2019-06-05 02:55:00+00:00,0.0,45000.0,"POLYGON ((-95.66624803159976 45.92034753095151, -91.84342367149199 45.514247336409056, -89.46 44.631786265581646, -91.5459463629916 42.65163734701528, -96.78 44.48184477868197, -95.66624803159976 45.92034753095151))"
6C,2019-06-05 00:55:00+00:00,2019-06-05 02:55:00+00:00,0.0,44000.0,"POLYGON ((-94.91835313733412 48.560148507052055, -89.46 46.96095164589115, -90.41160143459608 45.626049581068806, -93.80757997067326 46.28611756471879, -96.69321915192998 47.94892885887507, -94.91835313733412 48.560148507052055))"
4C,2019-06-05 00:55:00+00:00,2019-06-05 02:55:00+00:00,0.0,45000.0,"POLYGON ((-88.86000000000001 39.24089313279082, -90.6596386626933 35.874368077995655, -92.18 35.51184477868196, -92.74166054174377 36.88797672824774, -90.31576434675067 39.167294989501364, -88.86000000000001 39.24089313279082))"
10C,2019-06-05 00:55:00+00:00,2019-06-05 02:55:00+00:00,0.0,45000.0,"POLYGON ((-104.56422613221665 35.18806442553024, -102.8006572449996 31.01354285038564, -103.29545604096907 28.915027596438687, -105.02230366413714 30.67762935509933, -106.58802264672235 34.578664231665655, -104.56422613221665 35.18806442553024))"
1C,2019-06-05 00:55:00+00:00,2019-06-05 02:55:00+00:00,0.0,45000.0,"POLYGON ((-95.27639971778234 30.113684420078393, -91.97843995183646 29.89004076223679, -91.67557902191953 28.59778243474089, -94.22136997788162 27.979957013594845, -95.17135684729308 28.755227741662534, -95.27639971778234 30.113684420078393))"
2C,2019-06-05 00:55:00+00:00,2019-06-05 02:55:00+00:00,0.0,40000.0,"POLYGON ((-93.33045140193926 33.762471068875364, -91.39029749032743 33.8370566438334, -92.22407093160261 31.494986579544367, -94.57071281542481 31.46732365748213, -93.33045140193926 33.762471068875364))"
2W,2019-06-05 00:55:00+00:00,2019-06-05 02:55:00+00:00,0.0,40000.0,"POLYGON ((-108.83446699744962 44.38099676983876, -107.9873896236918 41.90372662162885, -110.73487415140778 40.3294287649337, -112.45 42.2, -108.83446699744962 44.38099676983876))"
1W,2019-06-05 00:55:00+00:00,2019-06-05 02:55:00+00:00,0.0,40000.0,"POLYGON ((-108.09 36.74, -106.57161962438006 33.866197425802795, -110.04702688077134 32.267559751279975, -113.49176523453538 34.6958188956079, -112.77683847155168 36.76680566180234, -108.09 36.74))"
3E,2019-06-05 01:55:00+00:00,2019-06-05 03:55:00+00:00,0.0,35000.0,"POLYGON ((-79.86783340686348 32.88988204964007, -79.31456405163082 32.274540537780005, -80.01027543709402 31.767966790495297, -80.63581540301406 32.325090770852476, -79.86783340686348 32.88988204964007))"
12C,2019-06-05 01:55:00+00:00,2019-06-05 03:55:00+00:00,0.0,45000.0,"POLYGON ((-93.70348081896329 33.20277863912875, -91.84227722042168 32.92054387557832, -92.2603024402253 31.464231821908815, -94.91478450893486 31.560551852467576, -93.70348081896329 33.20277863912875))"
5W,2019-06-05 01:55:00+00:00,2019-06-05 03:55:00+00:00,0.0,33000.0,"POLYGON ((-109.38185572772369 42.79899937449623, -107.58156374863279 42.02366998838056, -110.65542970002356 40.30478892719222, -111.90156856219855 41.78978051148548, -109.38185572772369 42.79899937449623))"
4E,2019-06-05 01:55:00+00:00,2019-06-05 03:55:00+00:00,0.0,35000.0,"POLYGON ((-82.05263603775916 29.868317221036424, -81.55838029840848 29.00093985531874, -82.68 28.741844778681966, -82.91454423169536 29.717571846496604, -82.05263603775916 29.868317221036424))"
16C,2019-06-05 01:55:00+00:00,2019-06-05 03:55:00+00:00,0.0,45000.0,"POLYGON ((-100.78124234501686 41.97905960425029, -99.45856059027645 41.3746803667142, -102.0884893598079 39.51665428550966, -103.34586329018525 39.85247164237417, -103.64231622381 41.09810364779696, -100.78124234501686 41.97905960425029))"
14C,2019-06-05 01:55:00+00:00,2019-06-05 03:55:00+00:00,0.0,45000.0,"POLYGON ((-95.66624803159976 45.92034753095151, -91.48 45.39910686720918, -88.83503529256959 44.36718090029983, -90.91793245275211 42.33614536655166, -97.13561023061489 44.264271939311, -95.66624803159976 45.92034753095151))"
17C,2019-06-05 01:55:00+00:00,2019-06-05 03:55:00+00:00,0.0,45000.0,"POLYGON ((-100.44486822562696 39.25980258233668, -100.19717691731991 37.29216397920319, -102.98254483440157 34.382276579203676, -103.91396323607998 35.79441544762327, -102.28501107552755 39.19748270788722, -100.44486822562696 39.25980258233668))"
15C,2019-06-05 01:55:00+00:00,2019-06-05 03:55:00+00:00,0.0,45000.0,"POLYGON ((-95.02 48.578213734418355, -89.46 46.62821373441836, -90.55274526545244 45.30643746966527, -95.1368905805141 46.026304835288336, -97.52535943272403 46.939018411526824, -95.02 48.578213734418355))"
11C,2019-06-05 01:55:00+00:00,2019-06-05 03:55:00+00:00,0.0,45000.0,"POLYGON ((-95.07972136892346 31.28683335086115, -91.65623743728003 30.35218257689585, -91.84955358391116 28.531968360228927, -93.97750880328364 28.292691090479412, -95.35 29.460893132790822, -95.07972136892346 31.28683335086115))"
18C,2019-06-05 01:55:00+00:00,2019-06-05 03:55:00+00:00,0.0,45000.0,"POLYGON ((-103.7552030914674 34.87249114340129, -102.48833956701282 31.39483107108088, -103.29545604096907 28.915027596438687, -104.48303084744293 30.107919967433553, -105.61515586247744 34.15952525366143, -103.7552030914674 34.87249114340129))"
13C,2019-06-05 01:55:00+00:00,2019-06-05 03:55:00+00:00,0.0,43000.0,"POLYGON ((-90.28243210464821 38.9235002983227, -88.86000000000001 38.74178626558165, -90.14276251395493 36.01719017602668, -91.52899808448849 35.63804157700413, -91.98440295104083 36.906692926872545, -90.28243210464821 38.9235002983227))"
4W,2019-06-05 01:55:00+00:00,2019-06-05 03:55:00+00:00,0.0,38000.0,"POLYGON ((-108.09 36.74, -106.57161962438006 33.866197425802795, -110.72416366697784 33.8689372720829, -111.50785076299077 36.58088006321928, -108.09 36.74))"
6E,2019-06-05 02:55:00+00:00,2019-06-05 04:55:00+00:00,0.0,37000.0,"POLYGON ((-86.7450546791296 43.77895748618551, -84.4474330109626 43.740042411744824, -84.4508199475048 43.54007109214909, -86.7484416156718 43.57898616658978, -86.7450546791296 43.77895748618551))"
25C,2019-06-05 02:55:00+00:00,2019-06-05 04:55:00+00:00,0.0,45000.0,"POLYGON ((-99.96671110168211 39.055248966428834, -99.88 37.062854697104484, -103.04043439512105 34.09913772879655, -103.72522954720728 35.282162671773506, -101.97417581976379 38.8553885238383, -99.96671110168211 39.055248966428834))"
6W,2019-06-05 02:55:00+00:00,2019-06-05 04:55:00+00:00,0.0,37000.0,"POLYGON ((-106.99657470421923 35.03987209699969, -106.82 34.317145302895526, -110.63424014879989 33.42229478410743, -110.8 34.48171624231643, -106.99657470421923 35.03987209699969))"
5E,2019-06-05 02:55:00+00:00,2019-06-05 04:55:00+00:00,0.0,40000.0,"POLYGON ((-79.67338564270624 33.01679860691805, -78.94647245684156 32.50323761372385, -79.66414237158375 32.120912566492294, -80.04 32.557262088527224, -79.67338564270624 33.01679860691805))"
21C,2019-06-05 02:55:00+00:00,2019-06-05 04:55:00+00:00,0.0,45000.0,"POLYGON ((-88.16787113366506 38.697823880951525, -89.61003222112043 35.784369232382, -91.26278797123997 35.49477284765312, -91.68358137881246 36.695973531165265, -90.48 38.360893132790814, -88.16787113366506 38.697823880951525))"
26C,2019-06-05 02:55:00+00:00,2019-06-05 04:55:00+00:00,0.0,45000.0,"POLYGON ((-103.6 35.18, -101.58554560385627 30.06336275647084, -102.73672728438713 29.235638419622713, -103.67814444802538 30.064437810051942, -105.14 34.495417309845244, -103.6 35.18))"
20C,2019-06-05 02:55:00+00:00,2019-06-05 04:55:00+00:00,0.0,38000.0,"POLYGON ((-93.78858126771948 33.274400425435914, -91.65919404740981 33.2879516723136, -92.04 32.02089313279084, -94.75 31.920893132790823, -93.78858126771948 33.274400425435914))"
19C,2019-06-05 02:55:00+00:00,2019-06-05 04:55:00+00:00,0.0,44000.0,"POLYGON ((-95.13089695921627 30.806425572097226, -91.3739928150582 30.63368398876683, -91.67557902191953 28.59778243474089, -93.97750880328364 28.292691090479412, -94.67505309718783 29.370077028106515, -95.13089695921627 30.806425572097226))"
24C,2019-06-05 02:55:00+00:00,2019-06-05 04:55:00+00:00,0.0,45000.0,"POLYGON ((-99.9629892462174 41.63553968457921, -99.12689346270095 40.789171009253415, -101.84196161019548 39.27226046564854, -103.18 39.660893132790825, -103.29111081805938 40.86429950880138, -99.9629892462174 41.63553968457921))"
22C,2019-06-05 02:55:00+00:00,2019-06-05 04:55:00+00:00,0.0,45000.0,"POLYGON ((-93.24 45.535475822945564, -88.19 44.7263689557364, -90.08747249589474 42.2073129730507, -97.6996743873965 43.646313446833176, -95.67393428075451 45.39095205128576, -93.24 45.535475822945564))"
23C,2019-06-05 02:55:00+00:00,2019-06-05 04:55:00+00:00,0.0,45000.0,"POLYGON ((-95.69460320954947 48.653986200346516, -88.99842448532945 46.397603755053915, -89.82023906679203 45.014610217441486, -95.03954859981103 45.63967442875844, -96.6786816942149 46.63223136217032, -95.69460320954947 48.653986200346516))"
7W,2019-06-05 02:55:00+00:00,2019-06-05 04:55:00+00:00,0.0,37000.0,"POLYGON ((-108.3 42.79452417705442, -106.9555050190518 41.71541548608721, -109.97638102689673 40.02225779908407, -111.51093436370803 41.20197469608824, -108.3 42.79452417705442))"
27C,2019-06-05 03:55:00+00:00,2019-06-05 05:55:00+00:00,0.0,35000.0,"POLYGON ((-93.08578345603873 33.259521490538454, -90.91876156050824 33.237061590719705, -91.67752538042748 32.21279867052261, -94.38792297941951 32.112800669471255, -93.08578345603873 33.259521490538454))"
29C,2019-06-05 03:55:00+00:00,2019-06-05 05:55:00+00:00,0.0,45000.0,"POLYGON ((-95.20530813745194 45.52043228848776, -93.24 45.535475822945564, -87.5407160130288 44.74916463865349, -89.59 41.16, -95.97496268947664 43.05895483320172, -95.20530813745194 45.52043228848776))"
28C,2019-06-05 03:55:00+00:00,2019-06-05 05:55:00+00:00,0.0,45000.0,"POLYGON ((-89.98718601739743 38.130866430544664, -88.150411376221 38.056688876904595, -89.47682214186807 35.712488029563765, -91.38489402586352 35.756291015815584, -90.42401706166716 37.6061743970326, -89.98718601739743 38.130866430544664))"
30C,2019-06-05 03:55:00+00:00,2019-06-05 05:55:00+00:00,0.0,42000.0,"POLYGON ((-94.56317463971659 47.70642798074249, -88.78138822797912 46.09856510910995, -87.5407160130288 44.74916463865349, -95.03954859981103 45.63967442875844, -96.00080924714672 46.15863221541655, -94.56317463971659 47.70642798074249))"
33C,2019-06-05 03:55:00+00:00,2019-06-05 05:55:00+00:00,0.0,45000.0,"POLYGON ((-102.60950977294848 34.03866862920351, -101.31242492237271 29.82946505737113, -102.70949642533014 29.848483223811545, -103.12895405870992 31.257324368724603, -104.05367103188813 33.80927899285939, -102.60950977294848 34.03866862920351))"
32C,2019-06-05 03:55:00+00:00,2019-06-05 05:55:00+00:00,0.0,45000.0,"POLYGON ((-99.47663678912616 38.66935994796152, -98.99570188490644 37.042597962201036, -102.84 34.00089313279083, -103.90924912960439 34.56478654845799, -101.7077880250715 38.51424998296327, -99.47663678912616 38.66935994796152))"
31C,2019-06-05 03:55:00+00:00,2019-06-05 05:55:00+00:00,0.0,40000.0,"POLYGON ((-99.99 43.23547582294557, -98.19293314524126 41.49753394225193, -100.59 40.2, -101.05448235495922 40.55199626504886, -99.99 43.23547582294557))"
8W,2019-06-05 03:55:00+00:00,2019-06-05 05:55:00+00:00,0.0,37000.0,"POLYGON ((-107.95164375049713 35.416754327202824, -107.28 34.11184477868197, -109.14 33.42178626558165, -109.88757962797791 34.67239444467471, -107.95164375049713 35.416754327202824))"
34C,2019-06-05 04:55:00+00:00,2019-06-05 06:55:00+00:00,0.0,40000.0,"POLYGON ((-92.74 33.40457093942089, -90.91876156050824 33.237061590719705, -91.40794814055783 32.29711938969625, -93.6134924915289 32.36914810541423, -92.74 33.40457093942089))"
36C,2019-06-05 04:55:00+00:00,2019-06-05 06:55:00+00:00,0.0,45000.0,"POLYGON ((-89.46 45.05171624231644, -87.17554216134646 44.555509896803734, -88.88276716880598 40.93653338416348, -96.5521339167693 43.24907434916208, -94.41995731018017 43.9566525659237, -89.46 45.05171624231644))"
39C,2019-06-05 04:55:00+00:00,2019-06-05 06:55:00+00:00,0.0,45000.0,"POLYGON ((-103.4447969085326 34.87249114340129, -102.2817631287848 34.30772979278121, -101.31242492237271 29.82946505737113, -102.70949642533014 29.848483223811545, -103.52093908231348 32.953155243351134, -103.4447969085326 34.87249114340129))"
37C,2019-06-05 04:55:00+00:00,2019-06-05 06:55:00+00:00,0.0,43000.0,"POLYGON ((-93.66286402981429 47.18995350832643, -92.78472521958408 45.63762807931389, -95.13 44.80273791147279, -96.00080924714672 46.15863221541655, -93.66286402981429 47.18995350832643))"
35C,2019-06-05 04:55:00+00:00,2019-06-05 06:55:00+00:00,0.0,41000.0,"POLYGON ((-89.90556695461525 38.28437682959165, -87.54907629864074 37.929811762162885, -89.32 36.02, -91.14010114351493 36.04618315936905, -90.23 37.17089313279082, -89.90556695461525 38.28437682959165))"
38C,2019-06-05 04:55:00+00:00,2019-06-05 06:55:00+00:00,0.0,45000.0,"POLYGON ((-98.8423831518311 37.7432677027057, -99.1142443230933 36.59222707141659, -102.09625454310407 34.243078109296235, -103.4447969085326 34.87249114340129, -102.01208931288897 37.03544323732502, -98.8423831518311 37.7432677027057))"
9W,2019-06-05 04:55:00+00:00,2019-06-05 06:55:00+00:00,0.0,38000.0,"POLYGON ((-108.13177054409188 35.23936022392334, -107.66418555846039 34.04793473795517, -109.14 33.58815522131804, -109.37282715723045 34.88089439986366, -108.13177054409188 35.23936022392334))"
10W,2019-06-05 05:55:00+00:00,2019-06-05 07:55:00+00:00,0.0,40000.0,"POLYGON ((-107.75499362747252 34.718076029484635, -107.28 33.28, -108.9567468580813 32.884457628350354, -109.14 34.253631044263614, -107.75499362747252 34.718076029484635))"
46C,2019-06-05 06:07:00+00:00,2019-06-05 08:55:00+00:00,0.0,40000.0,"POLYGON ((-94.2502750457227 48.38672773950804, -93.79572959117723 48.38672773950804, -93.79572959117723 47.932182284962586, -94.2502750457227 47.932182284962586, -94.2502750457227 48.38672773950804))"
40C,2019-06-05 06:07:00+00:00,2019-06-05 07:55:00+00:00,0.0,38000.0,"POLYGON ((-89.957870027702 38.44992609863472, -87.21014135882359 37.928720731025315, -88.78377086043217 36.01880648927114, -90.61981055505433 35.99889696498276, -89.95241135079664 37.13540918600743, -89.957870027702 38.44992609863472))"
41C,2019-06-05 06:07:00+00:00,2019-06-05 07:55:00+00:00,0.0,45000.0,"POLYGON ((-88.03398829486046 44.82702639598321, -85.6276157116273 44.536407544469284, -88.02143134498452 40.55609743056678, -96.21869410802456 43.23971253402484, -88.03398829486046 44.82702639598321))"
42C,2019-06-05 06:07:00+00:00,2019-06-05 07:55:00+00:00,0.0,35000.0,"POLYGON ((-94.19109193353094 46.61701954523789, -93.24 45.303712818262674, -94.98699848876292 44.36768359405494, -96.29438505929949 45.813676368960024, -94.19109193353094 46.61701954523789))"
45C,2019-06-05 06:07:00+00:00,2019-06-05 07:55:00+00:00,0.0,45000.0,"POLYGON ((-96.32724969523802 42.84770234845753, -95.74 42.037425636525356, -98.85885440880726 40.44390727081465, -99.31332747319053 41.375982967581706, -96.32724969523802 42.84770234845753))"
44C,2019-06-05 06:07:00+00:00,2019-06-05 07:55:00+00:00,0.0,45000.0,"POLYGON ((-103.1263006177974 34.734947616118234, -101.91 34.19910686720918, -100.77 29.36, -102.46607336090584 29.873048685196448, -103.54874212777925 33.90974659870893, -103.1263006177974 34.734947616118234))"
43C,2019-06-05 06:07:00+00:00,2019-06-05 07:55:00+00:00,0.0,45000.0,"POLYGON ((-98.35489442444131 37.49279298401074, -98.87029483912617 36.02789876757129, -101.91 34.19910686720918, -102.99508024641707 34.807311886736734, -101.35447513356584 36.9120460287959, -98.35489442444131 37.49279298401074))"
47C,2019-06-05 06:55:00+00:00,2019-06-05 08:55:00+00:00,0.0,40000.0,"POLYGON ((-89.38863878685184 39.329889105175454, -86.89495128408605 38.82162685035559, -88.42630080833382 36.01668476519175, -90.23421514117302 36.107871208493016, -89.89201443023292 37.780167908982285, -89.38863878685184 39.329889105175454))"
48C,2019-06-05 06:55:00+00:00,2019-06-05 08:55:00+00:00,0.0,45000.0,"POLYGON ((-87.37841869922856 44.557126280317995, -85.6276157116273 44.536407544469284, -87.33829676780864 40.35523498092752, -94.42867191020488 42.507689210872364, -87.37841869922856 44.557126280317995))"
50C,2019-06-05 06:55:00+00:00,2019-06-05 08:55:00+00:00,0.0,45000.0,"POLYGON ((-102.19 32.675475822945565, -101.09787813297265 32.38732440247264, -100.59312985355673 30.597714495710978, -100.77 29.36, -101.65454068636946 29.675415091848656, -102.19 32.675475822945565))"
51C,2019-06-05 06:55:00+00:00,2019-06-05 08:55:00+00:00,0.0,45000.0,"POLYGON ((-98.00734860345707 41.99431405679207, -97.01975920239389 41.372339925088596, -98.85201995983138 40.456671218088836, -99.16617111677526 41.12244355606507, -98.00734860345707 41.99431405679207))"
49C,2019-06-05 06:55:00+00:00,2019-06-05 08:55:00+00:00,0.0,42000.0,"POLYGON ((-101.38684973432429 37.03927088883678, -99.14421150415737 36.92595462311489, -101.03712892851827 34.62239869812676, -101.6060578375243 33.084807733852614, -103.19654718557507 33.24765727144566, -101.38684973432429 37.03927088883678))"
52C,2019-06-05 06:55:00+00:00,2019-06-05 08:55:00+00:00,0.0,45000.0,"POLYGON ((-96.0177661794798 29.374504975625655, -94.56734362335169 28.112163378606606, -95.59412167759774 27.221068773946314, -96.8369632215839 28.949977610162957, -96.0177661794798 29.374504975625655))"
BRAVO 1,2019-06-05 07:30:00+00:00,2019-06-05 11:30:00+00:00,0.0,50000.0,"POLYGON ((-94 28.15, -92.45 26.15, -95.3 26.45, -95 27.3, -94 28.15))"
7E,2019-06-05 07:55:00+00:00,2019-06-05 09:55:00+00:00,0.0,41000.0,"POLYGON ((-84.79810683707454 40.287526046704336, -84.25631212542405 39.88909955929163, -84.30696681523798 38.71265793250757, -84.84188481009825 38.752781644871, -85.58763916594883 39.49664076604889, -84.79810683707454 40.287526046704336))"
57C,2019-06-05 07:55:00+00:00,2019-06-05 09:55:00+00:00,0.0,42000.0,"POLYGON ((-97.45618779298003 41.65317478063818, -96.88429238552837 40.7091873001491, -98.0574641036483 40.84536333223153, -98.48645521032999 41.48214656660451, -97.45618779298003 41.65317478063818))"
54C,2019-06-05 07:55:00+00:00,2019-06-05 09:55:00+00:00,0.0,45000.0,"POLYGON ((-87.0588641694768 44.886388014216216, -85.31821589143236 44.26906614442376, -86.4991269945809 40.55859503686996, -93.87534256095786 42.30256887882514, -87.0588641694768 44.886388014216216))"
53C,2019-06-05 07:55:00+00:00,2019-06-05 09:55:00+00:00,0.0,38000.0,"POLYGON ((-88.94261240840497 39.58626581496703, -87.8556513375574 39.017861156669376, -86.5194859056348 36.776268624229274, -89.1743337514479 36.1375525931231, -89.59946072162323 37.668321685900366, -88.94261240840497 39.58626581496703))"
58C,2019-06-05 07:55:00+00:00,2019-06-05 09:55:00+00:00,0.0,45000.0,"POLYGON ((-95.88121234322834 29.767934630286774, -94.20037807073501 26.861411295604036, -95.31334038536899 26.604486931697338, -96.84921685976629 29.229491785461253, -95.88121234322834 29.767934630286774))"
56C,2019-06-05 07:55:00+00:00,2019-06-05 09:55:00+00:00,0.0,43000.0,"POLYGON ((-100.23152292652792 30.952274443384816, -100.06633611834356 29.103487265444112, -100.22077112482648 28.183549718806965, -101.47719140418367 29.61280135552095, -101.27054920329921 30.66154296484334, -100.23152292652792 30.952274443384816))"
55C,2019-06-05 07:55:00+00:00,2019-06-05 09:55:00+00:00,0.0,45000.0,"POLYGON ((-101.2656761437705 37.27491487799064, -99.14421150415737 36.92595462311489, -100.29 35.035475822945564, -101.20778005091158 33.10980723833875, -102.47253701512264 33.22816109639338, -101.2656761437705 37.27491487799064))"
CHARLIE 1,2019-06-05 08:15:00+00:00,2019-06-05 12:15:00+00:00,0.0,50000.0,"POLYGON ((-57.3 33.45, -55.15 33, -58 31, -61 31.3, -57.3 33.45))"
DELTA 1,2019-06-05 08:45:00+00:00,2019-06-05 12:45:00+00:00,0.0,50000.0,"POLYGON ((-61 22.15, -58.3 21.3, -58.3 20.45, -62.45 20.3, -61 22.15))"
61C,2019-06-05 08:55:00+00:00,2019-06-05 10:55:00+00:00,0.0,42000.0,"POLYGON ((-100.73 38.20914187884179, -98.85981135609148 37.743080520366455, -100.29 35.237425636525366, -101.17795534788888 33.084475024991576, -102.39917984651737 33.290126560435304, -100.73 38.20914187884179))"
8E,2019-06-05 08:55:00+00:00,2019-06-05 10:55:00+00:00,0.0,38000.0,"POLYGON ((-84.44225173226937 40.161969515013816, -83.57972413507423 39.93616369038091, -83.41526102165861 39.012954026824886, -85.15717524005628 38.099242434803934, -85.55652426086432 39.016868325683724, -84.44225173226937 40.161969515013816))"
62C,2019-06-05 08:55:00+00:00,2019-06-05 10:55:00+00:00,0.0,45000.0,"POLYGON ((-96.17056413645045 30.66330160295102, -94.22136997788162 27.979957013594845, -95.88299178842712 27.318260627125028, -97.80279820275854 28.668048782176804, -96.17056413645045 30.66330160295102))"
59C,2019-06-05 08:55:00+00:00,2019-06-05 10:55:00+00:00,0.0,43000.0,"POLYGON ((-88.69366364252552 40.04729132812255, -87.43439737751142 38.54437264639376, -85.67344249643658 36.67286716702833, -88.08589289352585 36.0136781257621, -88.92312419028445 37.54226254088019, -88.69366364252552 40.04729132812255))"
60C,2019-06-05 08:55:00+00:00,2019-06-05 10:55:00+00:00,0.0,44000.0,"POLYGON ((-84.68928703628106 44.4120917414859, -84.69431317876848 40.288157109350855, -93.94734670344688 41.99466696862724, -92.48461424900034 43.3415630812124, -84.68928703628106 44.4120917414859))"
9E,2019-06-05 09:55:00+00:00,2019-06-05 11:55:00+00:00,0.0,40000.0,"POLYGON ((-84.04 40.29, -83.28668991517408 39.926609175598514, -82.71717665030224 38.969291036867574, -84.41728905188278 38.48539305127419, -84.91485066482737 39.42050190943289, -84.04 40.29))"
66C,2019-06-05 09:55:00+00:00,2019-06-05 11:55:00+00:00,0.0,45000.0,"POLYGON ((-95.49766144015928 31.157663216393814, -93.11 28.642679398372472, -97.09535509399636 26.534540942128007, -97.75440824719634 29.383466091862633, -95.49766144015928 31.157663216393814))"
65C,2019-06-05 09:55:00+00:00,2019-06-05 11:55:00+00:00,0.0,40000.0,"POLYGON ((-100.4307910507258 38.15490302084303, -99.05274809521582 37.74083682952975, -100.83017424829683 36.017900142804685, -100.67218216320951 33.6008801899579, -102.1935830519262 33.9349575085321, -100.4307910507258 38.15490302084303))"
64C,2019-06-05 09:55:00+00:00,2019-06-05 11:55:00+00:00,0.0,43000.0,"POLYGON ((-84.25500347501276 44.70141162482614, -83.82189208284278 40.289795230739806, -94.05926608722221 41.311940681651514, -93.10218573634248 43.08977404899697, -84.25500347501276 44.70141162482614))"
63C,2019-06-05 09:55:00+00:00,2019-06-05 11:55:00+00:00,0.0,43000.0,"POLYGON ((-87.53210407369744 40.20615494371474, -87.43439737751142 38.54437264639376, -84.87755619122086 36.77285820568842, -87.9159913809469 36.13365024804879, -88.64364277022162 39.739799183705834, -87.53210407369744 40.20615494371474))"
BRAVO 2,2019-06-05 10:15:00+00:00,2019-06-05 14:15:00+00:00,0.0,50000.0,"POLYGON ((-91.15 28.15, -92 26.3, -95.3 27, -95 27.3, -94 28.15, -91.15 28.15))"
10E,2019-06-05 10:55:00+00:00,2019-06-05 12:55:00+00:00,0.0,40000.0,"POLYGON ((-83.15741259038961 40.14861526425747, -82.41539972368545 40.094543924496534, -82.17241355575412 39.01704602346597, -83.84378791549332 38.74024011223987, -84.18449081486457 40.02277767963705, -83.15741259038961 40.14861526425747))"
68C,2019-06-05 10:55:00+00:00,2019-06-05 12:55:00+00:00,0.0,44000.0,"POLYGON ((-83.08614597234238 43.14876564852523, -83.69036555945345 40.17882353188675, -93.84285113555528 41.43983897233159, -93.33 42.945429060579116, -83.08614597234238 43.14876564852523))"
67C,2019-06-05 10:55:00+00:00,2019-06-05 12:55:00+00:00,0.0,38000.0,"POLYGON ((-87.21506650282417 40.292776817663295, -83.56672418823243 37.02876167759472, -84.8096812585196 35.62735730331884, -87.27847366680973 37.203682210000565, -88.45938661140062 40.04599436659096, -87.21506650282417 40.292776817663295))"
11E,2019-06-05 10:55:00+00:00,2019-06-05 12:55:00+00:00,0.0,32000.0,"POLYGON ((-87.85481183863587 45.58056533328497, -84.31000000000002 45.41178626558163, -83.59035488566387 43.881880980101606, -86.21547473243919 43.47727608896772, -87.85481183863587 45.58056533328497))"
69C,2019-06-05 10:55:00+00:00,2019-06-05 12:55:00+00:00,0.0,45000.0,"POLYGON ((-94.85764569092586 31.277567416987512, -92.60016230244482 29.063081009224742, -97.38 26.252737911472792, -97.53 30.21363104426361, -94.85764569092586 31.277567416987512))"
CHARLIE 2,2019-06-05 11:30:00+00:00,2019-06-05 15:30:00+00:00,0.0,50000.0,"POLYGON ((-57.15 33.3, -55.15 33, -57.45 30.3, -61.3 31, -57.15 33.3))"
ECHO 1,2019-06-05 11:45:00+00:00,2019-06-05 15:45:00+00:00,0.0,48000.0,"POLYGON ((-62.3 30.3, -61.3 29.3, -64.15 23.15, -67.15 24.15, -67.3 26.45, -62.3 30.3))"
70C,2019-06-05 11:55:00+00:00,2019-06-05 13:55:00+00:00,0.0,45000.0,"POLYGON ((-90.91321416679457 42.44196866778428, -90.86821136958164 42.24709756104187, -93.90109392740794 41.54669512066948, -93.94609672462087 41.741566227411894, -90.91321416679457 42.44196866778428))"
12E,2019-06-05 11:55:00+00:00,2019-06-05 13:55:00+00:00,0.0,38000.0,"POLYGON ((-82.76488494952325 40.20519341696537, -81.89331008482593 39.926609175598514, -81.51501471005984 38.91484620724385, -84.30696681523798 38.71265793250757, -84.04 39.85628718173733, -82.76488494952325 40.20519341696537))"
13E,2019-06-05 11:55:00+00:00,2019-06-05 13:55:00+00:00,0.0,32000.0,"POLYGON ((-83.91363865735995 45.741478887667036, -83.15907852031856 44.04906793789227, -85.0769741840762 43.52566854872872, -87.31998769389864 45.170083220711604, -83.91363865735995 45.741478887667036))"
15E,2019-06-05 11:55:00+00:00,2019-06-05 13:55:00+00:00,0.0,38000.0,"POLYGON ((-82.4557217047505 43.72081188216712, -82.18706691382552 40.2766357000423, -88.52582143549566 40.354342655019686, -88.62543495212239 42.504657774530514, -82.4557217047505 43.72081188216712))"
14E,2019-06-05 11:55:00+00:00,2019-06-05 13:55:00+00:00,0.0,42000.0,"POLYGON ((-86.84199799864682 38.72075875392721, -83.80045586891734 38.31068550399571, -80.26293512551841 38.60247678713273, -82.90914956966219 35.46790226524021, -87.0920168853577 36.13929443076551, -86.84199799864682 38.72075875392721))"
71C,2019-06-05 11:55:00+00:00,2019-06-05 13:55:00+00:00,0.0,45000.0,"POLYGON ((-93.81888681032521 31.475196610588036, -92.45646156159316 28.75503802079858, -97.38 26.585475822945575, -97.30754560406761 30.84092624332239, -93.81888681032521 31.475196610588036))"
FOXTROT 1,2019-06-05 12:00:00+00:00,2019-06-05 16:00:00+00:00,0.0,50000.0,"POLYGON ((-122.15 11.45, -120.15 10.15, -120 5.45, -122.15 5.3, -124.45 10, -122.15 11.45))"
72C,2019-06-05 12:55:00+00:00,2019-06-05 14:55:00+00:00,,,"POLYGON ((-90.87991728400173 42.39854574876202, -91.74678759070777 41.46264529561286, -93.59186239072558 41.44313145766982, -90.75361148116004 42.24347529971219, -91.68469224785686 41.48510447878093, -93.59397750786546 41.6431202730558, -91.74890270784765 41.66263411099884, -91.81099805069856 41.64017492783076, -90.87991728400173 42.39854574876202))"
18E,2019-06-05 12:55:00+00:00,2019-06-05 14:55:00+00:00,0.0,39000.0,"POLYGON ((-81.85 41.99828375768358, -82.19057564579444 39.842630915511386, -83.75214617417632 39.75537731120511, -83.09485731332562 42.005216431895285, -82.38571366452483 41.58473405619847, -81.85 41.99828375768358))"
19E,2019-06-05 12:55:00+00:00,2019-06-05 14:55:00+00:00,0.0,39000.0,"POLYGON ((-81.34195377098034 39.85285297352962, -80.1 38.47628718173732, -83.39637396545955 35.73301451160727, -86.18487753766091 35.973005577674016, -86.42330073236745 39.45277947718653, -81.34195377098034 39.85285297352962))"
73C,2019-06-05 12:55:00+00:00,2019-06-05 14:55:00+00:00,0.0,39000.0,"POLYGON ((-96.13278558163445 32.62456169447647, -96.04605638482964 32.44434502926043, -97.03079366297496 31.970440614843874, -97.11752285977977 32.15065728005991, -96.13278558163445 32.62456169447647))"
17E,2019-06-05 12:55:00+00:00,2019-06-05 14:55:00+00:00,0.0,32000.0,"POLYGON ((-84.52476152792488 44.297669401998064, -82.23255850612702 43.61189079505375, -82.53659489186722 42.461657507660846, -83.90046787978142 42.85224717803844, -84.52476152792488 44.297669401998064))"
16E,2019-06-05 12:55:00+00:00,2019-06-05 14:55:00+00:00,0.0,32000.0,"POLYGON ((-83.85470136771495 45.640563440933796, -82.6908524987659 44.44786751777173, -83.03696003332122 43.83463307286783, -86.71960838364679 44.66403103341253, -86.55474972059689 45.37147468749988, -83.85470136771495 45.640563440933796))"
75C,2019-06-05 12:55:00+00:00,2019-06-05 14:55:00+00:00,0.0,39000.0,"POLYGON ((-88.23987690090598 32.84932537218363, -89.31778929735192 30.436449738544702, -91.52058705363996 30.018699733930546, -91.61979800349016 32.87222388479775, -88.23987690090598 32.84932537218363))"
74C,2019-06-05 12:55:00+00:00,2019-06-05 14:55:00+00:00,0.0,45000.0,"POLYGON ((-91.76023416735974 32.75497176625328, -91.67557902191953 28.59778243474089, -95.48894834335243 26.60803521734189, -97.86862355413474 26.97710893728381, -97.04670875087716 31.19869088221955, -91.76023416735974 32.75497176625328))"
80C,2019-06-05 13:55:00+00:00,2019-06-05 15:55:00+00:00,,,"POLYGON ((-106.7464164074811 35.0994378236976, -106.7252062334115 34.7290596883124, -107.1852062334115 33.35979229398156, -106.9457959754998 35.08369654494686, -106.9196897840093 34.75303464228952, -107.3747937665885 33.42348348068654, -106.9147937665885 34.79275087501738, -106.7203102159907 34.76877592104026, -106.7464164074811 35.0994378236976))"
22E,2019-06-05 13:55:00+00:00,2019-06-05 15:55:00+00:00,0.0,37000.0,"POLYGON ((-81.34195377098034 39.85285297352962, -80.1 39.199141878841786, -82.99765747557409 35.896699340569896, -86.80674994900164 36.2421603510143, -82.59 39.716287181737314, -81.34195377098034 39.85285297352962))"
21E,2019-06-05 13:55:00+00:00,2019-06-05 15:55:00+00:00,0.0,39000.0,"POLYGON ((-80.83076821759293 42.18470758285815, -81.34195377098034 39.85285297352962, -82.59 39.716287181737314, -82.56488986190912 41.63909133554211, -80.83076821759293 42.18470758285815))"
78C,2019-06-05 13:55:00+00:00,2019-06-05 15:55:00+00:00,0.0,45000.0,"POLYGON ((-93.81 32.191716242316424, -92.28846708224806 29.421852890601713, -95.88796761695178 26.465597116069656, -97.44 27.466287181737314, -96.91088092412514 31.352815720410444, -93.81 32.191716242316424))"
77C,2019-06-05 13:55:00+00:00,2019-06-05 15:55:00+00:00,0.0,36000.0,"POLYGON ((-96.3514981567029 32.868114272403076, -95.54356136195696 32.69413878844873, -96.48306874224484 31.934211071424663, -97.2049082587045 31.793549616157122, -96.3514981567029 32.868114272403076))"
20E,2019-06-05 13:55:00+00:00,2019-06-05 15:55:00+00:00,0.0,29000.0,"POLYGON ((-82.93810017488391 45.21764124015481, -82.52499652498724 44.70141162482614, -82.0848367856719 43.44924628679763, -82.45969464244027 42.79858889024914, -84.08 43.53, -82.93810017488391 45.21764124015481))"
79C,2019-06-05 13:55:00+00:00,2019-06-05 15:55:00+00:00,0.0,39000.0,"POLYGON ((-94.03598478025765 32.30868235179021, -88.9502669252363 32.07250108539319, -88.77208472143745 31.08227108564997, -90 30.182737911472785, -92.8880986467429 30.600928047731912, -94.03598478025765 32.30868235179021))"
81C,2019-06-05 13:55:00+00:00,2019-06-05 15:55:00+00:00,0.0,36000.0,"POLYGON ((-105.95 47.045475822945576, -105.22654295311314 46.377718864005715, -105.95 45.54815522131805, -107.42303681563926 45.45424854210649, -108.11045674688802 46.161794362789514, -105.95 47.045475822945576))"
76C,2019-06-05 13:55:00+00:00,2019-06-05 15:55:00+00:00,0.0,43000.0,"POLYGON ((-90.79600546718483 42.246262937425364, -90.79208167618765 41.26242932176415, -94.96555045251851 40.57919025306191, -94.9200778514282 41.421765739609825, -90.79600546718483 42.246262937425364))"
87C,2019-06-05 14:55:00+00:00,2019-06-05 16:55:00+00:00,,,"POLYGON ((-106.7377553025572 35.04106523464777, -106.6216244515925 34.80033720304964, -107.1345574811786 33.34979109224695, -106.9022446974428 34.92729687801818, -106.7981482650775 34.77679141519216, -107.3231157132631 33.41646787316157, -106.8101826836771 34.86701398396426, -106.633658870192 34.89055977182175, -106.7377553025572 35.04106523464777))"
24E,2019-06-05 14:55:00+00:00,2019-06-05 16:55:00+00:00,0.0,37000.0,"POLYGON ((-81.63506270807082 39.05601822218216, -80.492430043221 38.602660516593346, -81.79394259182254 37.556778611915334, -83.2050855021032 37.74216770931573, -81.63506270807082 39.05601822218216))"
23E,2019-06-05 14:55:00+00:00,2019-06-05 16:55:00+00:00,0.0,39000.0,"POLYGON ((-80.29 42.30914187884179, -80.38637500209484 40.774540735125285, -80.96505419399088 40.28704202793695, -81.62728776560701 41.82048442348325, -80.29 42.30914187884179))"
85C,2019-06-05 14:55:00+00:00,2019-06-05 16:55:00+00:00,0.0,45000.0,"POLYGON ((-96.23335782502998 26.937744948492377, -96.09411645212177 25.914327098935846, -96.41557380534677 25.916808912161564, -96.46431474919731 26.734932226755188, -96.23335782502998 26.937744948492377))"
86C,2019-06-05 14:55:00+00:00,2019-06-05 16:55:00+00:00,0.0,30000.0,"POLYGON ((-96.7333287038651 40.03284548493857, -96.3543006434302 39.932777965445695, -96.75816918263898 39.203462135341844, -97.27606917020391 39.04014560264499, -96.7333287038651 40.03284548493857))"
25E,2019-06-05 14:55:00+00:00,2019-06-05 16:55:00+00:00,0.0,36000.0,"POLYGON ((-83.33727961300407 37.28216488874069, -82.86312173312837 35.895629023354104, -85.9211610358806 35.88293715542125, -85.66830377926415 37.182173970849256, -83.33727961300407 37.28216488874069))"
26E,2019-06-05 14:55:00+00:00,2019-06-05 16:55:00+00:00,0.0,35000.0,"POLYGON ((-79.0494011873955 32.88609514263001, -78.58406964409272 32.372222172806104, -78.7939420029141 31.825042268081663, -79.589734327649 31.966962443600607, -79.0494011873955 32.88609514263001))"
88C,2019-06-05 14:55:00+00:00,2019-06-05 16:55:00+00:00,0.0,39000.0,"POLYGON ((-105.4819514704629 47.14757907734328, -104.98541149797646 46.37594473294722, -105.4054341393192 45.456463290643896, -106.60496877125131 45.60762902589644, -107.05749173148553 46.05629923413265, -105.4819514704629 47.14757907734328))"
82C,2019-06-05 14:55:00+00:00,2019-06-05 16:55:00+00:00,0.0,45000.0,"POLYGON ((-90.45323425010501 41.93859764464834, -90.06130501466006 41.5119642580819, -92.12600234507298 40.48199856281222, -92.63138385051435 41.19713552493705, -90.45323425010501 41.93859764464834))"
83C,2019-06-05 14:55:00+00:00,2019-06-05 16:55:00+00:00,0.0,45000.0,"POLYGON ((-94.18222823653046 30.967882422264623, -93.11 28.97541730984525, -95.6648007378029 27.37512663884861, -97.08231884220393 27.1310146120481, -96.05782876873732 29.703441750288487, -94.18222823653046 30.967882422264623))"
84C,2019-06-05 14:55:00+00:00,2019-06-05 16:55:00+00:00,0.0,33000.0,"POLYGON ((-92.04 32.18726208852723, -89.0485046770977 31.316386786392243, -89.25111192859042 30.40862244644479, -92.5 30.927262088527215, -93.05324656617897 31.72937823056986, -92.04 32.18726208852723))"
ECHO 2,2019-06-05 15:25:00+00:00,2019-06-05 19:25:00+00:00,0.0,46000.0,"POLYGON ((-66.45 34.05, -61.35 28.5, -63.25 22.3, -68.45 24.4, -66.45 34.05))"
FOXTROT 2,2019-06-05 15:35:00+00:00,2019-06-05 19:35:00+00:00,0.0,50000.0,"POLYGON ((-125.05 12.5, -120.05 12, -120 6.5, -125.05 6.5, -125.05 12.5))"
27E,2019-06-05 15:55:00+00:00,2019-06-05 17:55:00+00:00,0.0,34000.0,"POLYGON ((-79.67548638195683 42.597573647475514, -78.85800146497186 41.229951859090804, -79.99196066106627 40.42909568022471, -80.35565004380913 40.562775948774046, -80.56609468394053 42.22412400119316, -79.67548638195683 42.597573647475514))"
92C,2019-06-05 15:55:00+00:00,2019-06-05 17:55:00+00:00,0.0,45000.0,"POLYGON ((-96.08605359984651 27.395466283970425, -95.56394954425976 27.15516211608156, -96.09411645212177 25.914327098935846, -96.41557380534677 25.916808912161564, -96.08605359984651 27.395466283970425))"
94C,2019-06-05 15:55:00+00:00,2019-06-05 17:55:00+00:00,0.0,37000.0,"POLYGON ((-106.82 34.89542906057911, -106.16923286830848 34.81696157077979, -106.41693021117257 33.99261345877502, -107.0805468361971 33.68053931076735, -106.82 34.89542906057911))"
96C,2019-06-05 15:55:00+00:00,2019-06-05 17:55:00+00:00,0.0,37000.0,"POLYGON ((-92.4353703353927 31.126417696729234, -91.65698558046947 30.786195191728435, -91.77249882811343 30.070239857519752, -92.91729213804652 30.540557683633594, -92.4353703353927 31.126417696729234))"
93C,2019-06-05 15:55:00+00:00,2019-06-05 17:55:00+00:00,0.0,30000.0,"POLYGON ((-96.47687720592899 39.995238906929515, -95.99397122754162 39.79910019985046, -96.21 39.477145302895536, -96.75816918263898 39.203462135341844, -96.47687720592899 39.995238906929515))"
91C,2019-06-05 15:55:00+00:00,2019-06-05 17:55:00+00:00,0.0,42000.0,"POLYGON ((-88.51547366074959 30.785232252233637, -88.36 30.00714530289553, -88.74301296219856 29.92804070217627, -89.6453164803577 30.156207340904505, -89.20091891365409 30.727289410313478, -88.51547366074959 30.785232252233637))"
29E,2019-06-05 15:55:00+00:00,2019-06-05 17:55:00+00:00,0.0,37000.0,"POLYGON ((-82.61059008506699 37.36127071755901, -82.7114084512464 35.96802465736739, -83.89 35.40089313279081, -85.29209587804843 36.54246587941211, -84.94357369476812 37.027084680374244, -82.61059008506699 37.36127071755901))"
28E,2019-06-05 15:55:00+00:00,2019-06-05 17:55:00+00:00,0.0,26000.0,"POLYGON ((-80.55581748829395 39.26203785952223, -79.7986321916206 38.67433077492514, -80.69901220522561 37.77925111042179, -81.41863655076995 38.0149049261673, -80.55581748829395 39.26203785952223))"
31E,2019-06-05 15:55:00+00:00,2019-06-05 17:55:00+00:00,0.0,40000.0,"POLYGON ((-86.68 35.30815522131804, -85.72089864040395 34.488099469985336, -86.18835234089318 34.2561674816533, -87.05883554853216 35.06216346737892, -86.68 35.30815522131804))"
30E,2019-06-05 15:55:00+00:00,2019-06-05 17:55:00+00:00,0.0,35000.0,"POLYGON ((-78.85129679023204 32.8843771033571, -78.58406964409272 32.372222172806104, -78.5209752779558 31.586746864214856, -79.589734327649 31.966962443600607, -78.85129679023204 32.8843771033571))"
90C,2019-06-05 15:55:00+00:00,2019-06-05 17:55:00+00:00,0.0,45000.0,"POLYGON ((-94.94119011628467 30.31229084207838, -93.11 28.97541730984525, -94.98287760533132 27.577120497528707, -96.90984507899556 27.428424099833215, -95.92608206591001 29.95874695152936, -94.94119011628467 30.31229084207838))"
95C,2019-06-05 15:55:00+00:00,2019-06-05 17:55:00+00:00,0.0,39000.0,"POLYGON ((-105.4819514704629 47.14757907734328, -104.98541149797646 46.37594473294722, -105.4054341393192 45.456463290643896, -106.60496877125131 45.60762902589644, -107.05749173148553 46.05629923413265, -105.4819514704629 47.14757907734328))"
89C,2019-06-05 15:55:00+00:00,2019-06-05 17:55:00+00:00,0.0,45000.0,"POLYGON ((-90.72121850821866 41.51657855579943, -89.59 40.49452417705442, -91.89716594305224 40.31893318260444, -92.27659639696566 41.51807540591529, -90.72121850821866 41.51657855579943))"
35E,2019-06-05 16:55:00+00:00,2019-06-05 18:55:00+00:00,0.0,39000.0,"POLYGON ((-83.88463993902863 30.565149913835874, -83.11371326571071 29.733550917087637, -83.35688992240843 29.48899722219242, -84.04063724262618 30.28898565440693, -83.88463993902863 30.565149913835874))"
33E,2019-06-05 16:55:00+00:00,2019-06-05 18:55:00+00:00,0.0,33000.0,"POLYGON ((-83.20455780869561 37.02656029458733, -82.63562908582095 36.030023377555345, -83.3 35.27828375768358, -84.55139429602954 36.119488240244166, -84.36541836539786 36.8252718015794, -83.20455780869561 37.02656029458733))"
02C,2019-06-05 16:55:00+00:00,2019-06-05 18:55:00+00:00,0.0,45000.0,"POLYGON ((-95.38431108599897 27.93903221923696, -95.58788185202482 26.57285539806094, -96.09411645212177 25.914327098935846, -95.87211502214578 27.824332103723787, -95.38431108599897 27.93903221923696))"
01C,2019-06-05 16:55:00+00:00,2019-06-05 18:55:00+00:00,0.0,42000.0,"POLYGON ((-88.67112570461497 30.840278789350503, -88.10396286711156 30.195484128068205, -89.07909112012456 29.51485582476807, -89.6453164803577 30.156207340904505, -89.13915201631758 31.004297915632254, -88.67112570461497 30.840278789350503))"
98C,2019-06-05 16:55:00+00:00,2019-06-05 18:55:00+00:00,0.0,45000.0,"POLYGON ((-89.66333555126594 41.026410585524594, -88.86000000000001 40.31828375768358, -89.61202238257115 39.73757380355236, -90.60922059728253 40.3592114110296, -89.66333555126594 41.026410585524594))"
03C,2019-06-05 16:55:00+00:00,2019-06-05 18:55:00+00:00,0.0,37000.0,"POLYGON ((-106.29028030982182 35.03884888509084, -105.08863563425237 34.274085259716806, -105.107179528051 32.93013962753915, -105.41685115542002 33.06082937999622, -106.44682697107343 34.73274677001371, -106.29028030982182 35.03884888509084))"
97C,2019-06-05 16:55:00+00:00,2019-06-05 18:55:00+00:00,0.0,35000.0,"POLYGON ((-91.43176098277756 41.4645374314086, -90.3580811246334 41.15744889271386, -91.24429838351911 40.85158671350324, -92.28732952039813 41.00686855612692, -91.43176098277756 41.4645374314086))"
06C,2019-06-05 16:55:00+00:00,2019-06-05 18:55:00+00:00,0.0,31000.0,"POLYGON ((-104.71405019195105 38.823923279548055, -105.31482817170672 37.51490167500559, -106.2329718521605 38.92700950829664, -104.71405019195105 38.823923279548055))"
34E,2019-06-05 16:55:00+00:00,2019-06-05 18:55:00+00:00,0.0,37000.0,"POLYGON ((-86.36709514549491 35.52477240044752, -84.33801861124773 34.957298025751605, -85.00826235240366 34.099264778247814, -86.92776930745075 34.89970959924097, -86.36709514549491 35.52477240044752))"
32E,2019-06-05 16:55:00+00:00,2019-06-05 18:55:00+00:00,0.0,28000.0,"POLYGON ((-79.29269922632292 42.49728061204789, -78.63649342828978 41.50807608258801, -78.98456379461884 40.43753786145602, -79.74604279316488 40.476146127092065, -80.08289761520867 42.08348061526104, -79.29269922632292 42.49728061204789))"
99C,2019-06-05 16:55:00+00:00,2019-06-05 18:55:00+00:00,0.0,45000.0,"POLYGON ((-95.75591718433901 29.606456054048326, -94.80941104213585 29.48833419869212, -94.22136997788162 27.979957013594845, -94.56734362335169 28.112163378606606, -96.40015767798008 27.514100713451217, -95.75591718433901 29.606456054048326))"
04C,2019-06-05 16:55:00+00:00,2019-06-05 18:55:00+00:00,0.0,39000.0,"POLYGON ((-105.95 46.87910686720919, -104.10907829122907 46.47015278437816, -103.91847202800068 45.513511274461024, -106.22454891600165 45.918554945958526, -106.43231216065493 46.378986146453194, -105.95 46.87910686720919))"
05C,2019-06-05 16:55:00+00:00,2019-06-05 18:55:00+00:00,0.0,37000.0,"POLYGON ((-105.2414180653154 37.15758965012762, -103.6 36.76089313279082, -103.91396323607998 35.79441544762327, -105.44496676020194 36.679621974123876, -105.2414180653154 37.15758965012762))"
37E,2019-06-05 17:55:00+00:00,2019-06-05 19:55:00+00:00,0.0,28000.0,"POLYGON ((-78.70807926043835 41.88257980508127, -77.69610691690232 41.71412987510543, -78.06306987894779 40.78641078140348, -79.04899102482577 40.720492594208345, -78.70807926043835 41.88257980508127))"
40E,2019-06-05 17:55:00+00:00,2019-06-05 19:55:00+00:00,0.0,40000.0,"POLYGON ((-83.88463993902863 30.565149913835874, -82.74311007759157 29.48899722219242, -83.35688992240843 29.48899722219242, -84.11345000039388 30.195332677151505, -83.88463993902863 30.565149913835874))"
36E,2019-06-05 17:55:00+00:00,2019-06-05 19:55:00+00:00,0.0,35000.0,"POLYGON ((-84.34588158944362 42.20586413149164, -83.29546348914266 42.0764097114001, -82.81392045833073 41.415977310537095, -84.78564570028033 40.672610498956075, -84.34588158944362 42.20586413149164))"
42E,2019-06-05 17:55:00+00:00,2019-06-05 19:55:00+00:00,0.0,42000.0,"POLYGON ((-80.42842353336849 25.85524955816468, -80.52470515010462 25.265531115424707, -81.65304752718947 24.64525357752787, -81.8 24.87914187884179, -81.08287755621247 25.797795738054837, -80.42842353336849 25.85524955816468))"
16C,2019-06-05 17:55:00+00:00,2019-06-05 19:55:00+00:00,0.0,45000.0,"POLYGON ((-103.80274499360182 46.13972284036956, -103.32671556247854 45.92367118667823, -105.33217961355342 43.662679450163154, -105.69452095374818 44.218881988706364, -103.80274499360182 46.13972284036956))"
15C,2019-06-05 17:55:00+00:00,2019-06-05 19:55:00+00:00,0.0,38000.0,"POLYGON ((-105.40069735003199 40.948154821958646, -105.18451413193279 38.57259674788874, -105.3836910835679 38.554471022045334, -105.5998743016671 40.93002909611524, -105.40069735003199 40.948154821958646))"
14C,2019-06-05 17:55:00+00:00,2019-06-05 19:55:00+00:00,0.0,42000.0,"POLYGON ((-105.56210414009584 37.554174590915025, -103.25547713298472 36.59166838634925, -103.97663880955217 35.48609905049123, -105.51891517322072 35.96608861707847, -105.56210414009584 37.554174590915025))"
12C,2019-06-05 17:55:00+00:00,2019-06-05 19:55:00+00:00,0.0,43000.0,"POLYGON ((-105.14 35.3708581211582, -104.81776435789757 32.939144731615464, -105.57561145039462 33.004388337329445, -106.44682697107343 34.73274677001371, -106.5696584235804 35.24419729979428, -105.14 35.3708581211582))"
13C,2019-06-05 17:55:00+00:00,2019-06-05 19:55:00+00:00,0.0,39000.0,"POLYGON ((-105.20208771274395 46.88871353369526, -104.03845758273185 46.85299364413332, -104.79542876479888 46.04221594685176, -105.79038823695417 46.11275632811407, -105.20208771274395 46.88871353369526))"
41E,2019-06-05 17:55:00+00:00,2019-06-05 19:55:00+00:00,0.0,45000.0,"POLYGON ((-82.02972089380388 27.590034395543018, -81.49686748526675 25.914901466215348, -82.29452713152386 26.33807733320986, -82.55 27.4, -82.02972089380388 27.590034395543018))"
39E,2019-06-05 17:55:00+00:00,2019-06-05 19:55:00+00:00,0.0,35000.0,"POLYGON ((-77.82780764812415 36.18458178617897, -76.74788347296602 34.72688777058036, -77.66848899490438 34.34983492271081, -80.31945071072128 32.654407851613115, -81.41287774722005 32.77445916717388, -77.82780764812415 36.18458178617897))"
38E,2019-06-05 17:55:00+00:00,2019-06-05 19:55:00+00:00,0.0,37000.0,"POLYGON ((-81.55540648985522 36.62962449003041, -83.4432938588723 34.81755678922991, -86.59178618333314 34.28443770024815, -86.09137542501622 35.274706015909025, -84.6514368539167 36.152266145683434, -81.55540648985522 36.62962449003041))"
11C,2019-06-05 17:55:00+00:00,2019-06-05 19:55:00+00:00,0.0,42000.0,"POLYGON ((-92.5 31.759106867209173, -87.58554271303873 31.768024234851044, -87.48760964470245 28.882623084753575, -91.43380246377761 29.173391202068682, -92.5 31.759106867209173))"
10C,2019-06-05 17:55:00+00:00,2019-06-05 19:55:00+00:00,0.0,45000.0,"POLYGON ((-95.01569508991373 30.54484249149181, -92.962298581276 30.447327082863428, -93.11 28.476310442636077, -95.45334757949443 26.91284727291372, -97.38 26.585475822945575, -95.01569508991373 30.54484249149181))"
07C,2019-06-05 17:55:00+00:00,2019-06-05 19:55:00+00:00,0.0,45000.0,"POLYGON ((-86.81684493187888 41.020839384855265, -86.19408633304766 40.55669237705705, -89.05970366197846 39.67616218392653, -89.47616321301135 40.20893955364961, -86.81684493187888 41.020839384855265))"
08C,2019-06-05 17:55:00+00:00,2019-06-05 19:55:00+00:00,0.0,45000.0,"POLYGON ((-93.89351161712165 35.26208240077201, -92.92534298724674 34.42306291183953, -94.86811837570964 33.50744113003469, -97.91120135103945 33.953102457971305, -96.84812299224058 35.14300145890824, -93.89351161712165 35.26208240077201))"
09C,2019-06-05 17:55:00+00:00,2019-06-05 19:55:00+00:00,0.0,40000.0,"POLYGON ((-88.50188751348216 34.70581733632313, -88.20244338585641 34.10444029904697, -90.05226439129581 32.99867694333922, -90.56278850984367 33.69496043993733, -88.50188751348216 34.70581733632313))"
11W,2019-06-05 17:55:00+00:00,2019-06-05 19:55:00+00:00,0.0,45000.0,"POLYGON ((-106.01650925549467 36.36267823531672, -108.02714495723703 34.032954070363864, -108.83352455237959 33.80479751901619, -109.10673479193935 35.91217312117958, -106.01650925549467 36.36267823531672))"
43E,2019-06-05 18:55:00+00:00,2019-06-05 20:55:00+00:00,0.0,45000.0,"POLYGON ((-82.95795026185064 41.90257928805079, -80.70082952119341 41.712584186819825, -81.44294761500738 41.11259946874807, -87.62466227622973 39.48939880328354, -87.94540276006703 40.28006433032856, -82.95795026185064 41.90257928805079))"
45E,2019-06-05 18:55:00+00:00,2019-06-05 20:55:00+00:00,0.0,39000.0,"POLYGON ((-79.7081230965203 35.51542780495268, -77.87 34.060858121158205, -81.044551736031 32.29354929173296, -81.71719125757338 32.6696870170143, -79.7081230965203 35.51542780495268))"
51E,2019-06-05 18:55:00+00:00,2019-06-05 20:55:00+00:00,0.0,43000.0,"POLYGON ((-80.67674216005365 27.27917651678932, -80.23955426908621 26.735246583132458, -80.46373276400192 25.399186339543263, -81.8 24.59, -81.49414113928397 25.257520810066943, -80.67674216005365 27.27917651678932))"
49E,2019-06-05 18:55:00+00:00,2019-06-05 20:55:00+00:00,0.0,32000.0,"POLYGON ((-82.2798257061243 29.874401186930204, -81.51 29.761716242316428, -80.92041825015164 28.899167782644216, -81.57318854275272 28.74425496922861, -82.2798257061243 29.874401186930204))"
47E,2019-06-05 18:55:00+00:00,2019-06-05 20:55:00+00:00,0.0,45000.0,"POLYGON ((-83.65 32.69, -81.59520284331686 32.56798328452717, -81.58418459698595 32.325090770852476, -83.61061629791001 31.658200469553083, -84.60421210874945 31.770264942648335, -83.65 32.69))"
20C,2019-06-05 18:55:00+00:00,2019-06-05 20:55:00+00:00,0.0,42000.0,"POLYGON ((-105.5326403480722 36.26686634706466, -104.08924167672622 35.01304099445277, -104.62 32.90628718173732, -105.80927625455776 31.653158782736856, -105.5326403480722 36.26686634706466))"
22C,2019-06-05 18:55:00+00:00,2019-06-05 20:55:00+00:00,0.0,45000.0,"POLYGON ((-96.4193074767858 35.687213438054386, -92.45086352050397 35.21396555510366, -92.82794866687986 34.45698469067944, -94.76355054751481 33.50806772733763, -97.8143436211574 33.987014576918014, -96.4193074767858 35.687213438054386))"
19C,2019-06-05 18:55:00+00:00,2019-06-05 20:55:00+00:00,0.0,43000.0,"POLYGON ((-105.6100887362471 37.750513379122516, -103.25547713298472 36.59166838634925, -103.39592552442757 35.58052753395074, -105.6123175715799 36.949119666954566, -105.6100887362471 37.750513379122516))"
21C,2019-06-05 18:55:00+00:00,2019-06-05 20:55:00+00:00,0.0,45000.0,"POLYGON ((-98.9858125427649 34.737727923476655, -98.8667616157372 34.57702049746949, -100.23047453648616 33.56679158989195, -100.34952546351386 33.72749901589911, -98.9858125427649 34.737727923476655))"
23C,2019-06-05 18:55:00+00:00,2019-06-05 20:55:00+00:00,0.0,45000.0,"POLYGON ((-95.80099395914159 28.31781966089039, -95.65854598722002 28.177432427512723, -97.65065014961428 26.156086248361454, -97.79309812153585 26.29647348173912, -95.80099395914159 28.31781966089039))"
27C,2019-06-05 18:55:00+00:00,2019-06-05 20:55:00+00:00,0.0,32000.0,"POLYGON ((-90.92849639740066 40.61649738170259, -89.06260402350769 40.84905959425473, -89.03786769980051 40.650595203772575, -90.90376007369349 40.41803299122043, -90.92849639740066 40.61649738170259))"
13W,2019-06-05 18:55:00+00:00,2019-06-05 20:55:00+00:00,0.0,38000.0,"POLYGON ((-106.97858835302038 33.660620026053756, -106.84513271554808 33.51165831007659, -108.56295274750919 31.972653701246873, -108.6964083849815 32.12161541722404, -106.97858835302038 33.660620026053756))"
48E,2019-06-05 18:55:00+00:00,2019-06-05 20:55:00+00:00,0.0,40000.0,"POLYGON ((-83.19585003164126 30.949965644709856, -82.6673218577164 29.59945114411255, -82.09751765502585 28.53789820755231, -82.46292963325605 28.370944403837704, -84.07655469173592 30.63499646220729, -83.19585003164126 30.949965644709856))"
50E,2019-06-05 18:55:00+00:00,2019-06-05 20:55:00+00:00,0.0,39000.0,"POLYGON ((-82.02972089380388 27.590034395543018, -81.49686748526675 25.914901466215348, -82.29452713152386 26.33807733320986, -82.55 27.4, -82.02972089380388 27.590034395543018))"
44E,2019-06-05 18:55:00+00:00,2019-06-05 20:55:00+00:00,0.0,35000.0,"POLYGON ((-80.21763547580359 36.51088066583142, -81.18505038918472 35.65088798191263, -85.59314934811667 33.817939894501365, -86.88285439362025 34.70849419978465, -82.95719281510544 36.43714664049143, -80.21763547580359 36.51088066583142))"
46E,2019-06-05 18:55:00+00:00,2019-06-05 20:55:00+00:00,0.0,39000.0,"POLYGON ((-76.57066162937076 38.34522272756108, -76.72525009349638 35.18282238171873, -79.21359005340231 35.51629790861095, -79.481431257835 37.71087018059143, -76.57066162937076 38.34522272756108))"
24C,2019-06-05 18:55:00+00:00,2019-06-05 20:55:00+00:00,0.0,45000.0,"POLYGON ((-92.5 30.59452417705444, -92.38492925237696 28.600959686264062, -94.98287760533132 27.577120497528707, -95.64214876912374 29.34485827928602, -94.63853513333643 30.212755377217896, -92.5 30.59452417705444))"
18C,2019-06-05 18:55:00+00:00,2019-06-05 20:55:00+00:00,0.0,42000.0,"POLYGON ((-105.79949963690987 42.736069410420534, -104.51128826793818 38.4436768561746, -105.82 38.015475822945575, -106.76050036309015 42.736069410420534, -105.79949963690987 42.736069410420534))"
25C,2019-06-05 18:55:00+00:00,2019-06-05 20:55:00+00:00,0.0,42000.0,"POLYGON ((-92.27546003726658 31.720919548725604, -87.50811427913604 31.533211565618476, -87.48760964470245 28.882623084753575, -91.66650633665593 29.710963116014522, -92.27546003726658 31.720919548725604))"
26C,2019-06-05 18:55:00+00:00,2019-06-05 20:55:00+00:00,0.0,42000.0,"POLYGON ((-88.50188751348216 34.70581733632313, -87.49 34.21089313279084, -89.91206421891827 33.332123112730564, -90.28 34.125475822945575, -88.50188751348216 34.70581733632313))"
17C,2019-06-05 18:55:00+00:00,2019-06-05 20:55:00+00:00,0.0,45000.0,"POLYGON ((-103.62089329711272 46.26862010972649, -102.90326334495086 45.897434463927404, -103.43812088083172 44.10653514647325, -105.51491853080432 43.99626809500719, -103.62089329711272 46.26862010972649))"
12W,2019-06-05 18:55:00+00:00,2019-06-05 20:55:00+00:00,0.0,35000.0,"POLYGON ((-106.55418873172205 36.75952082116372, -106.00722447613708 35.03728998449351, -109.52240403123595 33.650879076981504, -108.9628031617479 36.03095807215375, -106.55418873172205 36.75952082116372))"
ECHO 3,2019-06-05 19:00:00+00:00,2019-06-05 23:00:00+00:00,0.0,48000.0,"POLYGON ((-66.1 32, -60.5 32, -63.4 22.4, -68.45 24.4, -66.1 32))"
FOXTROT 3,2019-06-05 19:10:00+00:00,2019-06-05 23:10:00+00:00,0.0,50000.0,"POLYGON ((-126.35 13.1, -120.05 12.25, -120 7, -128.25 7.25, -126.35 13.1))"
55E,2019-06-05 19:55:00+00:00,2019-06-05 21:55:00+00:00,,,"POLYGON ((-77.60424425241642 37.71068118607055, -79.58244471799819 34.16687173189751, -81.21532344925053 32.16082318528701, -77.43460578397561 37.60474351559844, -79.57518076577959 34.17703116476394, -81.37043401325415 32.28707972149198, -79.73755528200181 34.29312826810249, -79.7448192342204 34.28296883523605, -77.60424425241642 37.71068118607055))"
61E,2019-06-05 19:55:00+00:00,2019-06-05 21:55:00+00:00,0.0,43000.0,"POLYGON ((-80.61464556894444 27.412811991555706, -80.31922848423167 26.884270109602618, -80.46373276400192 25.399186339543263, -80.84530087005747 25.28777385273359, -81.65661389882676 26.26281468517576, -80.61464556894444 27.412811991555706))"
53E,2019-06-05 19:55:00+00:00,2019-06-05 21:55:00+00:00,0.0,37000.0,"POLYGON ((-87.38749522690294 36.23750154969397, -84.59531796006536 35.99752023513965, -84.61244436715342 35.79825486890595, -87.404621633991 36.03823618346026, -87.38749522690294 36.23750154969397))"
58E,2019-06-05 19:55:00+00:00,2019-06-05 21:55:00+00:00,0.0,33000.0,"POLYGON ((-79.5553133015368 33.788993868998055, -79.10076784699133 33.788993868998055, -79.10076784699133 33.3344484144526, -79.5553133015368 33.3344484144526, -79.5553133015368 33.788993868998055))"
39C,2019-06-05 19:55:00+00:00,2019-06-05 21:55:00+00:00,0.0,45000.0,"POLYGON ((-93.45928743482479 40.5030258480538, -92.05693168704865 40.3944911907722, -92.07236444067699 40.19508750445861, -93.47472018845313 40.303622161740215, -93.45928743482479 40.5030258480538))"
34C,2019-06-05 19:55:00+00:00,2019-06-05 21:55:00+00:00,0.0,45000.0,"POLYGON ((-97.06713021558713 27.098102234549955, -96.48645830073013 26.249207067972687, -96.89778037669431 25.91920220851464, -97.52857465670967 25.975249155120245, -97.68932953639226 26.58750164639214, -97.06713021558713 27.098102234549955))"
37C,2019-06-05 19:55:00+00:00,2019-06-05 21:55:00+00:00,0.0,42000.0,"POLYGON ((-86.68 35.85085812115821, -87.11830496540793 34.40275374160239, -88.02861547561385 33.65504453547257, -89.00541241690564 34.684150070406005, -88.24173160806004 35.321059560716975, -86.68 35.85085812115821))"
40C,2019-06-05 19:55:00+00:00,2019-06-05 21:55:00+00:00,0.0,45000.0,"POLYGON ((-86.29474973976501 39.09605154727304, -86.26525026023499 38.89823905851801, -89.4408918778085 38.42466039075107, -89.47039135733851 38.622472879506105, -86.29474973976501 39.09605154727304))"
32C,2019-06-05 19:55:00+00:00,2019-06-05 21:55:00+00:00,0.0,45000.0,"POLYGON ((-98.57910262339321 35.06409484438911, -99.66236650178804 32.8805441136466, -100.37413025744975 32.478955039120386, -100.42362926288531 34.10279505824716, -98.57910262339321 35.06409484438911))"
30C,2019-06-05 19:55:00+00:00,2019-06-05 21:55:00+00:00,0.0,43000.0,"POLYGON ((-105.30279322335663 37.75778518527105, -103.0976547599904 37.0929631521432, -103.2233611904478 35.48609905049123, -105.5635049819586 37.145268608550914, -105.30279322335663 37.75778518527105))"
38C,2019-06-05 19:55:00+00:00,2019-06-05 21:55:00+00:00,0.0,45000.0,"POLYGON ((-91.0186637874614 40.15398167715786, -89.40072098432914 40.247517806634534, -89.38917790483553 40.04785119120821, -91.0071207079678 39.954315061731535, -91.0186637874614 40.15398167715786))"
14W,2019-06-05 19:55:00+00:00,2019-06-05 21:55:00+00:00,0.0,38000.0,"POLYGON ((-108.09 35.72800342405374, -107.28 33.85828375768358, -107.13518509444339 32.44508665580384, -109.60431725789653 33.48415711612927, -109.65237260459533 35.44187834707934, -108.09 35.72800342405374))"
59E,2019-06-05 19:55:00+00:00,2019-06-05 21:55:00+00:00,0.0,43000.0,"POLYGON ((-83.65000000000002 33.18910686720917, -82.16000000000001 32.711786265581644, -82.37179445556173 31.657566315973042, -83.87378817875202 32.012246792286305, -83.65000000000002 33.18910686720917))"
52E,2019-06-05 19:55:00+00:00,2019-06-05 21:55:00+00:00,0.0,45000.0,"POLYGON ((-82.89616742566581 41.856099924934846, -80.76243168732164 41.66610640290601, -81.51356412082862 40.804687861416646, -87.55384523953317 39.2543226859481, -87.4738623247609 40.43196283439998, -82.89616742566581 41.856099924934846))"
60E,2019-06-05 19:55:00+00:00,2019-06-05 21:55:00+00:00,0.0,32000.0,"POLYGON ((-83.60328600413185 31.06995703664485, -81.11 29.3, -81.15061822490324 28.5398686353591, -82.15120587910992 27.752354388125248, -84.12749921632792 30.860926092548294, -83.60328600413185 31.06995703664485))"
54E,2019-06-05 19:55:00+00:00,2019-06-05 21:55:00+00:00,0.0,35000.0,"POLYGON ((-79.98 36.549106867209176, -79.39447727087831 36.51914217556925, -80.19533726120149 35.442328282992364, -80.95 35.35636895573639, -81.10640097824518 35.49730933780025, -79.98 36.549106867209176))"
57E,2019-06-05 19:55:00+00:00,2019-06-05 21:55:00+00:00,0.0,45000.0,"POLYGON ((-83.65557085335438 35.43865710865688, -82.7404269213381 34.5077202774099, -85.15 34.12815522131804, -86.36793862330549 34.95392076862826, -83.65557085335438 35.43865710865688))"
56E,2019-06-05 19:55:00+00:00,2019-06-05 21:55:00+00:00,0.0,39000.0,"POLYGON ((-76.099529000863 38.539525966530285, -76.18 35.59452417705443, -76.86263919408498 35.16937105211427, -77.48116499096189 37.80730047177519, -76.099529000863 38.539525966530285))"
31C,2019-06-05 19:55:00+00:00,2019-06-05 21:55:00+00:00,0.0,42000.0,"POLYGON ((-106.34807212658812 35.96131907435263, -103.5219578974576 35.33367985968133, -104.5474979351122 31.528282691733157, -105.73844890456165 31.627853147507913, -106.34807212658812 35.96131907435263))"
28C,2019-06-05 19:55:00+00:00,2019-06-05 21:55:00+00:00,0.0,45000.0,"POLYGON ((-102.73211223481867 45.78141118654599, -103.09870705337626 44.13367061726264, -105.63065196629934 43.55873552507589, -105.11059076486171 44.93349747805575, -102.73211223481867 45.78141118654599))"
33C,2019-06-05 19:55:00+00:00,2019-06-05 21:55:00+00:00,0.0,45000.0,"POLYGON ((-92.64979561008604 35.601331230795736, -92.89281697147572 33.567316362224055, -95.78000000000002 33.851786265581644, -98.16610697677672 33.6363505270807, -97.80410139424117 35.399828345617294, -92.64979561008604 35.601331230795736))"
29C,2019-06-05 19:55:00+00:00,2019-06-05 21:55:00+00:00,0.0,42000.0,"POLYGON ((-105.44161448768546 42.832265369960744, -104.51128826793818 38.4436768561746, -105.82 38.015475822945575, -106.76050036309015 42.736069410420534, -105.44161448768546 42.832265369960744))"
35C,2019-06-05 19:55:00+00:00,2019-06-05 21:55:00+00:00,0.0,45000.0,"POLYGON ((-92.2776434054425 30.798693907059313, -92.31360642950564 28.446843926913996, -95.66178901995272 26.546515973738497, -96.31 27.76178626558165, -94.57167833386018 30.85250522652927, -92.2776434054425 30.798693907059313))"
36C,2019-06-05 19:55:00+00:00,2019-06-05 21:55:00+00:00,0.0,42000.0,"POLYGON ((-92.27546003726658 31.720919548725604, -86.12929338804406 31.299398184331373, -87.70271283051545 29.344999420502862, -90.17303042979417 29.33368505862, -92.27546003726658 31.720919548725604))"
15W,2019-06-05 19:55:00+00:00,2019-06-05 21:55:00+00:00,0.0,37000.0,"POLYGON ((-108.79000000000002 39.55910686720918, -106.64816386038197 38.32201367903296, -106.20604971403719 37.22203902079469, -109.32879968492946 37.04080038207598, -108.79000000000002 39.55910686720918))"
64E,2019-06-05 20:55:00+00:00,2019-06-05 22:55:00+00:00,,,"POLYGON ((-77.76100616483559 38.5194752690681, -79.31272527497649 34.1661693765556, -81.05799554620637 32.04489288197308, -77.57562418564179 38.44441847863455, -79.29725701422345 34.19217561874165, -81.2124410038941 32.17196215677873, -79.46717073266421 34.29323865136125, -79.48263899341725 34.2672324091752, -77.76100616483559 38.5194752690681))"
63E,2019-06-05 20:55:00+00:00,2019-06-05 22:55:00+00:00,0.0,37000.0,"POLYGON ((-85.94858775165069 36.23668313819727, -84.41006122239646 35.99762600828295, -84.44076885820114 35.79999746504264, -85.97929538745537 36.03905459495696, -85.94858775165069 36.23668313819727))"
67E,2019-06-05 20:55:00+00:00,2019-06-05 22:55:00+00:00,0.0,43000.0,"POLYGON ((-82.96023143524789 33.43079344569284, -81.37295770029552 32.69399288392373, -82.19693724819466 31.428968839313033, -84.04926813922293 31.864228306484492, -82.96023143524789 33.43079344569284))"
69E,2019-06-05 20:55:00+00:00,2019-06-05 22:55:00+00:00,0.0,43000.0,"POLYGON ((-80.61464556894444 27.412811991555706, -80.16655231737232 25.69772891429584, -80.84530087005747 25.28777385273359, -81.78 26.385429060579106, -80.61464556894444 27.412811991555706))"
51C,2019-06-05 20:55:00+00:00,2019-06-05 22:55:00+00:00,0.0,45000.0,"POLYGON ((-93.52775233243025 40.22586450673739, -88.47634799213375 39.83910160830295, -88.49161638799043 39.639685269734706, -93.54302072828693 40.026448168169146, -93.52775233243025 40.22586450673739))"
47C,2019-06-05 20:55:00+00:00,2019-06-05 22:55:00+00:00,0.0,45000.0,"POLYGON ((-97.0055079359519 26.96435702364595, -96.48645830073013 26.249207067972687, -96.73704275825123 25.918581713025784, -97.67728878619825 26.030346471319337, -97.68932953639226 26.58750164639214, -97.0055079359519 26.96435702364595))"
42C,2019-06-05 20:55:00+00:00,2019-06-05 22:55:00+00:00,0.0,42000.0,"POLYGON ((-107.56126299525539 43.67892728172802, -105.48815937344301 43.08727014598592, -104.35938196914587 38.42354498478075, -105.82 37.92828375768359, -107.56126299525539 43.67892728172802))"
45C,2019-06-05 20:55:00+00:00,2019-06-05 22:55:00+00:00,0.0,45000.0,"POLYGON ((-98.25723411346621 35.6195213430634, -99.0659044784045 32.75413302977831, -100.37413025744975 32.478955039120386, -99.79216475351761 34.777901998547975, -98.25723411346621 35.6195213430634))"
50C,2019-06-05 20:55:00+00:00,2019-06-05 22:55:00+00:00,0.0,42000.0,"POLYGON ((-86.18487753766091 35.973005577674016, -86.9 34.103712818262686, -88.63272202015224 33.5921666270569, -90.86263544460049 35.01680489941045, -90.57186565256244 35.802723774765916, -86.18487753766091 35.973005577674016))"
52C,2019-06-05 20:55:00+00:00,2019-06-05 22:55:00+00:00,0.0,45000.0,"POLYGON ((-85.94168419884066 38.86706084007474, -85.92787218662998 38.66753833929177, -89.44873561146817 38.4238053847371, -89.46254762367884 38.62332788552008, -85.94168419884066 38.86706084007474))"
16W,2019-06-05 20:55:00+00:00,2019-06-05 22:55:00+00:00,0.0,38000.0,"POLYGON ((-110.28210680162336 35.783988779081646, -107.80277542519258 35.36799243796719, -106.82 34.317145302895526, -106.64213005885978 32.126168809968036, -109.60431725789653 33.48415711612927, -110.28210680162336 35.783988779081646))"
66E,2019-06-05 20:55:00+00:00,2019-06-05 22:55:00+00:00,0.0,45000.0,"POLYGON ((-83.89 35.234524177054425, -82.92666333307866 34.57209717191184, -84.28652215200228 33.93731504050098, -84.9952099668973 34.652491948389375, -83.89 35.234524177054425))"
62E,2019-06-05 20:55:00+00:00,2019-06-05 22:55:00+00:00,0.0,45000.0,"POLYGON ((-80.03474961848487 41.558601437867374, -80.21 40.33089313279083, -87.08572888776212 39.18247442273281, -87.53210407369744 40.20615494371474, -82.46672337183169 41.609356045597046, -80.03474961848487 41.558601437867374))"
68E,2019-06-05 20:55:00+00:00,2019-06-05 22:55:00+00:00,0.0,32000.0,"POLYGON ((-84.14089538932461 31.352503542364197, -82.05787795429 30.80942070163149, -81.11 29.3, -81.69035522229053 28.666883625402374, -82.02972089380388 27.590034395543018, -84.14089538932461 31.352503542364197))"
65E,2019-06-05 20:55:00+00:00,2019-06-05 22:55:00+00:00,0.0,39000.0,"POLYGON ((-74.95133721845205 38.98226148142995, -75.59991116145608 35.78803390368189, -76.41548679024837 35.79865408172999, -77.04 38.194524177054426, -74.95133721845205 38.98226148142995))"
43C,2019-06-05 20:55:00+00:00,2019-06-05 22:55:00+00:00,0.0,43000.0,"POLYGON ((-105.49698585723243 37.96438193720398, -101.78443193659636 37.915295971585614, -102.45011679070106 35.26790690715645, -105.58119380132972 36.888644746251835, -105.49698585723243 37.96438193720398))"
41C,2019-06-05 20:55:00+00:00,2019-06-05 22:55:00+00:00,0.0,45000.0,"POLYGON ((-102.73211223481867 45.78141118654599, -102.31640990714645 43.977902230126254, -105.00931270217735 43.464997115452604, -105.4054341393192 45.456463290643896, -102.73211223481867 45.78141118654599))"
49C,2019-06-05 20:55:00+00:00,2019-06-05 22:55:00+00:00,0.0,42000.0,"POLYGON ((-92.26536507838304 32.05868429101709, -85.9907624169976 31.41637955877519, -86.68 29.16631044263607, -89.85363890109512 29.542509557529574, -92.26536507838304 32.05868429101709))"
48C,2019-06-05 20:55:00+00:00,2019-06-05 22:55:00+00:00,0.0,45000.0,"POLYGON ((-92.5 30.760893132790827, -91.84955358391116 28.531968360228927, -95.48894834335243 26.60803521734189, -96.31 27.76178626558165, -95.01569508991373 30.54484249149181, -92.5 30.760893132790827))"
44C,2019-06-05 20:55:00+00:00,2019-06-05 22:55:00+00:00,0.0,42000.0,"POLYGON ((-105.37644955432954 36.12088400343804, -102.23438776358238 34.49850596030416, -104.32143378759756 31.483421317719415, -106.12964285812245 32.1273214011376, -105.37644955432954 36.12088400343804))"
46C,2019-06-05 20:55:00+00:00,2019-06-05 22:55:00+00:00,0.0,45000.0,"POLYGON ((-92.18551926512717 36.10365722545654, -92.43327468292627 33.874443603693884, -98.21979621916849 33.862112117463354, -97.88948898039766 35.63493625547824, -92.18551926512717 36.10365722545654))"
17W,2019-06-05 20:55:00+00:00,2019-06-05 22:55:00+00:00,0.0,37000.0,"POLYGON ((-108.21886132335842 39.810496691934006, -106.5863711635726 39.20432338851732, -106.05880619867027 36.888644746251835, -109.32879968492946 37.04080038207598, -108.21886132335842 39.810496691934006))"
70E,2019-06-05 21:55:00+00:00,2019-06-05 23:55:00+00:00,0.0,45000.0,"POLYGON ((-80.83689852600996 41.609788734334536, -80.40106610878425 40.8298423956857, -82.19057564579444 39.842630915511386, -83.36479423796682 40.79918105926026, -80.83689852600996 41.609788734334536))"
74E,2019-06-05 21:55:00+00:00,2019-06-05 23:55:00+00:00,0.0,43000.0,"POLYGON ((-81.9494296854414 27.17741500641899, -80.83922347819754 26.954657702447616, -80.60115436712535 25.799647311404467, -81.78 25.951716242316426, -81.9494296854414 27.17741500641899))"
71E,2019-06-05 21:55:00+00:00,2019-06-05 23:55:00+00:00,0.0,45000.0,"POLYGON ((-74.93153738631565 38.9976989562278, -75.68201094248691 36.42494343699633, -79.01550467189107 34.007013311926954, -80.92704149900268 33.75771184637982, -77.04 38.426287181737315, -74.93153738631565 38.9976989562278))"
73E,2019-06-05 21:55:00+00:00,2019-06-05 23:55:00+00:00,0.0,45000.0,"POLYGON ((-82.68 28.632854697104474, -81.66913658714788 28.539603215466183, -81.79589826915044 27.674595746800907, -82.61746998901693 27.77641975756051, -82.68 28.632854697104474))"
60C,2019-06-05 21:55:00+00:00,2019-06-05 23:55:00+00:00,0.0,45000.0,"POLYGON ((-93.2910363983401 40.349189793754064, -84.5640208329618 40.122841725810204, -85.1886399236275 38.40603352360234, -88.28132061445869 38.33776136693333, -93.12161597563495 39.71987241196215, -93.2910363983401 40.349189793754064))"
53C,2019-06-05 21:55:00+00:00,2019-06-05 23:55:00+00:00,0.0,45000.0,"POLYGON ((-103.51045942520794 46.34646123875594, -102.40728208788495 43.97841591741235, -103.74969169396623 43.75630878614921, -105.3980405712254 45.44369365124398, -103.51045942520794 46.34646123875594))"
19W,2019-06-05 21:55:00+00:00,2019-06-05 23:55:00+00:00,0.0,37000.0,"POLYGON ((-108.37549995092485 39.827794785793365, -106.5863711635726 39.20432338851732, -106.40826241456749 36.87797725538051, -109.32879968492946 37.04080038207598, -108.37549995092485 39.827794785793365))"
72E,2019-06-05 21:55:00+00:00,2019-06-05 23:55:00+00:00,0.0,45000.0,"POLYGON ((-82.71555165609995 33.89975716979898, -78.85129679023204 32.8843771033571, -80.6947182537145 31.806399583874523, -83.05936362150621 31.06826274073759, -82.71555165609995 33.89975716979898))"
59C,2019-06-05 21:55:00+00:00,2019-06-05 23:55:00+00:00,0.0,42000.0,"POLYGON ((-85.4440086190531 36.13365024804879, -86.59178618333314 34.28443770024815, -88.51 33.82273791147279, -90.13490224077977 34.71249172927223, -88.56230734955713 35.762947663952644, -85.4440086190531 36.13365024804879))"
54C,2019-06-05 21:55:00+00:00,2019-06-05 23:55:00+00:00,0.0,42000.0,"POLYGON ((-105.1409959049028 43.08435157020045, -102.0476456391607 35.28931617397746, -105.25299734920316 36.616721668163926, -106.90944799765116 42.89727179389724, -105.1409959049028 43.08435157020045))"
57C,2019-06-05 21:55:00+00:00,2019-06-05 23:55:00+00:00,0.0,45000.0,"POLYGON ((-92.962298581276 30.447327082863428, -91.84955358391116 28.531968360228927, -94.20037807073501 26.861411295604036, -95.7356768585964 27.529148803528233, -94.58189559925312 29.957772380150647, -92.962298581276 30.447327082863428))"
58C,2019-06-05 21:55:00+00:00,2019-06-05 23:55:00+00:00,0.0,45000.0,"POLYGON ((-87.04876587493278 32.47257695195589, -86.68 29.499048354108847, -89.14726391926212 29.176628054280616, -90.48463695416032 31.76091924142813, -87.04876587493278 32.47257695195589))"
55C,2019-06-05 21:55:00+00:00,2019-06-05 23:55:00+00:00,0.0,42000.0,"POLYGON ((-105.82198937825385 36.167879477543956, -102.21317597772472 34.81808302325164, -102.61175755660976 30.18095345480345, -104.72075403584114 30.297741723080886, -106.08601498175369 33.27429280042883, -105.82198937825385 36.167879477543956))"
56C,2019-06-05 21:55:00+00:00,2019-06-05 23:55:00+00:00,0.0,45000.0,"POLYGON ((-99.11923535512486 36.08291957021635, -92.79345155051917 35.79699467114139, -92.74 33.92547582294558, -96.94029218853008 33.748670967763836, -100.45 31.869106867209172, -99.11923535512486 36.08291957021635))"
18W,2019-06-05 21:55:00+00:00,2019-06-05 23:55:00+00:00,0.0,38000.0,"POLYGON ((-108.27703768166174 35.122821076200836, -106.82 34.20815522131804, -106.72013635098111 32.808181242913584, -108.16949345957063 32.74933014527294, -109.34167955080342 34.41983448941663, -108.27703768166174 35.122821076200836))"
ECHO 4,2019-06-05 22:45:00+00:00,2019-06-06 02:45:00+00:00,0.0,47000.0,"POLYGON ((-62.45 29, -60.45 25.15, -65.3 21.3, -68 24.3, -62.45 29))"
75E,2019-06-05 22:55:00+00:00,2019-06-06 00:55:00+00:00,0.0,45000.0,"POLYGON ((-80.29 41.586287181737326, -79.68176011292293 40.662818959703685, -81.92627829025054 39.63696235227416, -84.12313277625968 41.30704557679982, -80.29 41.586287181737326))"
78E,2019-06-05 22:55:00+00:00,2019-06-06 00:55:00+00:00,0.0,45000.0,"POLYGON ((-81.46061990952737 28.992860967181922, -80.60115436712535 25.799647311404467, -81.78 25.80714530289553, -82.68 28.34371281826268, -81.46061990952737 28.992860967181922))"
65C,2019-06-05 22:55:00+00:00,2019-06-06 00:55:00+00:00,0.0,45000.0,"POLYGON ((-91.92134507124558 30.699826979059928, -91.16682421760719 28.788499032448307, -93.89285387070655 27.853317815326776, -95.15563600388212 28.755095052445903, -93.88440101217378 30.414352134511503, -91.92134507124558 30.699826979059928))"
69C,2019-06-05 22:55:00+00:00,2019-06-06 00:55:00+00:00,0.0,40000.0,"POLYGON ((-88.55909684182639 44.686340164764985, -88.19546047819001 44.686340164764985, -88.19546047819001 44.322703801128625, -88.55909684182639 44.322703801128625, -88.55909684182639 44.686340164764985))"
68C,2019-06-05 22:55:00+00:00,2019-06-06 00:55:00+00:00,0.0,45000.0,"POLYGON ((-95.5082347290301 40.4191845487034, -84.25631212542405 39.88909955929163, -84.1767077121465 38.6099194403233, -87.3934252102129 37.92943143175492, -95.5128006326117 39.976605476585654, -95.5082347290301 40.4191845487034))"
76E,2019-06-05 22:55:00+00:00,2019-06-06 00:55:00+00:00,0.0,45000.0,"POLYGON ((-73.63248767534557 39.5625981908302, -74.53604101133865 36.8783989291865, -78.2417785523423 34.22210457092042, -80.8496526345537 33.85983793569939, -74.9982402313539 39.16349886665429, -73.63248767534557 39.5625981908302))"
77E,2019-06-05 22:55:00+00:00,2019-06-06 00:55:00+00:00,0.0,45000.0,"POLYGON ((-82.72880059369609 34.179260839846684, -80.04 32.89, -81.99401368731547 29.61542223753737, -83.56966379032643 31.403309752157494, -82.72880059369609 34.179260839846684))"
79E,2019-06-05 22:55:00+00:00,2019-06-06 00:55:00+00:00,0.0,40000.0,"POLYGON ((-84.09832757812153 38.54788724200906, -83.20617951214237 38.36209169347432, -82.71850250108498 36.9091217076231, -84.11 36.69726208852721, -84.09832757812153 38.54788724200906))"
61C,2019-06-05 22:55:00+00:00,2019-06-06 00:55:00+00:00,0.0,41000.0,"POLYGON ((-103.25555373658004 45.5154309709172, -102.08523015002355 43.97627070091434, -104.28334283516341 43.59090038037705, -105.31641132413687 45.302292664146236, -103.25555373658004 45.5154309709172))"
62C,2019-06-05 22:55:00+00:00,2019-06-06 00:55:00+00:00,0.0,42000.0,"POLYGON ((-105.00931270217735 43.464997115452604, -102.34587274266667 37.25338585192899, -105.97952703505176 37.042482962238566, -107.49744508647146 42.86897352973937, -105.00931270217735 43.464997115452604))"
63C,2019-06-05 22:55:00+00:00,2019-06-06 00:55:00+00:00,0.0,42000.0,"POLYGON ((-101.7376563317835 36.78285730826943, -102.02796151273816 30.1230252703179, -104.48303084744293 30.107919967433553, -106.48399071458903 33.27746338515003, -103.20405039287658 36.49081360945326, -101.7376563317835 36.78285730826943))"
67C,2019-06-05 22:55:00+00:00,2019-06-06 00:55:00+00:00,0.0,42000.0,"POLYGON ((-85.23803814396068 36.131357487269696, -86.08409087283432 34.63808667098187, -88.11102709897469 33.489360755019305, -89.23160043578108 34.76303402602263, -85.23803814396068 36.131357487269696))"
64C,2019-06-05 22:55:00+00:00,2019-06-06 00:55:00+00:00,0.0,45000.0,"POLYGON ((-96.61222047231773 37.42770268714906, -92.75549882678258 35.14921248092541, -94.07000000000001 34.34184477868196, -99.86 31.81452417705442, -99.2922670283863 36.809126975663226, -96.61222047231773 37.42770268714906))"
66C,2019-06-05 22:55:00+00:00,2019-06-06 00:55:00+00:00,0.0,45000.0,"POLYGON ((-86.9 33.004524177054435, -86.68 29.665417309845242, -88.84913604857537 29.845010210125146, -89.53956090878901 32.89932298160445, -86.9 33.004524177054435))"
20W,2019-06-05 22:55:00+00:00,2019-06-06 00:55:00+00:00,0.0,38000.0,"POLYGON ((-106.82 34.20815522131804, -106.72013635098111 32.808181242913584, -108.16949345957063 32.74933014527294, -108.21191032523646 34.09815796967733, -106.82 34.20815522131804))"
80E,2019-06-05 23:55:00+00:00,2019-06-06 01:55:00+00:00,0.0,45000.0,"POLYGON ((-81.46441844292127 41.419356345770964, -81.16825252208014 39.90882853907629, -83.5159791670382 40.122841725810204, -85.57299809932002 40.97936624233389, -81.46441844292127 41.419356345770964))"
82E,2019-06-05 23:55:00+00:00,2019-06-06 01:55:00+00:00,0.0,45000.0,"POLYGON ((-82.36046140025294 34.11053669222039, -79.91839995435352 32.78771405523815, -81.34248712369583 30.339893247068673, -83.61061629791001 31.658200469553083, -82.36046140025294 34.11053669222039))"
76C,2019-06-05 23:55:00+00:00,2019-06-06 01:55:00+00:00,0.0,40000.0,"POLYGON ((-88.60316974547919 44.340885224648, -88.23953338184282 44.340885224648, -88.23953338184282 43.97724886101164, -88.60316974547919 43.97724886101164, -88.60316974547919 44.340885224648))"
22W,2019-06-05 23:55:00+00:00,2019-06-06 01:55:00+00:00,0.0,39000.0,"POLYGON ((-119.9518181818182 35.125531000080855, -119.58818181818182 35.125531000080855, -119.58818181818182 34.761894636444495, -119.9518181818182 34.761894636444495, -119.9518181818182 35.125531000080855))"
83E,2019-06-05 23:55:00+00:00,2019-06-06 01:55:00+00:00,0.0,45000.0,"POLYGON ((-81.18289682954773 29.146275337955103, -81.09434440796339 26.273695139628867, -81.78 25.698155221318043, -82.31716716770893 28.678048581685758, -81.18289682954773 29.146275337955103))"
84E,2019-06-05 23:55:00+00:00,2019-06-06 01:55:00+00:00,0.0,40000.0,"POLYGON ((-82.81553057263318 38.49270027934071, -82.57070276922205 36.792113407305074, -83.79354766388484 36.41475897846102, -83.62557581926235 37.95124979729648, -82.81553057263318 38.49270027934071))"
81E,2019-06-05 23:55:00+00:00,2019-06-06 01:55:00+00:00,0.0,45000.0,"POLYGON ((-74.8 38.60089313279083, -73.60321938035213 38.15271796951693, -74.53604101133865 36.8783989291865, -77.1230510399515 34.602400398072476, -79.23134079877705 34.58217697920221, -74.8 38.60089313279083))"
70C,2019-06-05 23:55:00+00:00,2019-06-06 01:55:00+00:00,0.0,41000.0,"POLYGON ((-103.03474788731636 45.45449087912918, -102.68432124223432 43.74425508274491, -104.28334283516341 43.59090038037705, -104.17049118984905 44.797664501554806, -103.03474788731636 45.45449087912918))"
73C,2019-06-05 23:55:00+00:00,2019-06-06 01:55:00+00:00,0.0,45000.0,"POLYGON ((-97.1905445550526 37.87669304535941, -93.24965430460212 35.385710408272125, -93.3938070678112 34.67398381205481, -99.54685430981941 31.685170580762918, -99.30895777845495 36.14764047228191, -97.1905445550526 37.87669304535941))"
74C,2019-06-05 23:55:00+00:00,2019-06-06 01:55:00+00:00,0.0,45000.0,"POLYGON ((-93.40633691813858 30.754486775385548, -91.47846864775074 30.543545141586385, -91.32697679203754 28.728742840558308, -93.11 27.810834619690507, -94.80941104213585 29.48833419869212, -93.40633691813858 30.754486775385548))"
71C,2019-06-05 23:55:00+00:00,2019-06-06 01:55:00+00:00,0.0,42000.0,"POLYGON ((-104.95555616653587 43.544677450623624, -102.69 37.70089313279083, -105.04396800022735 37.60213566284365, -107.49744508647146 42.86897352973937, -104.95555616653587 43.544677450623624))"
72C,2019-06-05 23:55:00+00:00,2019-06-06 01:55:00+00:00,0.0,42000.0,"POLYGON ((-101.12888058947271 36.73248415894925, -100.99766463559898 33.77975652936476, -102.98 29.785417309845254, -104.67991071098753 31.35254782577101, -102.65927977240035 36.10922405789632, -101.12888058947271 36.73248415894925))"
75C,2019-06-05 23:55:00+00:00,2019-06-06 01:55:00+00:00,0.0,45000.0,"POLYGON ((-94.81230774942601 40.46041230537348, -83.90580578242958 39.27197892304491, -83.51940418336804 38.63203459211609, -87.43979810471049 37.314745089157235, -95.19831207879226 39.64202576871947, -94.81230774942601 40.46041230537348))"
21W,2019-06-05 23:55:00+00:00,2019-06-06 01:55:00+00:00,0.0,40000.0,"POLYGON ((-118.25609704548734 39.96725032493238, -116.23150821272812 38.84614377618046, -118.07851341520954 35.475696121451776, -120.14881770848635 38.60674035121867, -118.25609704548734 39.96725032493238))"
1E,2019-06-06 00:55:00+00:00,2019-06-06 02:55:00+00:00,0.0,45000.0,"POLYGON ((-82.20562579740411 41.30880213349559, -80.67607713861086 39.752778534815405, -81.89331008482593 39.926609175598514, -84.80700190067998 40.97936624233389, -82.20562579740411 41.30880213349559))"
2W,2019-06-06 00:55:00+00:00,2019-06-06 02:55:00+00:00,0.0,39000.0,"POLYGON ((-119.9518181818182 34.83638912123907, -119.58818181818182 34.83638912123907, -119.58818181818182 34.47275275760271, -119.9518181818182 34.47275275760271, -119.9518181818182 34.83638912123907))"
2E,2019-06-06 00:55:00+00:00,2019-06-06 02:55:00+00:00,0.0,45000.0,"POLYGON ((-74.4746670296379 38.48472652688033, -73.3749919320801 37.63022277573181, -76.72525009349638 35.18282238171873, -77.64742875842444 35.4826757553513, -74.4746670296379 38.48472652688033))"
3E,2019-06-06 00:55:00+00:00,2019-06-06 02:55:00+00:00,0.0,45000.0,"POLYGON ((-81.12680813544003 34.0136810647072, -80.02519000488448 31.773369501996388, -81.23803447707469 30.104437359612987, -83.05214640291862 31.729856691630072, -81.12680813544003 34.0136810647072))"
4E,2019-06-06 00:55:00+00:00,2019-06-06 02:55:00+00:00,0.0,45000.0,"POLYGON ((-81.18289682954773 29.146275337955103, -81.09434440796339 26.273695139628867, -81.78 25.698155221318043, -82.31716716770893 28.678048581685758, -81.18289682954773 29.146275337955103))"
5E,2019-06-06 00:55:00+00:00,2019-06-06 02:55:00+00:00,0.0,40000.0,"POLYGON ((-82.77806431958969 38.159403722977956, -82.13 37.10547582294557, -83.1513636622111 36.707804421097194, -83.78838241468846 37.64438700049208, -82.77806431958969 38.159403722977956))"
5C,2019-06-06 00:55:00+00:00,2019-06-06 02:55:00+00:00,0.0,45000.0,"POLYGON ((-93.55592348910884 31.06147593896709, -91.3 30.979106867209182, -90.50561925323109 29.532310541072395, -92.19685027122722 28.399676889285463, -94.54100709987355 29.251685506579413, -93.55592348910884 31.06147593896709))"
4C,2019-06-06 00:55:00+00:00,2019-06-06 02:55:00+00:00,0.0,45000.0,"POLYGON ((-95.7613665762566 38.263140596600905, -97.6 35.4, -97.45045531342971 31.59620638684762, -99.54685430981941 31.685170580762918, -98.99570188490644 37.042597962201036, -95.7613665762566 38.263140596600905))"
6C,2019-06-06 00:55:00+00:00,2019-06-06 02:55:00+00:00,0.0,45000.0,"POLYGON ((-94.23980321931045 40.21116641293662, -83.62936245475711 39.015106850771055, -83.20617951214237 38.36209169347432, -87.43979810471049 37.314745089157235, -94.14583369759065 39.09748809249021, -94.23980321931045 40.21116641293662))"
1C,2019-06-06 00:55:00+00:00,2019-06-06 02:55:00+00:00,0.0,41000.0,"POLYGON ((-104.0027115572538 44.68157950488295, -102.58681163967309 44.82204515287685, -103.01 43.647262088527214, -105.43461424900035 43.3415630812124, -104.0027115572538 44.68157950488295))"
3C,2019-06-06 00:55:00+00:00,2019-06-06 02:55:00+00:00,0.0,42000.0,"POLYGON ((-100.8228483353083 36.92226846711613, -99.9078178367905 33.6008801899579, -102.46607336090584 29.873048685196448, -103.87910186511665 31.265222523867294, -102.19341509879443 36.36467968502866, -100.8228483353083 36.92226846711613))"
2C,2019-06-06 00:55:00+00:00,2019-06-06 02:55:00+00:00,0.0,42000.0,"POLYGON ((-107.95266999894275 42.844651561430254, -105.02506109952874 42.70111697496717, -100.5353267996363 37.85617295886651, -104.04551674724293 37.61208888668682, -107.53625743898644 39.438211850548925, -107.95266999894275 42.844651561430254))"
1W,2019-06-06 00:55:00+00:00,2019-06-06 02:55:00+00:00,0.0,40000.0,"POLYGON ((-118.57949301078595 40.3485134940248, -115.15506960936065 39.53488383705554, -118.53239696704968 35.669672174557775, -119.90852906434604 38.44884220264902, -118.57949301078595 40.3485134940248))"
6E,2019-06-06 01:55:00+00:00,2019-06-06 03:55:00+00:00,0.0,37000.0,"POLYGON ((-82.25705238499262 41.11259946874807, -81.22227041869466 40.325987493963204, -82.93891555689257 40.038826133157386, -84.25889240203854 40.69049281323777, -82.25705238499262 41.11259946874807))"
7E,2019-06-06 01:55:00+00:00,2019-06-06 03:55:00+00:00,0.0,45000.0,"POLYGON ((-81.58418459698595 32.325090770852476, -80.72128154766405 31.35800827846842, -81.39142651742387 30.44217360498358, -82.51 31.395429060579108, -81.58418459698595 32.325090770852476))"
10C,2019-06-06 01:55:00+00:00,2019-06-06 03:55:00+00:00,0.0,41000.0,"POLYGON ((-94.75115334761861 38.47416515393296, -95.16842841095037 38.04674448968452, -98.58145653973605 36.126875693084585, -98.98337815160843 37.05225297440557, -97.58 38.03914187884179, -94.75115334761861 38.47416515393296))"
3W,2019-06-06 01:55:00+00:00,2019-06-06 03:55:00+00:00,0.0,40000.0,"POLYGON ((-118.06186863966005 40.5643784193399, -114.70646340767411 39.56704431110824, -117.26341348124657 37.207807429087715, -119.23450527849411 38.72782312941065, -118.06186863966005 40.5643784193399))"
8E,2019-06-06 01:55:00+00:00,2019-06-06 03:55:00+00:00,0.0,44000.0,"POLYGON ((-82.66996495175383 38.748255313631006, -81.89520589568137 37.522790239284994, -83.06804787767447 37.02544489105832, -84.73436801302802 38.09696981188454, -82.66996495175383 38.748255313631006))"
11C,2019-06-06 01:55:00+00:00,2019-06-06 03:55:00+00:00,0.0,45000.0,"POLYGON ((-91.52268679975741 30.940925488822053, -90.93349366334407 29.710963116014522, -94.1880401868522 29.19447143463311, -94.42430491008626 30.54484249149181, -91.52268679975741 30.940925488822053))"
8C,2019-06-06 01:55:00+00:00,2019-06-06 03:55:00+00:00,0.0,41000.0,"POLYGON ((-107.32688268294581 42.7668798752431, -104.77 41.5427379114728, -100.73 37.92, -102.09505085193331 37.727931947387354, -107.28732124081768 39.31199020526102, -107.32688268294581 42.7668798752431))"
9C,2019-06-06 01:55:00+00:00,2019-06-06 03:55:00+00:00,0.0,43000.0,"POLYGON ((-101.32560094428563 35.9044137938495, -98.62047221075267 35.39570882242333, -100.58760881892944 31.25228592573746, -103.33796895465312 30.822173448357546, -101.32560094428563 35.9044137938495))"
7C,2019-06-06 01:55:00+00:00,2019-06-06 03:55:00+00:00,0.0,41000.0,"POLYGON ((-102.58681163967309 44.82204515287685, -101.72 44.24815522131804, -103.01 43.148155221318035, -105.63065196629934 43.55873552507589, -102.58681163967309 44.82204515287685))"
12C,2019-06-06 01:55:00+00:00,2019-06-06 03:55:00+00:00,0.0,45000.0,"POLYGON ((-94.40802657896914 39.90435025851825, -85.15199982931661 38.666203929371676, -84.80144277893234 37.84276082397626, -89.34665227449942 36.960848870773276, -94.03827854465689 38.62205792988006, -94.40802657896914 39.90435025851825))"
ECHO 5,2019-06-06 02:20:00+00:00,2019-06-06 06:20:00+00:00,0.0,49000.0,"POLYGON ((-62.45 26.3, -60.3 21, -67 22.45, -62.45 26.3))"
9E,2019-06-06 02:55:00+00:00,2019-06-06 04:55:00+00:00,0.0,37000.0,"POLYGON ((-81.85 40.84171624231642, -81.08617696995192 39.8152408544306, -82.87727078183084 39.61537907445917, -83.90577804768974 40.39214960705904, -81.85 40.84171624231642))"
14C,2019-06-06 02:55:00+00:00,2019-06-06 04:55:00+00:00,0.0,41000.0,"POLYGON ((-102.03509971998362 39.27884007079633, -100.73 37.92, -102.41044114551401 37.6654029217656, -103.77415083405428 38.79931592504298, -102.03509971998362 39.27884007079633))"
4W,2019-06-06 02:55:00+00:00,2019-06-06 04:55:00+00:00,0.0,40000.0,"POLYGON ((-117.79553226861066 40.29006316299126, -114.12142675423812 40.0616026166765, -115.40580681103346 37.91366330651509, -118.62068094610157 38.273565976438206, -117.79553226861066 40.29006316299126))"
10E,2019-06-06 02:55:00+00:00,2019-06-06 04:55:00+00:00,0.0,44000.0,"POLYGON ((-81.4403234739822 38.55751690824934, -82.13 36.93910686720918, -90.5491014928581 37.05474913536524, -89.90556695461525 38.28437682959165, -81.4403234739822 38.55751690824934))"
15C,2019-06-06 02:55:00+00:00,2019-06-06 04:55:00+00:00,0.0,43000.0,"POLYGON ((-100.34871750782901 35.41685161315762, -97.97772608749166 35.526745683916225, -99.67060623126986 31.36764383058726, -102.2611960569123 31.202678269722178, -100.34871750782901 35.41685161315762))"
18C,2019-06-06 02:55:00+00:00,2019-06-06 04:55:00+00:00,0.0,45000.0,"POLYGON ((-94.1425837723031 39.47947554553436, -91.28000000000002 39.35089313279083, -91.3890942543931 37.282315926781074, -94.32712200466142 38.577297393303084, -94.1425837723031 39.47947554553436))"
13C,2019-06-06 02:55:00+00:00,2019-06-06 04:55:00+00:00,0.0,41000.0,"POLYGON ((-102.3508365751586 44.44867750701674, -100.97493993792489 43.798880893317516, -103.01 42.98178626558165, -105.00931270217735 43.464997115452604, -102.3508365751586 44.44867750701674))"
17C,2019-06-06 02:55:00+00:00,2019-06-06 04:55:00+00:00,0.0,45000.0,"POLYGON ((-91.1517789625367 30.78732594917064, -91.3 29.64815522131804, -94.1880401868522 29.19447143463311, -94.42430491008626 30.54484249149181, -91.1517789625367 30.78732594917064))"
16C,2019-06-06 02:55:00+00:00,2019-06-06 04:55:00+00:00,0.0,41000.0,"POLYGON ((-94.73483999589918 38.73086099774799, -94.88086753747407 38.14201787786918, -98.87029483912617 36.02789876757129, -98.84673556718218 37.159055642026544, -97.58 38.249106867209186, -94.73483999589918 38.73086099774799))"
11E,2019-06-06 03:55:00+00:00,2019-06-06 05:55:00+00:00,0.0,37000.0,"POLYGON ((-81.03801146007143 40.42049477567774, -80.67607713861086 39.752778534815405, -82.2440239975268 39.15050380040692, -82.85829243129025 40.354145094996426, -81.03801146007143 40.42049477567774))"
23C,2019-06-06 03:55:00+00:00,2019-06-06 05:55:00+00:00,0.0,45000.0,"POLYGON ((-93.99283279622813 39.287612313698084, -91.70697479977561 38.64290231880947, -92.31729713727194 37.68764086179602, -94.70258155548028 38.6705071266076, -93.99283279622813 39.287612313698084))"
21C,2019-06-06 03:55:00+00:00,2019-06-06 05:55:00+00:00,0.0,45000.0,"POLYGON ((-94.74 39.0008581211582, -94.8307702508576 38.38015738387298, -98.63798482395198 36.347852422817446, -98.85981135609148 37.743080520366455, -97.27714051561234 38.818848360468884, -94.74 39.0008581211582))"
22C,2019-06-06 03:55:00+00:00,2019-06-06 05:55:00+00:00,0.0,45000.0,"POLYGON ((-92.30665483253806 30.85915684243694, -91.61880871718598 29.811781544923637, -94.96989331560764 29.15805777556648, -94.39898576225934 30.49177094563274, -92.30665483253806 30.85915684243694))"
12E,2019-06-06 03:55:00+00:00,2019-06-06 05:55:00+00:00,0.0,43000.0,"POLYGON ((-89.3296886757926 38.372436704664004, -82.43385396602555 37.98077732466743, -82.13 36.93910686720918, -91.42849394206678 37.031282275620306, -89.3296886757926 38.372436704664004))"
20C,2019-06-06 03:55:00+00:00,2019-06-06 05:55:00+00:00,0.0,44000.0,"POLYGON ((-99.88 35.50815522131804, -97.6 35.4, -98.99391375753123 31.303235529630594, -101.42423305205998 31.36631853452987, -99.88 35.50815522131804))"
19C,2019-06-06 03:55:00+00:00,2019-06-06 05:55:00+00:00,0.0,41000.0,"POLYGON ((-102.74248584948761 44.4408041294617, -102.48721872157697 43.056567324880525, -103.91285100555716 42.65771748292251, -104.51639071280185 44.41581846753475, -102.74248584948761 44.4408041294617))"
5W,2019-06-06 03:55:00+00:00,2019-06-06 05:55:00+00:00,0.0,40000.0,"POLYGON ((-117.3239223965548 40.44196258594127, -114.09299802754185 40.114699634929536, -115.2373740992456 38.24695344129987, -117.77 38.499106867209186, -117.3239223965548 40.44196258594127))"
13E,2019-06-06 04:55:00+00:00,2019-06-06 06:55:00+00:00,0.0,37000.0,"POLYGON ((-82.76460027631455 40.094543924496534, -80.25366983691588 40.018621626831354, -79.91420831676646 38.909852774654865, -81.8159760024732 39.15050380040692, -82.76460027631455 40.094543924496534))"
27C,2019-06-06 04:55:00+00:00,2019-06-06 06:55:00+00:00,0.0,45000.0,"POLYGON ((-92.26133866266268 31.055325282609473, -91.3 29.901716242316425, -94.90712279878576 29.024296661948412, -94.12588243303985 30.647500071113043, -92.26133866266268 31.055325282609473))"
26C,2019-06-06 04:55:00+00:00,2019-06-06 06:55:00+00:00,0.0,45000.0,"POLYGON ((-95.42812373254102 39.06667196808214, -95.00792288412079 37.85995039883316, -99.3836168957305 36.17299809114066, -98.75626538382585 37.35686722123567, -97.62 38.64085812115822, -95.42812373254102 39.06667196808214))"
28C,2019-06-06 04:55:00+00:00,2019-06-06 06:55:00+00:00,0.0,45000.0,"POLYGON ((-94.88242510736544 39.022780813855476, -92.9077595971938 39.029286717941666, -89.55704954541109 37.44678621024536, -89.8282078715469 36.42783842551992, -93.66657895576074 37.47017328014338, -94.88242510736544 39.022780813855476))"
15E,2019-06-06 04:55:00+00:00,2019-06-06 06:55:00+00:00,0.0,37000.0,"POLYGON ((-68.87 43.342679398372475, -68.59785405236305 42.32997449671924, -71.68774709785866 42.180827857418436, -71.79070129824596 43.15613989497143, -68.87 43.342679398372475))"
14E,2019-06-06 04:55:00+00:00,2019-06-06 06:55:00+00:00,0.0,43000.0,"POLYGON ((-86.91632679447427 37.92698828417791, -82.38289515388303 37.77326041842145, -81.89115552493195 36.90087729441932, -86.85624745440039 36.9292737958457, -86.91632679447427 37.92698828417791))"
24C,2019-06-06 04:55:00+00:00,2019-06-06 06:55:00+00:00,0.0,41000.0,"POLYGON ((-102.58187911916829 44.10653514647325, -102.04061226692296 43.27002758203392, -103.48 42.72184477868197, -104.07227144603736 43.656729138699795, -102.58187911916829 44.10653514647325))"
25C,2019-06-06 04:55:00+00:00,2019-06-06 06:55:00+00:00,0.0,44000.0,"POLYGON ((-99.56631148413335 35.72476941049912, -97.19179894969511 35.399313386109235, -98.21596814226127 30.966411962913288, -100.35677369948685 30.789898353399686, -99.56631148413335 35.72476941049912))"
6W,2019-06-06 04:55:00+00:00,2019-06-06 06:55:00+00:00,0.0,40000.0,"POLYGON ((-116.92 40.73636895573639, -114.06938879243924 40.49430493308106, -114.97871144765207 38.439531252544754, -117.77 38.499106867209186, -116.92 40.73636895573639))"
29C,2019-06-06 05:55:00+00:00,2019-06-06 07:55:00+00:00,0.0,45000.0,"POLYGON ((-97.30508637802286 33.40398534612547, -97.83929971414611 30.268985945881873, -99.93864113223562 30.497719085764757, -99.46293928627658 33.28077460130068, -97.30508637802286 33.40398534612547))"
16E,2019-06-06 05:55:00+00:00,2019-06-06 07:55:00+00:00,0.0,38000.0,"POLYGON ((-79.44290970881671 39.84781423183663, -78.93493879139379 38.63517283797095, -79.93706487448158 38.60247678713273, -81.97860154999317 39.677823934472364, -79.44290970881671 39.84781423183663))"
18E,2019-06-06 05:55:00+00:00,2019-06-06 07:55:00+00:00,0.0,37000.0,"POLYGON ((-68.08073073166352 43.453895778012736, -68.27314318130199 42.56084565517325, -71.07595099049246 42.20626298246154, -71.35170059270224 43.21977301919707, -68.08073073166352 43.453895778012736))"
17E,2019-06-06 05:55:00+00:00,2019-06-06 07:55:00+00:00,0.0,37000.0,"POLYGON ((-86.55234322050309 37.77765252504662, -82.08816760871353 37.45769840597758, -81.89115552493195 36.90087729441932, -86.00053230663997 36.57626714693476, -86.55234322050309 37.77765252504662))"
31C,2019-06-06 05:55:00+00:00,2019-06-06 07:55:00+00:00,0.0,45000.0,"POLYGON ((-96.21 39.534524177054436, -93.0739939041142 38.80689172102783, -92.8838826985863 37.712085859526454, -96.84194445957378 37.15948780915211, -98.94087534536253 39.25289348907591, -96.21 39.534524177054436))"
30C,2019-06-06 05:55:00+00:00,2019-06-06 07:55:00+00:00,0.0,45000.0,"POLYGON ((-92.14086646298527 31.13216737841999, -91.3 29.980893132790822, -95.26184559306928 28.373957959668086, -93.79425429127488 30.726429120294984, -92.14086646298527 31.13216737841999))"
ECHO 6,2019-06-06 06:00:00+00:00,2019-06-06 10:00:00+00:00,0.0,50000.0,"POLYGON ((-62.45 26.45, -59.3 22.45, -63.15 21.15, -66.15 21.3, -62.45 26.45))"
19E,2019-06-06 06:55:00+00:00,2019-06-06 08:55:00+00:00,0.0,39000.0,"POLYGON ((-78.96387575362526 40.21769568430766, -78.01219262052733 38.907046362735855, -79.5775077966654 38.49992402109125, -80.82 39.730858121158214, -78.96387575362526 40.21769568430766))"
34C,2019-06-06 06:55:00+00:00,2019-06-06 08:55:00+00:00,0.0,45000.0,"POLYGON ((-96.90719936738829 39.976605476585654, -93.70945577716542 38.95349750043532, -93.04957550628136 37.89393456187736, -96.28838144883107 37.15502348865018, -100.23000000000002 39.40457093942089, -96.90719936738829 39.976605476585654))"
32C,2019-06-06 06:55:00+00:00,2019-06-06 08:55:00+00:00,0.0,45000.0,"POLYGON ((-98.59 33.267145302895536, -96.17937955903672 32.867053582321645, -97.69373793121541 29.3611732326868, -100.00166764501174 29.63442281741876, -98.59 33.267145302895536))"
20E,2019-06-06 06:55:00+00:00,2019-06-06 08:55:00+00:00,0.0,38000.0,"POLYGON ((-67.2441221761405 43.65190526715569, -67.57443546164546 42.52691622666459, -70.16133444979145 42.10234261155745, -70.78445368179018 43.12245723891525, -67.2441221761405 43.65190526715569))"
33C,2019-06-06 06:55:00+00:00,2019-06-06 08:55:00+00:00,0.0,45000.0,"POLYGON ((-92.14086646298527 31.13216737841999, -91.3 29.980893132790822, -95.26184559306928 28.373957959668086, -93.79425429127488 30.726429120294984, -92.14086646298527 31.13216737841999))"
38C,2019-06-06 07:55:00+00:00,2019-06-06 09:55:00+00:00,0.0,45000.0,"POLYGON ((-88.00208056053474 31.03619032655954, -86.79892326722731 30.727718591507138, -88.60981540873901 29.171750613466397, -89.38537847961187 29.627277308925354, -88.00208056053474 31.03619032655954))"
21E,2019-06-06 07:55:00+00:00,2019-06-06 09:55:00+00:00,0.0,39000.0,"POLYGON ((-67.40377872905073 43.77174116643938, -67.74150929033074 42.836156475725076, -69.41413243245724 42.349209108615135, -69.9770509978211 43.237251162659106, -67.40377872905073 43.77174116643938))"
37C,2019-06-06 07:55:00+00:00,2019-06-06 09:55:00+00:00,0.0,45000.0,"POLYGON ((-95.99218187108897 40.199795881966224, -93.20184790370494 38.487549290451355, -95.64491916119842 37.51209190571716, -100.06626329716623 38.952475364965885, -95.99218187108897 40.199795881966224))"
36C,2019-06-06 07:55:00+00:00,2019-06-06 09:55:00+00:00,0.0,45000.0,"POLYGON ((-91.91613269755433 31.258680358981128, -91.3 29.980893132790822, -94.79184510773136 28.751516302869167, -93.48101024629364 30.90800287171403, -91.91613269755433 31.258680358981128))"
35C,2019-06-06 07:55:00+00:00,2019-06-06 09:55:00+00:00,0.0,45000.0,"POLYGON ((-97.76990830639855 32.61321286290881, -95.65720841777913 32.09841439108952, -97.44864315270692 28.755227741662534, -99.88545931363056 29.675415091848656, -97.76990830639855 32.61321286290881))"
40C,2019-06-06 08:55:00+00:00,2019-06-06 10:55:00+00:00,0.0,45000.0,"POLYGON ((-91.65439571701647 31.257232010844838, -91.3 29.901716242316425, -94.82584807288131 28.751892083412827, -92.85760672276646 30.952823544322086, -91.65439571701647 31.257232010844838))"
42C,2019-06-06 08:55:00+00:00,2019-06-06 10:55:00+00:00,0.0,45000.0,"POLYGON ((-87.94791527856255 31.08227108564997, -86.95333077212157 30.59443181186036, -88.36 29.232679398372472, -89.29294429181337 29.59345013510345, -87.94791527856255 31.08227108564997))"
39C,2019-06-06 08:55:00+00:00,2019-06-06 10:55:00+00:00,0.0,45000.0,"POLYGON ((-97.07454284919127 31.65985105393622, -96.45680641239944 30.757615333493394, -97.44 28.898213734418356, -99.41705686131941 29.63656417232421, -97.07454284919127 31.65985105393622))"
41C,2019-06-06 08:55:00+00:00,2019-06-06 10:55:00+00:00,0.0,45000.0,"POLYGON ((-96.42781812891101 40.199795881966224, -92.61379952498703 38.682005218409664, -94.49 37.77089313279083, -100.47507264700144 38.7986277239824, -96.42781812891101 40.199795881966224))"
ECHO 7,2019-06-06 09:45:00+00:00,2019-06-06 13:45:00+00:00,0.0,50000.0,"POLYGON ((-61.3 27, -59.45 23.15, -63.15 21.15, -64.15 23, -64 26, -61.3 27))"
43C,2019-06-06 09:55:00+00:00,2019-06-06 11:55:00+00:00,0.0,38000.0,"POLYGON ((-97.64862218004808 30.482173519292022, -95.81172817224726 29.793220344562354, -97.44 28.478283757683577, -99.12533679976698 29.63833950893679, -97.64862218004808 30.482173519292022))"
45C,2019-06-06 09:55:00+00:00,2019-06-06 11:55:00+00:00,0.0,45000.0,"POLYGON ((-96.67448235495921 40.55199626504886, -94.1425837723031 39.47947554553436, -94.88224049067551 38.39668094688416, -97.3185479486025 38.69433049818713, -100.92501053346584 37.98350581410518, -96.67448235495921 40.55199626504886))"
46C,2019-06-06 09:55:00+00:00,2019-06-06 11:55:00+00:00,0.0,45000.0,"POLYGON ((-87.82249822032324 30.91989264077524, -86.82781555292371 30.522506328476403, -88.36 29.066310442636077, -89.11674504890887 29.528727933702225, -87.82249822032324 30.91989264077524))"
44C,2019-06-06 09:55:00+00:00,2019-06-06 11:55:00+00:00,0.0,45000.0,"POLYGON ((-91.41677864018824 31.63745953157148, -91.00634079759575 29.86485148460848, -93.76353843840683 28.75503802079858, -92.91132564441557 30.906422997902656, -91.41677864018824 31.63745953157148))"
48C,2019-06-06 10:55:00+00:00,2019-06-06 12:55:00+00:00,0.0,45000.0,"POLYGON ((-91.0438770681474 31.574244893662467, -90.50005116213268 29.849057985895918, -93.67891582966323 28.936678513136577, -92.5 31.11542906057911, -91.0438770681474 31.574244893662467))"
22E,2019-06-06 10:55:00+00:00,2019-06-06 12:55:00+00:00,0.0,45000.0,"POLYGON ((-87.41467402561494 32.597286165297675, -84.35 29.568155221318033, -85.1483644234394 28.706818749071704, -88.65734154110812 29.84320846486548, -87.41467402561494 32.597286165297675))"
49C,2019-06-06 10:55:00+00:00,2019-06-06 12:55:00+00:00,0.0,45000.0,"POLYGON ((-96.64563363485117 40.19918353327284, -94.28168792120775 39.64202576871947, -95.09327940289364 38.739022769220966, -100.87936454879492 38.03754629798924, -100.39373670283379 38.952475364965885, -96.64563363485117 40.19918353327284))"
47C,2019-06-06 10:55:00+00:00,2019-06-06 12:55:00+00:00,0.0,44000.0,"POLYGON ((-96.56577826585406 30.376460168604456, -95.35 29.627262088527218, -97.15018204726874 28.514516068949963, -98.82350442571193 28.870980160276076, -96.56577826585406 30.376460168604456))"
23E,2019-06-06 11:55:00+00:00,2019-06-06 13:55:00+00:00,0.0,45000.0,"POLYGON ((-87.17441299579784 32.21712637709166, -83.87788237514063 29.990242575605, -84.57771476315733 29.03800554577349, -88.94094300140715 29.175009466400848, -87.17441299579784 32.21712637709166))"
50C,2019-06-06 11:55:00+00:00,2019-06-06 13:55:00+00:00,0.0,41000.0,"POLYGON ((-96.52453731204442 30.37615088275426, -95.09592678321408 29.42549175699621, -96.76635635031313 28.593258853575165, -98.97969897896857 28.414269102975833, -96.52453731204442 30.37615088275426))"
52C,2019-06-06 11:55:00+00:00,2019-06-06 13:55:00+00:00,0.0,43000.0,"POLYGON ((-96.07636062956753 40.0976960113032, -94.74 39.0008581211582, -99.630470484336 37.9148849724942, -100.49328889831791 39.055248966428834, -96.07636062956753 40.0976960113032))"
51C,2019-06-06 11:55:00+00:00,2019-06-06 13:55:00+00:00,0.0,45000.0,"POLYGON ((-90.67459149857919 31.65225625372726, -89.64511625117478 29.976858819699675, -93.97750880328364 28.292691090479412, -94.27384345220017 29.0145032395411, -90.67459149857919 31.65225625372726))"
53C,2019-06-06 12:55:00+00:00,2019-06-06 14:55:00+00:00,0.0,45000.0,"POLYGON ((-96.83624530452552 28.99811796786096, -96.69937419284399 28.852288276826993, -97.67413954869453 27.937404504270457, -97.81101066037606 28.083234195304424, -96.83624530452552 28.99811796786096))"
57C,2019-06-06 12:55:00+00:00,2019-06-06 14:55:00+00:00,,,"POLYGON ((-97.3154584609719 37.7961596605378, -97.24472124380915 37.50195373262971, -97.88676381399353 36.40269378454864, -97.1385921899243 37.70278770454612, -97.24263837442679 37.50570218272918, -98.0594643462764 36.50356264073927, -97.41742177609203 37.60282258882034, -97.41950464547439 37.59907413872087, -97.3154584609719 37.7961596605378))"
25E,2019-06-06 12:55:00+00:00,2019-06-06 14:55:00+00:00,0.0,45000.0,"POLYGON ((-70.09877509931945 39.76231433362333, -69.96122490068055 39.61712499911699, -71.67719916259068 37.991436711561064, -71.81474936122959 38.136626046067406, -70.09877509931945 39.76231433362333))"
26E,2019-06-06 12:55:00+00:00,2019-06-06 14:55:00+00:00,0.0,43000.0,"POLYGON ((-72.8185032696407 37.50789958250714, -72.6613623325311 37.38417922894997, -74.13062576166996 35.51802361689804, -74.28776669877956 35.64174397045522, -72.8185032696407 37.50789958250714))"
56C,2019-06-06 12:55:00+00:00,2019-06-06 14:55:00+00:00,0.0,37000.0,"POLYGON ((-103.24355122678381 36.6909547034392, -100.95807409379908 36.41643161998548, -100.98192590620091 36.21785898580557, -103.26740303918564 36.49238206925929, -103.24355122678381 36.6909547034392))"
55C,2019-06-06 12:55:00+00:00,2019-06-06 14:55:00+00:00,0.0,37000.0,"POLYGON ((-99.41275617577973 39.07102897364163, -99.32903044020684 38.889397475264346, -100.68813713221355 38.26289706907404, -100.77186286778645 38.44452856745133, -99.41275617577973 39.07102897364163))"
8W,2019-06-06 12:55:00+00:00,2019-06-06 14:55:00+00:00,0.0,39000.0,"POLYGON ((-112.32699566491685 41.23572130790085, -111.51610558150018 40.62236825687648, -111.63675740196801 40.46285920315915, -112.44764748538468 41.076212254183524, -112.32699566491685 41.23572130790085))"
7W,2019-06-06 12:55:00+00:00,2019-06-06 14:55:00+00:00,0.0,37000.0,"POLYGON ((-112.7235390567512 43.828598400755524, -112.54602706537236 43.73645995646264, -113.10650223673336 42.656660264268496, -113.28401422811221 42.74879870856138, -112.7235390567512 43.828598400755524))"
27E,2019-06-06 12:55:00+00:00,2019-06-06 14:55:00+00:00,0.0,37000.0,"POLYGON ((-75.40549622175546 34.72043723247394, -74.4601793343904 34.835922168434095, -76.46471044237626 33.165535224984644, -76.94267660403072 34.02816714527455, -75.40549622175546 34.72043723247394))"
24E,2019-06-06 12:55:00+00:00,2019-06-06 14:55:00+00:00,0.0,45000.0,"POLYGON ((-85.90444814733226 31.866398006836835, -83.80703713433742 29.928314528563, -84.10663405095258 29.213816273932444, -88.36 29.73178626558165, -85.90444814733226 31.866398006836835))"
54C,2019-06-06 12:55:00+00:00,2019-06-06 14:55:00+00:00,0.0,45000.0,"POLYGON ((-90.9814867603529 31.55265062430279, -90 30.182737911472785, -93.11 28.642679398372472, -94.60210031691264 28.74926306491474, -90.9814867603529 31.55265062430279))"
58C,2019-06-06 12:55:00+00:00,2019-06-06 14:55:00+00:00,0.0,39000.0,"POLYGON ((-98.74623571238233 36.34715600899554, -96.98770276983886 35.39845513239565, -98.17394337298622 34.92807751174218, -100.29 35.36821373441836, -98.74623571238233 36.34715600899554))"
ECHO 8,2019-06-06 13:20:00+00:00,2019-06-06 17:20:00+00:00,,,"POLYGON ((-62.3 32, -58.55 23.25, -65.45 19.2, -67.25 20.2, -62.05 24.15, -64.25 31.25, -62.3 32))"
NOVEMBER 1,2019-06-06 13:30:00+00:00,2019-06-06 17:30:00+00:00,0.0,45000.0,"POLYGON ((-159 23, -157.3 21, -162 19, -159 23))"
NOVEMBER 2,2019-06-06 13:43:00+00:00,2019-06-06 17:43:00+00:00,0.0,45000.0,"POLYGON ((-159 23, -157.3 21, -162 19, -159 23))"
28E,2019-06-06 13:55:00+00:00,2019-06-06 15:55:00+00:00,,,"POLYGON ((-84.39467940025203 30.55566557363501, -84.25722799422029 30.21405189527809, -84.28286780771002 30.25084081428703, -83.45654618738415 29.50238783377173, -84.4427720057797 30.13939655538574, -84.58022341181145 30.48101023374267, -83.5908105719641 29.3541546558615, -84.41713219228997 30.1026076363768, -84.39467940025203 30.55566557363501))"
63C,2019-06-06 13:55:00+00:00,2019-06-06 15:55:00+00:00,,,"POLYGON ((-97.3154584609719 37.7961596605378, -97.24891036690525 37.4953833664224, -98.1575463217444 36.18576424447007, -97.1385921899243 37.70278770454612, -97.24263837442679 37.50570218272918, -98.32186860783509 36.29977383307531, -97.41323265299593 37.60939295502764, -97.41950464547439 37.59907413872087, -97.3154584609719 37.7961596605378))"
30E,2019-06-06 13:55:00+00:00,2019-06-06 15:55:00+00:00,0.0,45000.0,"POLYGON ((-72.73648224822334 37.42875820522861, -72.56836670506128 37.32042001183715, -73.7999698087843 35.409259983587944, -73.96808535194636 35.517598176979405, -72.73648224822334 37.42875820522861))"
29E,2019-06-06 13:55:00+00:00,2019-06-06 15:55:00+00:00,0.0,43000.0,"POLYGON ((-69.30141623640276 39.885231123566804, -69.17430872590799 39.73081713205105, -70.91600704960369 38.29711973335855, -71.04311456009846 38.4515337248743, -69.30141623640276 39.885231123566804))"
65C,2019-06-06 13:55:00+00:00,2019-06-06 15:55:00+00:00,0.0,35000.0,"POLYGON ((-98.48902656948043 30.804950103452416, -98.43518508538646 30.612333659215277, -99.5560463480078 30.29902274704487, -99.60988783210176 30.491639191282008, -98.48902656948043 30.804950103452416))"
62C,2019-06-06 13:55:00+00:00,2019-06-06 15:55:00+00:00,0.0,38000.0,"POLYGON ((-102.66935080943419 36.6327165806585, -100.96981246406786 35.891159813717195, -101.04979592198093 35.7078495672489, -102.74933426734727 36.44940633419021, -102.66935080943419 36.6327165806585))"
59C,2019-06-06 13:55:00+00:00,2019-06-06 15:55:00+00:00,0.0,42000.0,"POLYGON ((-86.5833917089687 30.65758193242452, -86.51960448631895 30.468026689219194, -88.0084955798669 29.967000043480294, -88.07228280251665 30.15655528668562, -86.5833917089687 30.65758193242452))"
61C,2019-06-06 13:55:00+00:00,2019-06-06 15:55:00+00:00,0.0,41000.0,"POLYGON ((-99.97363300749147 39.19616447280493, -99.79744420257906 39.10152037619276, -100.51249861003605 37.770379966945065, -100.68868741494846 37.865024063557236, -99.97363300749147 39.19616447280493))"
9W,2019-06-06 13:55:00+00:00,2019-06-06 15:55:00+00:00,0.0,37000.0,"POLYGON ((-112.30920929944968 43.95797955470102, -112.11079070055031 43.9328785664572, -112.27274525193589 42.652658247673294, -112.47116385083525 42.677759235917115, -112.30920929944968 43.95797955470102))"
10W,2019-06-06 13:55:00+00:00,2019-06-06 15:55:00+00:00,0.0,38000.0,"POLYGON ((-111.88420987410609 41.312422603723896, -111.59398257798186 40.3440799711688, -111.78556282976969 40.2866604002464, -112.07579012589392 41.25500303280149, -111.88420987410609 41.312422603723896))"
31E,2019-06-06 13:55:00+00:00,2019-06-06 15:55:00+00:00,0.0,37000.0,"POLYGON ((-74.74260663020704 35.07494773982172, -74.1793894752955 34.596247650832055, -76.46471044237626 33.165535224984644, -76.94267660403072 34.02816714527455, -74.74260663020704 35.07494773982172))"
64C,2019-06-06 13:55:00+00:00,2019-06-06 15:55:00+00:00,0.0,41000.0,"POLYGON ((-99.49899283370362 36.212061646304804, -96.52686486151228 34.59304849848453, -97.02794532862467 34.092277473595175, -100.29 35.36821373441836, -99.49899283370362 36.212061646304804))"
60C,2019-06-06 13:55:00+00:00,2019-06-06 15:55:00+00:00,0.0,45000.0,"POLYGON ((-90.67149772023794 30.946421966718926, -90 30.515475822945564, -92.24249119671636 28.292691090479412, -95.43600408756237 28.43885608175693, -91.97843995183646 29.89004076223679, -90.67149772023794 30.946421966718926))"
33E,2019-06-06 14:55:00+00:00,2019-06-06 16:55:00+00:00,0.0,41000.0,"POLYGON ((-68.35560490697455 40.01878462658024, -68.23799071768164 39.85702275691692, -69.97119290535355 38.59684215559225, -70.08880709464646 38.75860402525557, -68.35560490697455 40.01878462658024))"
34E,2019-06-06 14:55:00+00:00,2019-06-06 16:55:00+00:00,0.0,41000.0,"POLYGON ((-73.41174228823115 36.23487500885961, -73.21257428981028 36.216651167194804, -73.29846011709297 35.278006691060725, -73.49762811551385 35.29623053272553, -73.41174228823115 36.23487500885961))"
36E,2019-06-06 14:55:00+00:00,2019-06-06 16:55:00+00:00,0.0,43000.0,"POLYGON ((-79.7888074125038 33.07418559718126, -79.65415282099433 32.926306792123135, -80.80170241330364 31.88137799702956, -80.93635700481312 32.02925680208769, -79.7888074125038 33.07418559718126))"
37E,2019-06-06 14:55:00+00:00,2019-06-06 16:55:00+00:00,0.0,35000.0,"POLYGON ((-86.45558390466256 30.39026474803941, -86.39182044756465 30.200701509148207, -87.88187333574419 29.699491865523232, -87.9456367928421 29.889055104414435, -86.45558390466256 30.39026474803941))"
67C,2019-06-06 14:55:00+00:00,2019-06-06 16:55:00+00:00,0.0,42000.0,"POLYGON ((-100.13653789445254 39.29595833848838, -99.95003047132982 39.22374351230899, -100.63674628843864 37.45017976864763, -100.82325371156136 37.52239459482702, -100.13653789445254 39.29595833848838))"
68C,2019-06-06 14:55:00+00:00,2019-06-06 16:55:00+00:00,0.0,33000.0,"POLYGON ((-102.50949008584774 36.101241836270326, -99.45703393620057 35.636769453535685, -99.48712032147564 35.439045379581394, -102.53957647112281 35.903517762316035, -102.50949008584774 36.101241836270326))"
12W,2019-06-06 14:55:00+00:00,2019-06-06 16:55:00+00:00,0.0,39000.0,"POLYGON ((-112.18719343898583 41.43184423134163, -111.5301825533525 40.2295538322467, -111.70568698688426 40.133646617655224, -112.36269787251759 41.33593701675015, -112.18719343898583 41.43184423134163))"
11W,2019-06-06 14:55:00+00:00,2019-06-06 16:55:00+00:00,0.0,38000.0,"POLYGON ((-111.4875836158147 44.14340900555724, -111.32220504793672 44.030937101124955, -112.28926526744658 42.60897278957906, -112.45464383532456 42.721444694011346, -111.4875836158147 44.14340900555724))"
32E,2019-06-06 14:55:00+00:00,2019-06-06 16:55:00+00:00,0.0,45000.0,"POLYGON ((-83.99312383024663 30.526848210490197, -83.40399618355332 29.726863603209576, -85.0768766276345 28.86093881581106, -85.86397386026239 30.121598034629237, -83.99312383024663 30.526848210490197))"
35E,2019-06-06 14:55:00+00:00,2019-06-06 16:55:00+00:00,0.0,41000.0,"POLYGON ((-74.74260663020704 35.07494773982172, -74.1793894752955 34.596247650832055, -78.7939420029141 31.825042268081663, -77.87 33.351786265581644, -74.74260663020704 35.07494773982172))"
66C,2019-06-06 14:55:00+00:00,2019-06-06 16:55:00+00:00,0.0,45000.0,"POLYGON ((-90.26 30.967262088527225, -89.70454912448602 30.46449064253503, -91.84955358391116 28.531968360228927, -93.11 28.476310442636077, -90.26 30.967262088527225))"
69C,2019-06-06 14:55:00+00:00,2019-06-06 16:55:00+00:00,0.0,45000.0,"POLYGON ((-96.80510557555868 37.49279298401074, -96.38817672143227 34.848486326228624, -97.17 34.54273791147279, -99.44384175109117 35.986284371093056, -96.80510557555868 37.49279298401074))"
70C,2019-06-06 15:55:00+00:00,2019-06-06 17:55:00+00:00,,,"POLYGON ((-90.2851240581612 31.14555244963958, -90.20223652695339 29.15960252447801, -92.85159233563273 29.47314668443152, -90.08512486534654 31.14498423006211, -90.09048421711493 29.25862538185174, -92.82808690877049 29.67176061875644, -90.17873110009114 29.35821645880293, -90.29048340992959 29.25919360142921, -90.2851240581612 31.14555244963958))"
41E,2019-06-06 15:55:00+00:00,2019-06-06 17:55:00+00:00,0.0,39000.0,"POLYGON ((-79.40480601209512 33.62580754866631, -79.25127513643301 33.49763473478435, -80.5607741317913 31.929060859038866, -80.71430500745342 32.05723367292083, -79.40480601209512 33.62580754866631))"
39E,2019-06-06 15:55:00+00:00,2019-06-06 17:55:00+00:00,0.0,41000.0,"POLYGON ((-67.8122726641185 39.61352887661595, -67.74224063084392 39.42619090845299, -69.99498398336272 38.58405410634243, -70.06501601663729 38.77139207450539, -67.8122726641185 39.61352887661595))"
71C,2019-06-06 15:55:00+00:00,2019-06-06 17:55:00+00:00,0.0,41000.0,"POLYGON ((-100.32419178293408 39.149013402581026, -100.13580821706596 39.081844718577194, -100.87580821706594 37.00641565799808, -101.06419178293406 37.073584342001915, -100.32419178293408 39.149013402581026))"
72C,2019-06-06 15:55:00+00:00,2019-06-06 17:55:00+00:00,0.0,36000.0,"POLYGON ((-101.83793535318925 35.790320528850465, -99.4656569483587 35.637701110159945, -99.47849730931752 35.438113722957134, -101.85077571414807 35.590733141647654, -101.83793535318925 35.790320528850465))"
14W,2019-06-06 15:55:00+00:00,2019-06-06 17:55:00+00:00,0.0,37000.0,"POLYGON ((-111.9037022145782 41.49292622004177, -110.81013299241953 40.202181610193385, -110.96272856326313 40.072896685477026, -112.0562977854218 41.36364129532541, -111.9037022145782 41.49292622004177))"
13W,2019-06-06 15:55:00+00:00,2019-06-06 17:55:00+00:00,0.0,37000.0,"POLYGON ((-110.48307998165835 44.22273038671823, -110.3601448171538 44.06497441907124, -111.9967652735417 42.789598228626424, -112.11970043804625 42.947354196273416, -110.48307998165835 44.22273038671823))"
40E,2019-06-06 15:55:00+00:00,2019-06-06 17:55:00+00:00,0.0,35000.0,"POLYGON ((-74.31958095363107 34.7161654317201, -75.10928185556631 33.36391611371047, -78.5209752779558 31.586746864214856, -77.87 33.351786265581644, -74.31958095363107 34.7161654317201))"
38E,2019-06-06 15:55:00+00:00,2019-06-06 17:55:00+00:00,0.0,45000.0,"POLYGON ((-87.03752297811 30.70217578748334, -84.35 29.568155221318033, -84.631942538442 29.01762300345135, -87.1206652058681 29.907024684205624, -87.03752297811 30.70217578748334))"
73C,2019-06-06 15:55:00+00:00,2019-06-06 17:55:00+00:00,0.0,45000.0,"POLYGON ((-96.84194445957378 37.15948780915211, -96.53150191425202 35.102357651227884, -97.16891923915504 35.04631128853407, -99.29932611460069 35.86802979939534, -96.84194445957378 37.15948780915211))"
NOVEMBER 3,2019-06-06 16:01:00+00:00,2019-06-06 20:00:00+00:00,0.0,45000.0,"POLYGON ((-155.1 22.2, -156.4 18.4, -159.3 21.4, -155.1 22.2))"
ECHO 9,2019-06-06 16:45:00+00:00,2019-06-06 20:45:00+00:00,0.0,47000.0,"POLYGON ((-59.55 26.15, -58.5 23.3, -63.1 19.45, -65.2 21.05, -59.55 26.15))"
74C,2019-06-06 16:55:00+00:00,2019-06-06 18:55:00+00:00,,,"POLYGON ((-89.97375824606155 30.13120817604061, -90.06572218423297 29.08605836202065, -90.7139595966191 28.84952679760458, -89.77931848821007 30.08437677026783, -90.00278012107425 29.15658429711361, -90.78251522815316 29.03741007356327, -90.13427781576702 29.27394163797934, -90.19721987892574 29.20341570288639, -89.97375824606155 30.13120817604061))"
43E,2019-06-06 16:55:00+00:00,2019-06-06 18:55:00+00:00,0.0,41000.0,"POLYGON ((-68.92633528085342 39.229970353135116, -68.8516258610788 39.04444811027206, -69.99264529011269 38.58496196899238, -70.06735470988731 38.77048421185544, -68.92633528085342 39.229970353135116))"
75C,2019-06-06 16:55:00+00:00,2019-06-06 18:55:00+00:00,0.0,36000.0,"POLYGON ((-101.45645319597546 35.44323502954932, -99.93235764680601 35.135388075236264, -99.97195528753939 34.939347194682355, -101.49605083670883 35.24719414899541, -101.45645319597546 35.44323502954932))"
15W,2019-06-06 16:55:00+00:00,2019-06-06 18:55:00+00:00,0.0,42000.0,"POLYGON ((-110.48665095752602 44.21981282652229, -110.35657384128612 44.06789197926718, -112.03970320945727 42.62676906278738, -112.16978032569718 42.778689910042495, -110.48665095752602 44.21981282652229))"
16W,2019-06-06 16:55:00+00:00,2019-06-06 18:55:00+00:00,0.0,35000.0,"POLYGON ((-111.52719385971244 41.57246944947664, -110.61396104580638 40.193840491025774, -110.78069710646719 40.083391018074046, -111.69392992037325 41.462019976524914, -111.52719385971244 41.57246944947664))"
42E,2019-06-06 16:55:00+00:00,2019-06-06 18:55:00+00:00,0.0,42000.0,"POLYGON ((-86.68 30.83, -83.98378509287298 29.630964751439436, -84.12244060010649 28.6545665186507, -88.1388533192434 30.268697876454265, -86.68 30.83))"
44E,2019-06-06 16:55:00+00:00,2019-06-06 18:55:00+00:00,0.0,44000.0,"POLYGON ((-78.7178250997781 33.641227356518534, -78.38501580971713 31.467382158990375, -80.38577810592649 31.90327002473607, -80.22317569045377 32.95353314540227, -78.7178250997781 33.641227356518534))"
76C,2019-06-06 16:55:00+00:00,2019-06-06 18:55:00+00:00,0.0,45000.0,"POLYGON ((-96.84194445957378 37.15948780915211, -96.53150191425202 35.102357651227884, -97.16891923915504 35.04631128853407, -99.56631148413335 35.72476941049912, -96.84194445957378 37.15948780915211))"
NOVEMBER 4,2019-06-06 17:53:00+00:00,2019-06-06 21:55:00+00:00,0.0,43000.0,"POLYGON ((-156.4 22.3, -154.1 22, -161.4 17.5, -156.4 22.3))"
50E,2019-06-06 17:55:00+00:00,2019-06-06 19:55:00+00:00,0.0,43000.0,"POLYGON ((-76.54012993918506 38.25213241116836, -76.17649357554869 38.25213241116836, -76.17649357554869 37.888496047532, -76.54012993918506 37.888496047532, -76.54012993918506 38.25213241116836))"
48E,2019-06-06 17:55:00+00:00,2019-06-06 19:55:00+00:00,0.0,45000.0,"POLYGON ((-82.39263713914073 28.325755895453334, -82.22129516584612 27.210543386473287, -82.41897560678662 27.180171635296038, -82.59031758008123 28.295384144276085, -82.39263713914073 28.325755895453334))"
46E,2019-06-06 17:55:00+00:00,2019-06-06 19:55:00+00:00,0.0,41000.0,"POLYGON ((-68.92633528085342 39.229970353135116, -68.8516258610788 39.04444811027206, -69.99264529011269 38.58496196899238, -70.06735470988731 38.77048421185544, -68.92633528085342 39.229970353135116))"
78C,2019-06-06 17:55:00+00:00,2019-06-06 19:55:00+00:00,0.0,45000.0,"POLYGON ((-99.87318941909066 36.728909689220075, -99.88681058090933 36.5293740684635, -101.81041351568042 36.66068749886761, -101.79679235386176 36.86022311962419, -99.87318941909066 36.728909689220075))"
18W,2019-06-06 17:55:00+00:00,2019-06-06 19:55:00+00:00,0.0,31000.0,"POLYGON ((-111.37439861150169 42.20087950149442, -111.3067617515377 40.85359449933219, -111.50651019942764 40.84356665980583, -111.57414705939162 42.19085166196806, -111.37439861150169 42.20087950149442))"
17W,2019-06-06 17:55:00+00:00,2019-06-06 19:55:00+00:00,0.0,37000.0,"POLYGON ((-110.50233909286095 43.89717135672573, -110.39098398175324 43.731038761398416, -112.04906421202337 42.61966318875128, -112.16041932313108 42.785795784078594, -110.50233909286095 43.89717135672573))"
77C,2019-06-06 17:55:00+00:00,2019-06-06 19:55:00+00:00,,,"POLYGON ((-89.97453564318536 30.12770563179032, -90.01777711514548 29.04680236851491, -90.44769424812934 28.74253443795763, -89.77854109108625 30.08787931451812, -89.97754911357687 29.10851464051134, -90.56323279709123 28.90578529922269, -90.13331566410737 29.21005322977997, -90.17354366567598 29.14834095778354, -89.97453564318536 30.12770563179032))"
49E,2019-06-06 17:55:00+00:00,2019-06-06 19:55:00+00:00,,,"POLYGON ((-87.68150081591486 37.9238222308386, -83.88823331061765 36.9689312088172, -83.91713450992178 36.97185580471574, -80.97279467705728 37.10417499938382, -83.9370567335012 36.77498205729047, -87.7303242387984 37.72987307931187, -80.96381570133256 36.90437665606001, -83.90815553419706 36.77205746139193, -87.68150081591486 37.9238222308386))"
47E,2019-06-06 17:55:00+00:00,2019-06-06 19:55:00+00:00,0.0,44000.0,"POLYGON ((-78.7178250997781 33.641227356518534, -78.38501580971713 31.467382158990375, -81.11 31.827262088527213, -81.41287774722005 32.77445916717388, -78.7178250997781 33.641227356518534))"
45E,2019-06-06 17:55:00+00:00,2019-06-06 19:55:00+00:00,0.0,45000.0,"POLYGON ((-86.60597457859386 30.676274080611357, -83.98378509287298 29.630964751439436, -83.98945761020958 28.77320915271947, -88.36 30.230893132790825, -86.60597457859386 30.676274080611357))"
79C,2019-06-06 17:55:00+00:00,2019-06-06 19:55:00+00:00,0.0,45000.0,"POLYGON ((-96.84194445957378 37.15948780915211, -96.51348810284863 35.609613851946925, -97.44437933926073 35.09249033409352, -99.29932611460069 35.86802979939534, -96.84194445957378 37.15948780915211))"
56E,2019-06-06 18:55:00+00:00,2019-06-06 20:55:00+00:00,,,"POLYGON ((-87.47242396218385 37.94073133936196, -84.08364342711155 37.01482625660336, -84.09456759352673 37.01716414113928, -79.96456759352674 36.37207780314141, -84.13635657288845 36.82189796872856, -87.52513710796075 37.74780305148715, -79.99543240647327 36.17447374619476, -84.12543240647327 36.81956008419264, -87.47242396218385 37.94073133936196))"
57E,2019-06-06 18:55:00+00:00,2019-06-06 20:55:00+00:00,0.0,43000.0,"POLYGON ((-77.5788453626331 38.530604572929576, -75.47985790554135 37.86706535946831, -75.54014209445866 37.67636712516453, -77.63912955155041 38.339906338625795, -77.5788453626331 38.530604572929576))"
54E,2019-06-06 18:55:00+00:00,2019-06-06 20:55:00+00:00,0.0,41000.0,"POLYGON ((-82.12889122490033 28.099652328072256, -81.80698992041812 26.82150092302235, -82.00093374449318 26.772656341919223, -82.32283504897539 28.05080774696913, -82.12889122490033 28.099652328072256))"
55E,2019-06-06 18:55:00+00:00,2019-06-06 20:55:00+00:00,0.0,43000.0,"POLYGON ((-81.14278668351551 30.20021145376387, -80.95021657953052 30.146204463001446, -81.40828355148959 28.51289730818734, -81.60085365547458 28.566904298949765, -81.14278668351551 30.20021145376387))"
52E,2019-06-06 18:55:00+00:00,2019-06-06 20:55:00+00:00,0.0,41000.0,"POLYGON ((-68.92633528085342 39.229970353135116, -68.8516258610788 39.04444811027206, -69.99264529011269 38.58496196899238, -70.06735470988731 38.77048421185544, -68.92633528085342 39.229970353135116))"
81C,2019-06-06 18:55:00+00:00,2019-06-06 20:55:00+00:00,0.0,39000.0,"POLYGON ((-99.87318941909066 36.728909689220075, -99.88681058090933 36.5293740684635, -101.81041351568042 36.66068749886761, -101.79679235386176 36.86022311962419, -99.87318941909066 36.728909689220075))"
83C,2019-06-06 18:55:00+00:00,2019-06-06 20:55:00+00:00,0.0,43000.0,"POLYGON ((-98.87900075165359 30.267833224580816, -98.42445529710812 30.267833224580816, -98.42445529710812 29.813287770035362, -98.87900075165359 29.813287770035362, -98.87900075165359 30.267833224580816))"
80C,2019-06-06 18:55:00+00:00,2019-06-06 20:55:00+00:00,0.0,43000.0,"POLYGON ((-89.22838631684287 29.926004605358585, -89.10479511378999 29.768762071265726, -90.73656554580486 28.48620533836723, -90.86015674885775 28.64344787246009, -89.22838631684287 29.926004605358585))"
19W,2019-06-06 18:55:00+00:00,2019-06-06 20:55:00+00:00,0.0,37000.0,"POLYGON ((-110.38717697575831 43.97180257562383, -110.22135512682524 43.85998524952263, -110.93807039447786 42.79711731138979, -111.10389224341093 42.908934637490994, -110.38717697575831 43.97180257562383))"
20W,2019-06-06 18:55:00+00:00,2019-06-06 20:55:00+00:00,0.0,36000.0,"POLYGON ((-110.66169307935291 39.72987198145471, -110.9602215248454 38.215257731662085, -112.3 37.69, -113.1982212413707 39.076671246785146, -110.66169307935291 39.72987198145471))"
84C,2019-06-06 18:55:00+00:00,2019-06-06 20:55:00+00:00,,,"POLYGON ((-91.36073463312503 36.33380963669569, -93.92387043430037 35.42353658104987, -95.63246058468191 36.04173014890768, -91.30651251839133 36.14129999466755, -93.86273638191943 35.42131598683792, -95.56441459465374 36.22979860251191, -93.8558244442722 35.6116050346541, -93.91695849665314 35.61382562886606, -91.36073463312503 36.33380963669569))"
51E,2019-06-06 18:55:00+00:00,2019-06-06 20:55:00+00:00,0.0,45000.0,"POLYGON ((-86.14407164843098 30.637896907909322, -83.98378509287298 29.630964751439436, -83.98945761020958 28.77320915271947, -88.1388533192434 30.268697876454265, -86.14407164843098 30.637896907909322))"
53E,2019-06-06 18:55:00+00:00,2019-06-06 20:55:00+00:00,0.0,42000.0,"POLYGON ((-77.87 32.85267939837247, -77.9792078756522 31.108432486859222, -81.11 31.827262088527213, -81.11 32.82547582294557, -77.87 32.85267939837247))"
82C,2019-06-06 18:55:00+00:00,2019-06-06 20:55:00+00:00,0.0,45000.0,"POLYGON ((-96.16838395018881 37.47440063553829, -95.6439980970518 36.31755201006242, -97.17 34.37636895573639, -98.92982575170316 36.017900142804685, -96.16838395018881 37.47440063553829))"
59E,2019-06-06 19:55:00+00:00,2019-06-06 21:55:00+00:00,0.0,41000.0,"POLYGON ((-68.92633528085342 39.229970353135116, -68.8516258610788 39.04444811027206, -69.99264529011269 38.58496196899238, -70.06735470988731 38.77048421185544, -68.92633528085342 39.229970353135116))"
62E,2019-06-06 19:55:00+00:00,2019-06-06 21:55:00+00:00,0.0,45000.0,"POLYGON ((-102.66935080943419 36.6327165806585, -100.96981246406786 35.891159813717195, -101.04979592198093 35.7078495672489, -102.74933426734727 36.44940633419021, -102.66935080943419 36.6327165806585))"
61E,2019-06-06 19:55:00+00:00,2019-06-06 21:55:00+00:00,0.0,41000.0,"POLYGON ((-82.10132732282197 27.95685969311463, -81.46320010481374 26.782000512337188, -81.63894905189322 26.686542104638068, -82.27707626990146 27.86140128541551, -82.10132732282197 27.95685969311463))"
85C,2019-06-06 19:55:00+00:00,2019-06-06 21:55:00+00:00,0.0,41000.0,"POLYGON ((-88.42651625420484 30.081815162454507, -88.29348374579516 29.932475443336553, -90.03348374579515 28.382475443336553, -90.16651625420484 28.531815162454507, -88.42651625420484 30.081815162454507))"
86C,2019-06-06 19:55:00+00:00,2019-06-06 21:55:00+00:00,0.0,44000.0,"POLYGON ((-100.37850317087013 36.504940412176076, -100.29 35.237425636525366, -101.57488124715596 34.36737918817117, -102.27019580697561 35.79950469048305, -100.37850317087013 36.504940412176076))"
91C,2019-06-06 19:55:00+00:00,2019-06-06 21:55:00+00:00,0.0,45000.0,"POLYGON ((-91.38968436184588 41.119090631949945, -90.60922059728253 40.3592114110296, -91.49746289146161 40.2504960032215, -92.59 40.85285469710448, -91.38968436184588 41.119090631949945))"
22W,2019-06-06 19:55:00+00:00,2019-06-06 21:55:00+00:00,0.0,41000.0,"POLYGON ((-109.91159848580084 40.54049390543559, -110.62951558852991 38.286412741865085, -113.8722175820059 37.83995121572427, -113.05732120161709 40.50656593055943, -109.91159848580084 40.54049390543559))"
24W,2019-06-06 19:55:00+00:00,2019-06-06 21:55:00+00:00,0.0,45000.0,"POLYGON ((-111.71664287428813 46.48270357714672, -111.59035312864141 46.327620050798856, -113.78367817036568 44.541521500146914, -113.90996791601239 44.69660502649478, -111.71664287428813 46.48270357714672))"
21W,2019-06-06 19:55:00+00:00,2019-06-06 21:55:00+00:00,0.0,37000.0,"POLYGON ((-110.07638067159317 43.87827000919655, -109.9024374439208 43.77955955611828, -110.6120358559112 42.52913638122979, -110.78597908358357 42.62784683430806, -110.07638067159317 43.87827000919655))"
58E,2019-06-06 19:55:00+00:00,2019-06-06 21:55:00+00:00,0.0,45000.0,"POLYGON ((-86.68 31.162737911472774, -84.05657576268013 29.784852534521278, -83.85617200763923 28.891721265929558, -87.39409634154572 30.57337477620931, -86.68 31.162737911472774))"
60E,2019-06-06 19:55:00+00:00,2019-06-06 21:55:00+00:00,0.0,38000.0,"POLYGON ((-77.87 33.019048354108854, -78.114134192269 31.228223940412413, -81.40881801168469 31.544829034357047, -81.33676963025454 32.620912569176504, -77.87 33.019048354108854))"
63E,2019-06-06 19:55:00+00:00,2019-06-06 21:55:00+00:00,0.0,44000.0,"POLYGON ((-86.42563198697198 38.09696981188454, -82.77806431958969 38.159403722977956, -77.75351057152548 35.86563383959051, -83.57314068241214 36.51440453849651, -87.43979810471049 37.314745089157235, -86.42563198697198 38.09696981188454))"
87C,2019-06-06 19:55:00+00:00,2019-06-06 21:55:00+00:00,0.0,45000.0,"POLYGON ((-98.80441462216994 37.05259677103931, -94.19910309177428 36.40367885366363, -94.27 34.55815522131803, -97.37117565697785 34.20983578713338, -98.80441462216994 37.05259677103931))"
90C,2019-06-06 19:55:00+00:00,2019-06-06 21:55:00+00:00,0.0,45000.0,"POLYGON ((-94.5376851957121 41.43658816881988, -94.46691840788536 41.18243746310314, -99.57909645998629 40.513947590780106, -99.86759622967789 41.04663469567416, -94.5376851957121 41.43658816881988))"
88C,2019-06-06 19:55:00+00:00,2019-06-06 21:55:00+00:00,0.0,43000.0,"POLYGON ((-97.45608347022815 30.533684072068866, -97.25792428445975 30.144436908809244, -98.81413744272626 29.766862839455147, -98.75481726216897 30.254493428529763, -97.45608347022815 30.533684072068866))"
89C,2019-06-06 19:55:00+00:00,2019-06-06 21:55:00+00:00,0.0,41000.0,"POLYGON ((-97.42223683647316 38.99349988175651, -96.52444204560375 36.78596614588535, -100.19717691731991 37.29216397920319, -100.73 37.58726208852721, -97.42223683647316 38.99349988175651))"
23W,2019-06-06 19:55:00+00:00,2019-06-06 21:55:00+00:00,0.0,40000.0,"POLYGON ((-114.14804428686593 41.86466928864445, -113.08051188094424 41.7277035974375, -113.94276897586836 37.89622763603094, -116.08118350322769 37.987923906144964, -116.50566313062605 39.80073094803798, -114.14804428686593 41.86466928864445))"
FOXTROT 1,2019-06-06 20:40:00+00:00,2019-06-07 00:40:00+00:00,0.0,50000.0,"POLYGON ((-88.45 28.15, -88 28.15, -87.45 27.3, -89.3 26.15, -90 27.15, -88.45 28.15))"
65E,2019-06-06 20:55:00+00:00,2019-06-06 22:55:00+00:00,0.0,45000.0,"POLYGON ((-67.9527628873931 39.71326993313842, -67.86034171228809 39.53590498059084, -72.4426995621134 37.148133940430014, -72.53512073721842 37.32549889297759, -67.9527628873931 39.71326993313842))"
95C,2019-06-06 20:55:00+00:00,2019-06-06 22:55:00+00:00,0.0,43000.0,"POLYGON ((-97.05401120569863 30.788045887132, -96.91210157886223 30.15724665295429, -99.22626206878458 29.3611732326868, -99.50080754022767 29.931779685033224, -97.05401120569863 30.788045887132))"
93C,2019-06-06 20:55:00+00:00,2019-06-06 22:55:00+00:00,0.0,44000.0,"POLYGON ((-101.64 36.01285469710447, -100.77449201936804 34.20307023616194, -101.70956229128718 34.10053675341801, -102.29633257356403 35.509528570036835, -101.64 36.01285469710447))"
96C,2019-06-06 20:55:00+00:00,2019-06-06 22:55:00+00:00,0.0,41000.0,"POLYGON ((-98.17752599751185 38.92867404192656, -91.6131724364772 36.32947421129509, -94.27 35.39, -100.69468706687066 36.50541651904672, -100.73 37.92, -98.17752599751185 38.92867404192656))"
25W,2019-06-06 20:55:00+00:00,2019-06-06 22:55:00+00:00,,,"POLYGON ((-109.3346942710015 47.23138252776195, -111.6470950023962 46.7070642579506, -111.6890710443601 46.68630313063028, -113.9637448129674 44.78720103305132, -111.6028692285016 46.51201533864208, -109.2904684971068 47.03633360845343, -113.8355669551449 44.63367436838344, -111.5608931865376 46.5327764659624, -109.3346942710015 47.23138252776195))"
68E,2019-06-06 20:55:00+00:00,2019-06-06 22:55:00+00:00,0.0,45000.0,"POLYGON ((-81.51 30.34, -79.73853118833149 27.677972767282867, -80.96142517153505 25.54374708596181, -82.55 27.4, -81.51 30.34))"
67E,2019-06-06 20:55:00+00:00,2019-06-06 22:55:00+00:00,0.0,44000.0,"POLYGON ((-77.41230822478333 33.42691662199826, -77.9792078756522 31.108432486859222, -82.36108508410653 31.232503948185368, -83.05696451031078 32.6886049528404, -77.41230822478333 33.42691662199826))"
64E,2019-06-06 20:55:00+00:00,2019-06-06 22:55:00+00:00,0.0,41000.0,"POLYGON ((-86.02098960612913 31.604828217834875, -83.99312383024663 30.526848210490197, -84.93326234313339 29.169065141989194, -87.08949744268179 30.47643402914033, -86.02098960612913 31.604828217834875))"
66E,2019-06-06 20:55:00+00:00,2019-06-06 22:55:00+00:00,0.0,45000.0,"POLYGON ((-86.18184944829446 38.569032170249805, -76.56061841057424 36.13206341330224, -77.1906390217054 35.43224824078843, -83.89 35.9, -88.3527945544061 37.45794645069503, -86.18184944829446 38.569032170249805))"
98C,2019-06-06 20:55:00+00:00,2019-06-06 22:55:00+00:00,0.0,45000.0,"POLYGON ((-91.3566996288134 41.05860636155787, -90.36433381314544 40.56919116641662, -91.44660550826191 40.1572908638282, -92.25386960411373 40.74433598278782, -91.3566996288134 41.05860636155787))"
97C,2019-06-06 20:55:00+00:00,2019-06-06 22:55:00+00:00,0.0,45000.0,"POLYGON ((-95.74 42.00184477868196, -95.3374162276969 39.47947554553436, -99.61814822423267 39.72896711488828, -99.9378988108869 40.79247686957094, -95.74 42.00184477868196))"
94C,2019-06-06 20:55:00+00:00,2019-06-06 22:55:00+00:00,0.0,45000.0,"POLYGON ((-94.27 35.39, -93.11814371823252 34.994743677922806, -94.3776293483607 34.124440010838626, -95.40598728118714 34.72209398183621, -94.27 35.39))"
92C,2019-06-06 20:55:00+00:00,2019-06-06 22:55:00+00:00,0.0,41000.0,"POLYGON ((-96.36965156737803 35.728036976477895, -94.27 35.39, -98.13418954798071 33.06692806077203, -99.43998739303457 32.83222496003222, -98.59 34.322737911472785, -96.36965156737803 35.728036976477895))"
27W,2019-06-06 20:55:00+00:00,2019-06-06 22:55:00+00:00,0.0,45000.0,"POLYGON ((-114.38539057035088 41.198881452975264, -114.76220893576343 36.84786958947697, -116.75 36.8, -117.77 38.166368955736395, -115.9034662347181 40.88388968210307, -114.38539057035088 41.198881452975264))"
26W,2019-06-06 20:55:00+00:00,2019-06-06 22:55:00+00:00,0.0,45000.0,"POLYGON ((-107.99846605979631 44.83615702994761, -108.3 43.12726208852721, -110.3545575211198 41.58228314565561, -114.43404321027639 40.067788483398424, -114.14125740169698 43.094294037582124, -107.99846605979631 44.83615702994761))"
28W,2019-06-06 20:55:00+00:00,2019-06-06 22:55:00+00:00,0.0,45000.0,"POLYGON ((-110.3545575211198 41.58228314565561, -107.91470419982755 40.04780275525947, -111.14059758866306 37.30231183329928, -114.71157582612034 37.63474007060306, -114.43404321027639 40.067788483398424, -110.3545575211198 41.58228314565561))"
GOLF 1,2019-06-06 21:20:00+00:00,2019-06-07 01:20:00+00:00,0.0,44000.0,"POLYGON ((-65.45 40.15, -64.45 38.45, -71.15 35.45, -72 37.3, -65.45 40.15))"
33W,2019-06-06 21:55:00+00:00,2019-06-06 23:55:00+00:00,,,"POLYGON ((-115.5181872521805 47.42103986316725, -115.9521508171299 45.01468952262915, -118.0040135670421 42.58930355131089, -115.3247202215391 47.37033968511231, -115.9317619355936 45.05392655996852, -118.1567028346109 42.71847780404457, -116.1048400846987 45.14386377536283, -116.125228966235 45.10462673802346, -115.5181872521805 47.42103986316725))"
73E,2019-06-06 21:55:00+00:00,2019-06-06 23:55:00+00:00,,,"POLYGON ((-86.7451889072737 30.92499416986713, -86.8197775360188 30.77027712379955, -86.65407508950109 30.79228002897346, -86.43089283539636 30.53432401132746, -86.63962057022322 30.68342398525332, -86.56503194147811 30.8381410313209, -86.5821407626362 30.40346506243341, -86.80532301674093 30.66142108007941, -86.7451889072737 30.92499416986713))"
74E,2019-06-06 21:55:00+00:00,2019-06-06 23:55:00+00:00,0.0,41000.0,"POLYGON ((-85.45780150584814 30.24660257485337, -85.09416514221176 30.24660257485337, -85.09416514221176 29.882966211217003, -85.45780150584814 29.882966211217003, -85.45780150584814 30.24660257485337))"
71E,2019-06-06 21:55:00+00:00,2019-06-06 23:55:00+00:00,0.0,45000.0,"POLYGON ((-82.0700319353768 33.030800169152954, -81.34442935394158 31.53540995188854, -81.52436548318799 31.448100219373693, -82.24996806462322 32.943490436638115, -82.0700319353768 33.030800169152954))"
01C,2019-06-06 21:55:00+00:00,2019-06-06 23:55:00+00:00,0.0,44000.0,"POLYGON ((-100.58733533582812 36.73270327959652, -100.38498880359768 35.930027266533486, -101.36707021683509 35.82395868683928, -101.176843692473 36.639121695225064, -100.58733533582812 36.73270327959652))"
29W,2019-06-06 21:55:00+00:00,2019-06-06 23:55:00+00:00,,,"POLYGON ((-109.1025104237534 47.29565123562247, -109.80375250064 47.16812320009227, -109.8409542247797 47.15319124357985, -112.7170668512205 45.25445964364548, -109.767967406546 46.97135067395946, -109.0667253296595 47.09887870948967, -112.6068783088471 45.08755103053751, -109.7307656824063 46.98628263047188, -109.1025104237534 47.29565123562247))"
72E,2019-06-06 21:55:00+00:00,2019-06-06 23:55:00+00:00,0.0,45000.0,"POLYGON ((-80.88998262805318 29.760934293773236, -79.69379427792553 27.032371714733443, -80.62107881325234 25.672269089729642, -82.40617553443916 27.70733594476572, -80.88998262805318 29.760934293773236))"
69E,2019-06-06 21:55:00+00:00,2019-06-06 23:55:00+00:00,0.0,45000.0,"POLYGON ((-86.18184944829446 38.569032170249805, -76.56061841057424 36.13206341330224, -77.1906390217054 35.43224824078843, -83.89 35.9, -88.3527945544061 37.45794645069503, -86.18184944829446 38.569032170249805))"
70E,2019-06-06 21:55:00+00:00,2019-06-06 23:55:00+00:00,0.0,44000.0,"POLYGON ((-77.18711036928703 32.96475210855679, -77.84462178688962 30.988500832891024, -79.87361724218674 31.095213549427644, -81.26092219321615 32.46732022602894, -77.18711036928703 32.96475210855679))"
04C,2019-06-06 21:55:00+00:00,2019-06-06 23:55:00+00:00,0.0,44000.0,"POLYGON ((-97.26056142846245 37.13474789334221, -91.3479472659147 36.877868866166466, -93.83969361365506 33.97090183154191, -96.86427277160114 33.59480051591332, -97.92 36.35, -97.26056142846245 37.13474789334221))"
02C,2019-06-06 21:55:00+00:00,2019-06-06 23:55:00+00:00,0.0,45000.0,"POLYGON ((-98.07143297509793 38.57620672639682, -97.13576946720363 37.39624276562826, -99.88 37.00547582294557, -100.0973235742931 37.918306496075374, -98.07143297509793 38.57620672639682))"
03C,2019-06-06 21:55:00+00:00,2019-06-06 23:55:00+00:00,0.0,43000.0,"POLYGON ((-96.84403185773873 30.966411962913288, -95.35 29.460893132790822, -98.99889536499866 29.16834839713986, -99.22565175848308 29.637801042878127, -96.84403185773873 30.966411962913288))"
06C,2019-06-06 21:55:00+00:00,2019-06-06 23:55:00+00:00,0.0,45000.0,"POLYGON ((-92.62986191494751 41.1171482204732, -90.21056902795137 40.687765571974516, -91.53047426992647 40.310846241647965, -94.06969475160663 40.67070790644474, -92.62986191494751 41.1171482204732))"
05C,2019-06-06 21:55:00+00:00,2019-06-06 23:55:00+00:00,0.0,45000.0,"POLYGON ((-98.76049423390158 41.5066047162436, -95.12565145928465 41.3593704722117, -95.33416630240934 39.09748809249021, -99.92510599834861 39.49488440372719, -98.76049423390158 41.5066047162436))"
99C,2019-06-06 21:55:00+00:00,2019-06-06 23:55:00+00:00,0.0,41000.0,"POLYGON ((-97.57234974601919 34.209343151837814, -97.17 33.544524177054434, -98.67674048876654 32.47446493334528, -99.31222333815627 32.66981417587036, -97.57234974601919 34.209343151837814))"
31W,2019-06-06 21:55:00+00:00,2019-06-06 23:55:00+00:00,0.0,45000.0,"POLYGON ((-114.01381129986466 41.19083772117487, -113.85236294809476 39.61408582659102, -114.39 38.25, -116.7130882799504 38.81877957772948, -116.58778229715875 39.95470233085184, -114.01381129986466 41.19083772117487))"
32W,2019-06-06 21:55:00+00:00,2019-06-06 23:55:00+00:00,0.0,45000.0,"POLYGON ((-110.04247803024795 41.26712439086235, -107.30000000000001 40.18726208852722, -111.14059758866306 37.30231183329928, -113.85236294809476 39.61408582659102, -113.92726049362831 40.42246923393448, -110.04247803024795 41.26712439086235))"
30W,2019-06-06 21:55:00+00:00,2019-06-06 23:55:00+00:00,0.0,45000.0,"POLYGON ((-111.88709348070189 44.77750952652983, -107.88114939250156 44.24883502918434, -111.98 40.85, -113.92726049362831 40.42246923393448, -113.86668254797111 42.287308245043384, -111.88709348070189 44.77750952652983))"
79E,2019-06-06 22:55:00+00:00,2019-06-07 00:55:00+00:00,,,"POLYGON ((-88.08586111189871 30.93099177082704, -88.0014358123006 30.71440039870928, -88.03206497733538 30.51710800444215, -88.2661958821343 30.84450841610441, -88.1904194621534 30.68649970644743, -88.2296975068054 30.54778997464107, -88.19906834177061 30.7450823689082, -88.01008469191781 30.77298306117006, -88.08586111189871 30.93099177082704))"
82E,2019-06-06 22:55:00+00:00,2019-06-07 00:55:00+00:00,0.0,45000.0,"POLYGON ((-81.03177006637311 26.80467050969443, -80.02815498299967 26.546420481979236, -80.21848021483014 25.933553183998985, -81.18400716465743 26.307462433703495, -81.03177006637311 26.80467050969443))"
77E,2019-06-06 22:55:00+00:00,2019-06-07 00:55:00+00:00,0.0,45000.0,"POLYGON ((-82.16000000000001 33.13171624231643, -80.55649611229603 32.888938456919085, -80.73400419422445 30.614333829394287, -81.20012647236825 30.45028451606194, -82.16000000000001 33.13171624231643))"
80E,2019-06-06 22:55:00+00:00,2019-06-07 00:55:00+00:00,0.0,41000.0,"POLYGON ((-86.15203647735422 30.39652023598833, -85.78840011371784 30.39652023598833, -85.78840011371784 30.032883872351963, -86.15203647735422 30.032883872351963, -86.15203647735422 30.39652023598833))"
75E,2019-06-06 22:55:00+00:00,2019-06-07 00:55:00+00:00,0.0,45000.0,"POLYGON ((-82.88299669884549 38.47027014585068, -79.24 37.25, -85.44183660321946 36.59386713357804, -87.48145129516334 37.39540612405392, -85.58 38.1, -82.88299669884549 38.47027014585068))"
13C,2019-06-06 22:55:00+00:00,2019-06-07 00:55:00+00:00,0.0,42000.0,"POLYGON ((-88.06215019077088 37.492581068672884, -88.01494721890249 37.29823117943496, -90.92639851406581 36.591108813064615, -90.9736014859342 36.78545870230254, -88.06215019077088 37.492581068672884))"
07C,2019-06-06 22:55:00+00:00,2019-06-07 00:55:00+00:00,0.0,44000.0,"POLYGON ((-100.05478684392618 37.696768908801516, -99.71430318687248 36.2845607004947, -100.55983705803853 34.903969006029456, -101.31354603882075 36.37167235230667, -100.05478684392618 37.696768908801516))"
12C,2019-06-06 22:55:00+00:00,2019-06-07 00:55:00+00:00,0.0,45000.0,"POLYGON ((-92.76294757787058 41.1599602571118, -91.28000000000002 40.42828375768357, -92.2118334127843 40.12938499253421, -94.08742952505877 40.63776899444193, -92.76294757787058 41.1599602571118))"
11C,2019-06-06 22:55:00+00:00,2019-06-07 00:55:00+00:00,0.0,45000.0,"POLYGON ((-99.06444660293339 41.59909444717231, -95.5128006326117 39.976605476585654, -95.48716720377186 39.287612313698084, -100.08654612667473 39.52704443655499, -99.06444660293339 41.59909444717231))"
38W,2019-06-06 22:55:00+00:00,2019-06-07 00:55:00+00:00,0.0,45000.0,"POLYGON ((-107.51965233025454 40.920491128945784, -106.59486989845834 40.73916043143415, -107.04 38.88371281826269, -108.4303319763201 39.72728093306214, -107.51965233025454 40.920491128945784))"
35W,2019-06-06 22:55:00+00:00,2019-06-07 00:55:00+00:00,0.0,45000.0,"POLYGON ((-111.93395551437915 45.24834410244265, -110.10760069331037 44.67686011416142, -111.44894795778579 41.01475875404588, -113.36959249865032 39.02020872545009, -116.5594185970216 39.901605792573015, -111.93395551437915 45.24834410244265))"
36W,2019-06-06 22:55:00+00:00,2019-06-07 00:55:00+00:00,0.0,32000.0,"POLYGON ((-116.04622827100006 45.24021453344715, -115.90292464539762 45.100700839175964, -118.02525322087187 42.920718571672154, -118.16855684647432 43.06023226594334, -116.04622827100006 45.24021453344715))"
81E,2019-06-06 22:55:00+00:00,2019-06-07 00:55:00+00:00,0.0,45000.0,"POLYGON ((-80.15614644654264 29.29661144503285, -80.1424575669761 27.80689957398064, -81.00979633679128 27.488030491583192, -81.878064790012 29.009501507138317, -80.15614644654264 29.29661144503285))"
78E,2019-06-06 22:55:00+00:00,2019-06-07 00:55:00+00:00,0.0,44000.0,"POLYGON ((-79.06831981707582 32.062751988236165, -77.50317978545469 31.973007508938025, -77.9792078756522 31.108432486859222, -79.33304734361987 30.618227905494372, -79.06831981707582 32.062751988236165))"
76E,2019-06-06 22:55:00+00:00,2019-06-07 00:55:00+00:00,0.0,45000.0,"POLYGON ((-76.2 36.89, -75.2230209418496 36.5745276605357, -77.0475473889814 35.551013427818205, -82.85567137627949 35.8495946608274, -82.54360401121748 36.43928664427268, -76.2 36.89))"
10C,2019-06-06 22:55:00+00:00,2019-06-07 00:55:00+00:00,0.0,44000.0,"POLYGON ((-96.84194445957378 37.15948780915211, -93.62508697046131 37.12435176671056, -91.7964333710089 33.91087326855821, -97.3453371503311 33.48444916676013, -96.78361180392527 35.39725360267512, -96.84194445957378 37.15948780915211))"
08C,2019-06-06 22:55:00+00:00,2019-06-07 00:55:00+00:00,0.0,45000.0,"POLYGON ((-98.36991920499663 38.33938834342322, -97.7403759433381 37.44248140356762, -98.95340114071055 37.16905401575381, -99.04302108646914 37.907958617797775, -98.36991920499663 38.33938834342322))"
09C,2019-06-06 22:55:00+00:00,2019-06-07 00:55:00+00:00,0.0,43000.0,"POLYGON ((-96.17056413645045 30.66330160295102, -95.20347920398022 29.652509198242285, -98.23353070735729 27.191886878900338, -99.42 27.48, -98.73133774285797 29.875005050472808, -96.17056413645045 30.66330160295102))"
34W,2019-06-06 22:55:00+00:00,2019-06-07 00:55:00+00:00,0.0,45000.0,"POLYGON ((-109.30687276351068 48.41173623730575, -106.8199736528973 47.91243308834465, -110.011775178015 44.837420542850964, -113.20717650820842 45.43911979764691, -109.30687276351068 48.41173623730575))"
39W,2019-06-06 22:55:00+00:00,2019-06-07 00:55:00+00:00,0.0,45000.0,"POLYGON ((-105.41923039030883 39.21931203506277, -104.75724720315895 38.904366804050824, -104.57645495198484 36.72492214860059, -105.25299734920316 36.616721668163926, -106.25217508031604 38.70203324081964, -105.41923039030883 39.21931203506277))"
37W,2019-06-06 22:55:00+00:00,2019-06-07 00:55:00+00:00,0.0,45000.0,"POLYGON ((-108.6097886483065 41.4619368461065, -109.9180378586052 38.1627311523047, -111.14059758866306 37.30231183329928, -113.49860578150634 38.97747685149421, -111.36864778131088 41.039388777418665, -108.6097886483065 41.4619368461065))"
87E,2019-06-06 23:55:00+00:00,2019-06-07 01:55:00+00:00,,,"POLYGON ((-86.7641812408672 30.9896032020787, -86.76625575355257 30.73111102618082, -86.81556185795513 30.5977666711269, -86.96414687867193 30.98589595278172, -86.96003192140047 30.76393891957263, -87.00314855584621 30.6671297072075, -86.95384245144365 30.80047406226142, -86.76006628359575 30.76764616886961, -86.7641812408672 30.9896032020787))"
84E,2019-06-06 23:55:00+00:00,2019-06-07 01:55:00+00:00,0.0,45000.0,"POLYGON ((-74.75402061364473 36.881239510706514, -74.92502291576102 36.253444960442884, -77.05941790346698 35.54118074633543, -80.95 35.91285469710447, -80.71 36.511716242316425, -74.75402061364473 36.881239510706514))"
85E,2019-06-06 23:55:00+00:00,2019-06-07 01:55:00+00:00,0.0,45000.0,"POLYGON ((-81.89560698608594 33.17545341682686, -80.51807764304102 33.055065566286196, -80.42238148341836 30.72277461805062, -80.88955320922992 30.559835199318783, -81.89560698608594 33.17545341682686))"
89E,2019-06-06 23:55:00+00:00,2019-06-07 01:55:00+00:00,0.0,45000.0,"POLYGON ((-80.1940263266214 28.96492648435812, -79.91008345194146 28.189927036944724, -80.49 27.969141878841786, -81.10681145724729 28.74425496922861, -80.1940263266214 28.96492648435812))"
88E,2019-06-06 23:55:00+00:00,2019-06-07 01:55:00+00:00,0.0,41000.0,"POLYGON ((-85.61151828565573 30.190103203770782, -85.24788192201936 30.190103203770782, -85.24788192201936 29.826466840134415, -85.61151828565573 29.826466840134415, -85.61151828565573 30.190103203770782))"
90E,2019-06-06 23:55:00+00:00,2019-06-07 01:55:00+00:00,0.0,45000.0,"POLYGON ((-80.67674216005365 27.27917651678932, -80.09 26.390858121158214, -80.28 25.8, -80.737185858328 26.678533547964037, -80.67674216005365 27.27917651678932))"
17C,2019-06-06 23:55:00+00:00,2019-06-07 01:55:00+00:00,0.0,42000.0,"POLYGON ((-89.15225492799445 33.709644115412665, -88.38756738168891 33.387712694737466, -87.76218892200119 31.23976606688423, -88.36 31.163712818262688, -89.80062211785767 33.293102425343456, -89.15225492799445 33.709644115412665))"
15C,2019-06-06 23:55:00+00:00,2019-06-07 01:55:00+00:00,0.0,45000.0,"POLYGON ((-98.06691630945694 39.94562194793665, -97.5623896473411 39.59002143116721, -97.6776103526589 39.42654608419995, -98.18213701477474 39.78214660096939, -98.06691630945694 39.94562194793665))"
14C,2019-06-06 23:55:00+00:00,2019-06-07 01:55:00+00:00,0.0,44000.0,"POLYGON ((-92.8107795825823 40.73436160073762, -92.17022778900056 40.089288044745196, -92.31214567034078 39.94836496304493, -92.95269746392252 40.593438519037356, -92.8107795825823 40.73436160073762))"
19C,2019-06-06 23:55:00+00:00,2019-06-07 01:55:00+00:00,0.0,45000.0,"POLYGON ((-99.42 27.48, -98.93113132864907 27.479146203080386, -98.8465095885563 26.967690910823094, -99.42 26.901716242316425, -99.42 27.48))"
43W,2019-06-06 23:55:00+00:00,2019-06-07 01:55:00+00:00,0.0,45000.0,"POLYGON ((-109.56329261320057 41.179808193597914, -110.02017644221063 38.19673395283798, -111.79250721323083 37.8548883990045, -112.51 39.3, -111.0934441591525 41.123238744998105, -109.56329261320057 41.179808193597914))"
42W,2019-06-06 23:55:00+00:00,2019-06-07 01:55:00+00:00,0.0,32000.0,"POLYGON ((-115.28905546690558 45.418901891988185, -115.1515254829441 45.273693409069466, -117.49803774373315 43.05126268666905, -117.63556772769464 43.19647116958777, -115.28905546690558 45.418901891988185))"
86E,2019-06-06 23:55:00+00:00,2019-06-07 01:55:00+00:00,0.0,44000.0,"POLYGON ((-78.22272011451275 32.24017317440624, -77.50317978545469 31.973007508938025, -77.84462178688962 30.988500832891024, -79.33304734361987 30.618227905494372, -78.22272011451275 32.24017317440624))"
83E,2019-06-06 23:55:00+00:00,2019-06-07 01:55:00+00:00,0.0,45000.0,"POLYGON ((-84.45574777563111 38.55862991208368, -81.12 37.78, -80.71 37.09, -85.06863633778889 36.707804421097194, -87.36056811077363 37.160797470678816, -84.45574777563111 38.55862991208368))"
16C,2019-06-06 23:55:00+00:00,2019-06-07 01:55:00+00:00,0.0,44000.0,"POLYGON ((-93.74862057514157 37.3592623839089, -91.57307442111752 34.67849588350597, -94.62181367548587 33.31777623852337, -97.30031661391811 36.34840023440963, -96.69572237042755 37.040839353198294, -93.74862057514157 37.3592623839089))"
18C,2019-06-06 23:55:00+00:00,2019-06-07 01:55:00+00:00,0.0,45000.0,"POLYGON ((-95.70436877194646 29.832192574955673, -95.05785123087625 29.34485827928602, -98.23353070735729 27.191886878900338, -99.03424247622289 29.638763074626933, -95.70436877194646 29.832192574955673))"
41W,2019-06-06 23:55:00+00:00,2019-06-07 01:55:00+00:00,0.0,45000.0,"POLYGON ((-108.89177063438541 45.34856142355471, -111.16408551949165 41.101798344470176, -112.51 39.3, -115.84763705190524 39.61408582659102, -111.36851148258401 45.24390896590892, -108.89177063438541 45.34856142355471))"
40W,2019-06-06 23:55:00+00:00,2019-06-07 01:55:00+00:00,0.0,45000.0,"POLYGON ((-110.06113418681633 49.00075009508705, -106.09662853996005 48.57169463376777, -109.27925929367679 45.61709994685089, -112.43435628273714 46.608977962898614, -110.06113418681633 49.00075009508705))"
44W,2019-06-06 23:55:00+00:00,2019-06-07 01:55:00+00:00,0.0,45000.0,"POLYGON ((-107.30000000000001 41.01910686720919, -106.20578159864904 40.5148392422274, -106.72439019776732 39.74729258680718, -107.60842557923091 40.28430798516854, -107.30000000000001 41.01910686720919))"
45W,2019-06-06 23:55:00+00:00,2019-06-07 01:55:00+00:00,0.0,45000.0,"POLYGON ((-105.26841418125247 39.337843197327956, -104.7517491038606 37.674739440249375, -105.14 35.327262088527206, -105.71577386778335 35.18806442553024, -106.09681622294819 39.18263480164592, -105.26841418125247 39.337843197327956))"
GOLF 2,2019-06-07 00:45:00+00:00,2019-06-07 04:45:00+00:00,0.0,43000.0,"POLYGON ((-65 40.15, -64.3 38.15, -72.15 35.45, -72.3 37.45, -65 40.15))"
2C,2019-06-07 00:55:00+00:00,2019-06-07 02:55:00+00:00,,,"POLYGON ((-92.46695273931181 34.87015164718728, -92.93702254756224 33.49866078322138, -92.82619772588646 33.56491260664523, -94.29100479920204 33.80579846788019, -94.33302857609624 33.80373915238182, -96.87748765839666 33.12435413913008, -92.7478267727684 33.43381512954932, -92.27775696451798 34.80530599351521, -94.32345866775977 33.60844916736043, -92.85865159444418 33.36756330612547, -96.82589397316599 32.93112346960705, -94.28143489086557 33.61050848285879, -92.46695273931181 34.87015164718728))"
5E,2019-06-07 00:55:00+00:00,2019-06-07 02:55:00+00:00,0.0,41000.0,"POLYGON ((-85.45780150584814 30.24660257485337, -85.09416514221176 30.24660257485337, -85.09416514221176 29.882966211217003, -85.45780150584814 29.882966211217003, -85.45780150584814 30.24660257485337))"
3E,2019-06-07 00:55:00+00:00,2019-06-07 02:55:00+00:00,0.0,45000.0,"POLYGON ((-80.04 32.31171624231643, -80.1100593821678 30.830469380720775, -80.67245023142877 30.33733124562165, -81.11 32.16, -80.04 32.31171624231643))"
1E,2019-06-07 00:55:00+00:00,2019-06-07 02:55:00+00:00,0.0,44000.0,"POLYGON ((-84.96239938701075 38.81525149182382, -80.1945992982071 37.49779574135585, -80.71 37.09, -85.6504331407302 38.233545128717, -84.96239938701075 38.81525149182382))"
1C,2019-06-07 00:55:00+00:00,2019-06-07 02:55:00+00:00,0.0,42000.0,"POLYGON ((-94.29300329782069 37.1565440344166, -92.45086352050397 35.21396555510366, -94.96895618059155 34.5706807639092, -97.23326291062332 37.08165947111907, -94.29300329782069 37.1565440344166))"
4W,2019-06-07 00:55:00+00:00,2019-06-07 02:55:00+00:00,0.0,45000.0,"POLYGON ((-110.20222825691908 40.00641140838015, -109.14966802367992 39.72728093306214, -109.47589438366137 38.836688501779705, -110.7 38.99828375768358, -110.20222825691908 40.00641140838015))"
3W,2019-06-07 00:55:00+00:00,2019-06-07 02:55:00+00:00,0.0,32000.0,"POLYGON ((-114.87802142613998 45.60177366605284, -114.74121909948471 45.45587944607926, -116.67597905598622 43.64169062066309, -116.81278138264149 43.787584840636676, -114.87802142613998 45.60177366605284))"
5W,2019-06-07 00:55:00+00:00,2019-06-07 02:55:00+00:00,0.0,45000.0,"POLYGON ((-106.7587858946117 40.927650104771075, -105.19550168744745 40.21768144475214, -105.41278749402396 39.80756776796427, -106.59950973951354 40.296581673889, -106.7587858946117 40.927650104771075))"
4E,2019-06-07 00:55:00+00:00,2019-06-07 02:55:00+00:00,0.0,44000.0,"POLYGON ((-76.81696033297256 32.19359480289175, -77.57646203349829 30.748220972592204, -79.33304734361987 30.618227905494372, -79.29457135854977 31.35073339322147, -76.81696033297256 32.19359480289175))"
2E,2019-06-07 00:55:00+00:00,2019-06-07 02:55:00+00:00,0.0,40000.0,"POLYGON ((-74.03382857363717 37.16427249103546, -74.52955404813159 36.248662422860875, -76.72525009349638 35.18282238171873, -79.35040300175942 36.059652943244885, -77.32 36.83452417705443, -74.03382857363717 37.16427249103546))"
4C,2019-06-07 00:55:00+00:00,2019-06-07 02:55:00+00:00,0.0,45000.0,"POLYGON ((-94.38987756723854 29.956519387931614, -94.84104837561198 28.883088123032397, -97.86862355413474 26.97710893728381, -98.10921892872766 28.486585306557085, -96.11810440074689 29.957772380150647, -94.38987756723854 29.956519387931614))"
5C,2019-06-07 00:55:00+00:00,2019-06-07 02:55:00+00:00,0.0,45000.0,"POLYGON ((-98.66989995401352 27.477989937579256, -98.76049535191774 26.89024511094774, -99.42 26.81452417705443, -99.42 27.48, -98.66989995401352 27.477989937579256))"
3C,2019-06-07 00:55:00+00:00,2019-06-07 02:55:00+00:00,0.0,42000.0,"POLYGON ((-89.1254674100661 34.31115342722445, -87.61805150855713 32.37448623374021, -88.50047376584563 31.764826035284266, -89.68175148453419 33.4585633463776, -89.1254674100661 34.31115342722445))"
1W,2019-06-07 00:55:00+00:00,2019-06-07 02:55:00+00:00,0.0,45000.0,"POLYGON ((-104.83437493373955 48.96674080204988, -109.57467145555276 45.80602467555299, -112.88596079428616 47.44052823139402, -111.59863540257214 48.78915578496535, -104.83437493373955 48.96674080204988))"
6W,2019-06-07 00:55:00+00:00,2019-06-07 02:55:00+00:00,0.0,45000.0,"POLYGON ((-105.97787044480188 38.44520556956948, -105.01594584871165 38.09754111549727, -104.55068947707954 37.10439544674255, -105.14 34.99452417705442, -106.06673828390387 35.29234126996838, -105.97787044480188 38.44520556956948))"
2W,2019-06-07 00:55:00+00:00,2019-06-07 02:55:00+00:00,0.0,45000.0,"POLYGON ((-110.76922368594674 45.780377334315084, -108.62000000000002 45.47726208852722, -110.24575139494159 41.20146835285963, -112.05162163252628 39.65202544875053, -116.15239268681923 39.97924457731128, -110.76922368594674 45.780377334315084))"
7C,2019-06-07 01:55:00+00:00,2019-06-07 03:55:00+00:00,,,"POLYGON ((-92.27138148493924 34.88806993492455, -92.9081544163391 33.45529946384557, -92.7851207770373 33.50954489208556, -95.74834784563745 34.49830698282731, -95.86391325703043 34.45784114589535, -96.85807899315499 32.92411157814414, -92.72539144646063 33.3740732559986, -92.08861851506077 34.80684372707758, -95.81165215436258 34.30858991850037, -92.84842508576243 33.31982782775862, -96.69025247909416 32.81532618768112, -95.6960867429696 34.34905575543232, -92.27138148493924 34.88806993492455))"
7E,2019-06-07 01:55:00+00:00,2019-06-07 03:55:00+00:00,0.0,45000.0,"POLYGON ((-72.86597049247547 37.55045114356834, -73.31215828902072 36.22576308802721, -75.67552115067289 35.8500303706391, -76.3378671352982 36.62278798941983, -72.86597049247547 37.55045114356834))"
8E,2019-06-07 01:55:00+00:00,2019-06-07 03:55:00+00:00,0.0,45000.0,"POLYGON ((-80.04 32.456287181737316, -79.19971799904016 31.15082114184281, -80.00247177828565 30.33135375666221, -80.91463321468795 30.849787208132707, -80.04 32.456287181737316))"
10W,2019-06-07 01:55:00+00:00,2019-06-07 03:55:00+00:00,0.0,36000.0,"POLYGON ((-114.49000000000001 42.04628718173731, -113.76 40.73, -117.03616258765906 37.99772003196793, -117.37918007417524 38.306035853173874, -114.49000000000001 42.04628718173731))"
9W,2019-06-07 01:55:00+00:00,2019-06-07 03:55:00+00:00,0.0,32000.0,"POLYGON ((-114.69801886045248 45.50767221738104, -114.3343824968161 45.50767221738104, -114.3343824968161 45.14403585374468, -114.69801886045248 45.14403585374468, -114.69801886045248 45.50767221738104))"
11W,2019-06-07 01:55:00+00:00,2019-06-07 03:55:00+00:00,0.0,39000.0,"POLYGON ((-105.89804872061764 41.39518777368761, -104.80460589308655 40.07704269883898, -105.18036525747414 39.64286166074122, -106.72946774100548 40.51859702114021, -105.89804872061764 41.39518777368761))"
6E,2019-06-07 01:55:00+00:00,2019-06-07 03:55:00+00:00,0.0,37000.0,"POLYGON ((-84.7 39.02, -80.11640167611648 37.559087124364744, -80.71 37.09, -85.58 38.43273791147279, -84.7 39.02))"
6C,2019-06-07 01:55:00+00:00,2019-06-07 03:55:00+00:00,0.0,40000.0,"POLYGON ((-94.78248948440915 37.15926770793179, -92.18 35.17910686720918, -94.27 34.55815522131803, -96.96190315725353 36.664515092459496, -94.78248948440915 37.15926770793179))"
9C,2019-06-07 01:55:00+00:00,2019-06-07 03:55:00+00:00,0.0,45000.0,"POLYGON ((-94.38987756723854 29.956519387931614, -94.05438700072355 29.313136185217296, -97.38 26.91821373441836, -98.4823813577667 27.47685931344447, -95.35 29.96, -94.38987756723854 29.956519387931614))"
8C,2019-06-07 01:55:00+00:00,2019-06-07 03:55:00+00:00,0.0,42000.0,"POLYGON ((-89.26687801589598 34.429706570272785, -87.23159293349036 32.53506400034328, -88.24568083542877 31.908223781997542, -89.72606717433878 33.64976888747607, -89.26687801589598 34.429706570272785))"
12W,2019-06-07 01:55:00+00:00,2019-06-07 03:55:00+00:00,0.0,38000.0,"POLYGON ((-110.04652909387984 40.293674944632244, -108.79000000000002 39.891844778681964, -109.18518381905326 38.931999292759656, -110.54177368155754 39.37074212179964, -110.04652909387984 40.293674944632244))"
8W,2019-06-07 01:55:00+00:00,2019-06-07 03:55:00+00:00,0.0,44000.0,"POLYGON ((-110.15116776145871 45.35405099166034, -109.07049917149523 45.040582184668736, -111.00128602595329 38.65489615582304, -112.51 40.131844778681966, -113.06230454654118 43.83215654377983, -110.15116776145871 45.35405099166034))"
7W,2019-06-07 01:55:00+00:00,2019-06-07 03:55:00+00:00,0.0,42000.0,"POLYGON ((-108.36665487702608 48.91351919821275, -105.55581208747374 48.920891508920796, -107.9679723792587 46.88410476042725, -108.89181826273175 47.94842893825933, -108.36665487702608 48.91351919821275))"
15W,2019-06-07 02:55:00+00:00,2019-06-07 04:55:00+00:00,,,"POLYGON ((-112.38297869625 49.2320627942834, -111.6300114963406 47.48321873339739, -112.0949694052764 46.71582900168249, -112.5648065712811 49.14876439176752, -111.8064514792363 47.4933893696693, -112.2660214960369 46.81946867674219, -111.801063587101 47.58685840845709, -111.6246236042053 47.57668777218518, -112.38297869625 49.2320627942834))"
10E,2019-06-07 02:55:00+00:00,2019-06-07 04:55:00+00:00,0.0,45000.0,"POLYGON ((-79.67603697114576 32.58279123593534, -78.48059817118452 31.551344910482587, -79.72483519862459 29.790776511913705, -80.7948036450197 30.951417053493902, -79.67603697114576 32.58279123593534))"
13C,2019-06-07 02:55:00+00:00,2019-06-07 04:55:00+00:00,0.0,45000.0,"POLYGON ((-93.8800718347491 29.861128297009255, -94.79445604851396 28.198301738072974, -97.68932953639226 26.58750164639214, -98.76817772434235 27.478482149021616, -96.31 28.61542906057911, -93.8800718347491 29.861128297009255))"
14W,2019-06-07 02:55:00+00:00,2019-06-07 04:55:00+00:00,0.0,38000.0,"POLYGON ((-109.93086645454311 47.68173646752115, -109.8055545862036 47.52586172404658, -111.0455756860459 46.528975651691965, -111.1708875543854 46.684850395166535, -109.93086645454311 47.68173646752115))"
17W,2019-06-07 02:55:00+00:00,2019-06-07 04:55:00+00:00,0.0,36000.0,"POLYGON ((-114.49000000000001 42.04628718173731, -113.37844443331173 40.7293718067061, -117.03616258765906 37.99772003196793, -117.37918007417524 38.306035853173874, -114.49000000000001 42.04628718173731))"
9E,2019-06-07 02:55:00+00:00,2019-06-07 04:55:00+00:00,0.0,45000.0,"POLYGON ((-72.58141744893663 37.314117035316904, -72.67399383088501 36.208824888541756, -74.66500063800791 35.74109072870559, -75.60674257895154 36.44963352035374, -72.58141744893663 37.314117035316904))"
12C,2019-06-07 02:55:00+00:00,2019-06-07 04:55:00+00:00,0.0,45000.0,"POLYGON ((-90.19144825131552 35.852939785534595, -86.32 32.55273791147278, -87.40551463045553 31.833358741004904, -91.45959251106294 35.2660886208464, -90.19144825131552 35.852939785534595))"
11C,2019-06-07 02:55:00+00:00,2019-06-07 04:55:00+00:00,0.0,45000.0,"POLYGON ((-91.8725873585287 34.064793788121676, -93.62733377439761 32.706200814372764, -96.31009169360146 32.61321286290881, -95.78000000000002 34.01815522131803, -91.8725873585287 34.064793788121676))"
10C,2019-06-07 02:55:00+00:00,2019-06-07 04:55:00+00:00,0.0,35000.0,"POLYGON ((-93.96148035609225 36.557305335330014, -91.57307442111752 34.67849588350597, -92.60734789973283 34.32633149005137, -94.64648838287835 35.26208240077201, -93.96148035609225 36.557305335330014))"
16W,2019-06-07 02:55:00+00:00,2019-06-07 04:55:00+00:00,0.0,42000.0,"POLYGON ((-110.89602956056595 45.23806238880657, -108.93727428512626 43.64923395685309, -109.653789210172 42.05882953727866, -112.65 42.87, -112.28087900594022 44.78856766169522, -110.89602956056595 45.23806238880657))"
13W,2019-06-07 02:55:00+00:00,2019-06-07 04:55:00+00:00,0.0,42000.0,"POLYGON ((-107.88613908915497 49.036724003553964, -106.14491244475408 48.98751545986747, -106.252298723062 47.6045565619278, -107.285186242453 47.14217634920036, -107.88613908915497 49.036724003553964))"
18W,2019-06-07 02:55:00+00:00,2019-06-07 04:55:00+00:00,0.0,37000.0,"POLYGON ((-110.5370801888344 41.81067678627725, -110.13 40.14, -112.11202577285425 39.42665645939684, -113.34469522899337 39.96072675467206, -110.5370801888344 41.81067678627725))"
11E,2019-06-07 03:55:00+00:00,2019-06-07 05:55:00+00:00,,,"POLYGON ((-74.40913500109966 38.02401924988015, -75.8345724501322 36.18778903635245, -76.47929542582345 36.81832334428886, -74.2561597415511 37.89518381234043, -75.6881652054116 36.19486430637001, -76.3394561959308 36.9613093218637, -75.69473322023954 36.33077501392729, -75.84114046496015 36.32369974390973, -74.40913500109966 38.02401924988015))"
21W,2019-06-07 03:55:00+00:00,2019-06-07 05:55:00+00:00,,,"POLYGON ((-112.1560654992999 49.2646114002758, -111.4228220988574 47.54775409503238, -112.1115417920712 46.5528244806563, -112.3378691778308 49.18126020068859, -111.5959461635482 47.56299515049972, -112.2759862429221 46.66665779117818, -111.5872665497082 47.66158740555426, -111.4141424850173 47.64634635008693, -112.1560654992999 49.2646114002758))"
12E,2019-06-07 03:55:00+00:00,2019-06-07 05:55:00+00:00,0.0,45000.0,"POLYGON ((-79.31456405163082 32.274540537780005, -78.2447075771561 31.343728522137184, -79.41519412349672 29.897873042671513, -80.67471900662852 31.052936123936856, -79.31456405163082 32.274540537780005))"
14C,2019-06-07 03:55:00+00:00,2019-06-07 05:55:00+00:00,0.0,35000.0,"POLYGON ((-91.68519083955472 34.270090433322096, -92.28302653340697 32.724220643578406, -94.05259511181075 32.56531196841518, -93.74920707290565 33.6202365459665, -91.68519083955472 34.270090433322096))"
20W,2019-06-07 03:55:00+00:00,2019-06-07 05:55:00+00:00,0.0,38000.0,"POLYGON ((-109.61367024796097 48.17730770513049, -109.42890028308845 48.10075667586892, -109.87213007038646 47.030940201557705, -110.05690003525898 47.10749123081927, -109.61367024796097 48.17730770513049))"
24W,2019-06-07 03:55:00+00:00,2019-06-07 05:55:00+00:00,0.0,37000.0,"POLYGON ((-109.98645407450434 41.58595319010004, -109.98468750548336 40.407041642690466, -112.51 39.3, -112.38356850826591 40.54261373001781, -109.98645407450434 41.58595319010004))"
15C,2019-06-07 03:55:00+00:00,2019-06-07 05:55:00+00:00,0.0,45000.0,"POLYGON ((-95.31963905796361 33.92690057630494, -94.07000000000001 33.177262088527215, -95.44230764160324 31.82990200716841, -96.48818392904685 31.657616916745877, -95.31963905796361 33.92690057630494))"
16C,2019-06-07 03:55:00+00:00,2019-06-07 05:55:00+00:00,0.0,45000.0,"POLYGON ((-90.14276251395493 36.01719017602668, -86.00392407002113 33.04748552331121, -87.04469471153226 31.963265228540692, -91.6726760212763 35.51962101892945, -90.14276251395493 36.01719017602668))"
17C,2019-06-07 03:55:00+00:00,2019-06-07 05:55:00+00:00,0.0,45000.0,"POLYGON ((-94.91310007556963 29.03705019452595, -93.97750880328364 28.292691090479412, -97.38 26.91821373441836, -98.30704593054054 27.57895533621855, -94.91310007556963 29.03705019452595))"
23W,2019-06-07 03:55:00+00:00,2019-06-07 05:55:00+00:00,0.0,36000.0,"POLYGON ((-114.03884222764437 42.479115300558234, -112.94557178359281 40.98181048942194, -113.59273950637171 40.42246923393448, -114.49000000000001 42.14726208852722, -114.03884222764437 42.479115300558234))"
22W,2019-06-07 03:55:00+00:00,2019-06-07 05:55:00+00:00,0.0,40000.0,"POLYGON ((-110.65982910830269 45.23440868370886, -108.12367678108879 43.76727472235757, -108.7544610735689 42.57201039381854, -112.63707702212717 43.96187015945807, -110.65982910830269 45.23440868370886))"
19W,2019-06-07 03:55:00+00:00,2019-06-07 05:55:00+00:00,0.0,42000.0,"POLYGON ((-107.11508755524589 48.98751545986747, -105.37386091084502 49.036724003553964, -105.71183009107301 47.96166472173875, -106.63 47.72089313279082, -107.11508755524589 48.98751545986747))"
GOLF 3,2019-06-07 04:15:00+00:00,2019-06-07 08:15:00+00:00,0.0,45000.0,"POLYGON ((-65.3 39.15, -63 37.45, -72.45 35, -72.45 37.15, -65.3 39.15))"
13E,2019-06-07 04:55:00+00:00,2019-06-07 06:55:00+00:00,0.0,43000.0,"POLYGON ((-72.40322290395979 37.22396014676531, -72.32462005577914 37.04005366983236, -75.15105951849635 35.832014694343805, -75.229662366677 36.01592117127675, -72.40322290395979 37.22396014676531))"
14E,2019-06-07 04:55:00+00:00,2019-06-07 06:55:00+00:00,0.0,45000.0,"POLYGON ((-78.95554325297286 31.96526723143688, -78.00985696963181 31.13568258182553, -79.41519412349672 29.897873042671513, -80.42238148341836 30.72277461805062, -78.95554325297286 31.96526723143688))"
20C,2019-06-07 04:55:00+00:00,2019-06-07 06:55:00+00:00,0.0,44000.0,"POLYGON ((-94.28742797351156 32.93506973795141, -94.84967167332451 31.427067309356406, -96.2509408925276 31.655951148463558, -95.2366182987782 32.82797393465297, -94.28742797351156 32.93506973795141))"
22C,2019-06-07 04:55:00+00:00,2019-06-07 06:55:00+00:00,0.0,42000.0,"POLYGON ((-106.20931465177499 48.88707073618649, -104.00009759012434 48.81707262039214, -104.44671795475459 48.1467419212498, -106.0266511062695 48.38440008313745, -106.20931465177499 48.88707073618649))"
27W,2019-06-07 04:55:00+00:00,2019-06-07 06:55:00+00:00,0.0,37000.0,"POLYGON ((-112.87794618254162 43.2704732130545, -112.45 42.2, -113.13444039982888 41.68682054366364, -113.93190925094756 42.88755995456703, -112.87794618254162 43.2704732130545))"
26W,2019-06-07 04:55:00+00:00,2019-06-07 06:55:00+00:00,0.0,37000.0,"POLYGON ((-110.14071475396283 45.35725857248806, -109.16646534291294 44.873719836624396, -112.05663652963365 43.82276486365683, -111.97733776985487 44.490463359126664, -110.14071475396283 45.35725857248806))"
15E,2019-06-07 04:55:00+00:00,2019-06-07 06:55:00+00:00,0.0,45000.0,"POLYGON ((-86.9 34.16910686720918, -85.01151544038649 33.049842841447195, -86.04260906201154 31.98441576179149, -88.8791465565081 33.61678623961933, -86.9 34.16910686720918))"
21C,2019-06-07 04:55:00+00:00,2019-06-07 06:55:00+00:00,0.0,40000.0,"POLYGON ((-96.68700914862069 27.897953807176233, -95.71101042993071 27.25255799744366, -96.98642330065888 26.272389764600202, -97.97015492100442 27.428424099833215, -96.68700914862069 27.897953807176233))"
18C,2019-06-07 04:55:00+00:00,2019-06-07 06:55:00+00:00,0.0,45000.0,"POLYGON ((-90.12629585690362 36.107180886248464, -88.93019887534665 35.25084275645092, -89.5701194691635 34.04618363965997, -92.79345155051917 35.79699467114139, -90.12629585690362 36.107180886248464))"
19C,2019-06-07 04:55:00+00:00,2019-06-07 06:55:00+00:00,0.0,40000.0,"POLYGON ((-95.31963905796361 33.92690057630494, -91.39029749032743 33.8370566438334, -92.04 32.6863689557364, -93.81 32.43726208852721, -95.31963905796361 33.92690057630494))"
28W,2019-06-07 04:55:00+00:00,2019-06-07 06:55:00+00:00,0.0,37000.0,"POLYGON ((-110.13215834311701 41.58464093410364, -110.43883973168589 40.374871783378744, -112.09404321027638 40.067788483398424, -111.57282136441704 40.97661820850097, -110.13215834311701 41.58464093410364))"
25W,2019-06-07 04:55:00+00:00,2019-06-07 06:55:00+00:00,0.0,38000.0,"POLYGON ((-110.06113418681633 49.00075009508705, -111.23127134787165 45.62444598889886, -112.27647347192692 45.710789976794196, -112.187397296359 48.73046008001395, -110.06113418681633 49.00075009508705))"
17E,2019-06-07 05:55:00+00:00,2019-06-07 07:55:00+00:00,0.0,45000.0,"POLYGON ((-78.48059817118452 31.551344910482587, -77.77603544266513 30.927212465323862, -79.41519412349672 29.897873042671513, -80.1100593821678 30.830469380720775, -78.48059817118452 31.551344910482587))"
16E,2019-06-07 05:55:00+00:00,2019-06-07 07:55:00+00:00,0.0,45000.0,"POLYGON ((-73.16814724285975 36.31498364188098, -73.09791839896671 36.127719364760516, -74.5001938952577 35.601830559707274, -74.57042273915073 35.789094836827736, -73.16814724285975 36.31498364188098))"
23C,2019-06-07 05:55:00+00:00,2019-06-07 07:55:00+00:00,0.0,45000.0,"POLYGON ((-90.67419270826653 36.64394928571898, -88.49720782802952 35.74056185687759, -89.1265334842041 33.9996111914881, -93.29481744226602 35.97053807292037, -90.67419270826653 36.64394928571898))"
18E,2019-06-07 05:55:00+00:00,2019-06-07 07:55:00+00:00,0.0,45000.0,"POLYGON ((-87.92116445146783 35.06216346737892, -84.83962012960005 33.629357355313466, -85.21 32.21815522131804, -88.69416683839931 33.426197125317834, -87.92116445146783 35.06216346737892))"
24C,2019-06-07 05:55:00+00:00,2019-06-07 07:55:00+00:00,0.0,45000.0,"POLYGON ((-94.30030638634494 33.97090183154191, -91.0776578338752 33.45744597813521, -91.74001902142996 31.90482411935296, -94.93221288579696 32.48353553466704, -94.30030638634494 33.97090183154191))"
30W,2019-06-07 05:55:00+00:00,2019-06-07 07:55:00+00:00,0.0,36000.0,"POLYGON ((-112.21 43.75726208852722, -111.51506303156836 42.864394884284025, -112.67457821150117 42.19978098397753, -112.97225674124081 43.10483041608296, -112.21 43.75726208852722))"
29W,2019-06-07 05:55:00+00:00,2019-06-07 07:55:00+00:00,0.0,33000.0,"POLYGON ((-111.59863540257214 48.78915578496535, -109.47886581318367 49.00075009508705, -109.99026024149283 46.94178292001531, -111.89282349179157 45.43911979764691, -111.59863540257214 48.78915578496535))"
21E,2019-06-07 06:55:00+00:00,2019-06-07 08:55:00+00:00,0.0,45000.0,"POLYGON ((-85.5511387055686 34.157941806596696, -83.65000000000002 33.26828375768358, -84.94756588680032 32.51546039157564, -85.68714789065889 32.88311670880168, -85.5511387055686 34.157941806596696))"
20E,2019-06-07 06:55:00+00:00,2019-06-07 08:55:00+00:00,0.0,45000.0,"POLYGON ((-79.68005182460985 30.92521942200582, -78.63818694509118 30.162433797852838, -79.28657631115435 29.287616655852396, -79.83499177045343 30.329325843648846, -79.68005182460985 30.92521942200582))"
31W,2019-06-07 06:55:00+00:00,2019-06-07 08:55:00+00:00,0.0,36000.0,"POLYGON ((-111.41835145419083 44.91244079687733, -110.42161239940607 44.14385240289474, -110.89533344266884 42.577318448996316, -112.21 43.94542906057911, -111.41835145419083 44.91244079687733))"
19E,2019-06-07 06:55:00+00:00,2019-06-07 08:55:00+00:00,0.0,45000.0,"POLYGON ((-72.67399383088501 36.208824888541756, -72.61449218536606 34.997111206835285, -73.90021744915809 34.35593367745108, -73.49845074724051 36.230067480330845, -72.67399383088501 36.208824888541756))"
26C,2019-06-07 06:55:00+00:00,2019-06-07 08:55:00+00:00,0.0,45000.0,"POLYGON ((-94.78248948440915 37.15926770793179, -92.18 35.17910686720918, -94.27 34.55815522131803, -96.96190315725353 36.664515092459496, -94.78248948440915 37.15926770793179))"
25C,2019-06-07 06:55:00+00:00,2019-06-07 08:55:00+00:00,0.0,45000.0,"POLYGON ((-90.62806684086054 36.900803767097244, -88.37365338896903 35.697943967210314, -89.07732553456908 33.959271652571935, -93.08854246998952 36.24557256233406, -90.62806684086054 36.900803767097244))"
GOLF 4,2019-06-07 07:45:00+00:00,2019-06-07 11:45:00+00:00,0.0,45000.0,"POLYGON ((-65.15 39.15, -63 38.15, -72.45 35, -72.45 37.15, -65.15 39.15))"
28C,2019-06-07 07:55:00+00:00,2019-06-07 09:55:00+00:00,0.0,45000.0,"POLYGON ((-92.24868206836561 33.66794334765291, -89.95939297929326 33.57023732920021, -89.79022421157056 31.465119947977836, -92.5 31.549141878841795, -94.23621194618045 32.41895745308091, -92.24868206836561 33.66794334765291))"
32W,2019-06-07 07:55:00+00:00,2019-06-07 09:55:00+00:00,0.0,35000.0,"POLYGON ((-110.14071475396283 45.35725857248806, -109.87414401580334 44.220190953110226, -110.66899780709305 42.98755520300933, -111.83738280852575 44.200045020747346, -110.14071475396283 45.35725857248806))"
33W,2019-06-07 07:55:00+00:00,2019-06-07 09:55:00+00:00,0.0,38000.0,"POLYGON ((-111.9076851100792 42.364699542859334, -110.55511803637734 41.77773518935348, -111.90700700581677 40.716410838268104, -112.45 41.621716242316424, -111.9076851100792 42.364699542859334))"
22E,2019-06-07 07:55:00+00:00,2019-06-07 09:55:00+00:00,0.0,43000.0,"POLYGON ((-72.67399383088501 36.208824888541756, -72.61449218536606 34.997111206835285, -74.28936930317946 35.60841081246331, -72.67399383088501 36.208824888541756))"
23E,2019-06-07 07:55:00+00:00,2019-06-07 09:55:00+00:00,0.0,45000.0,"POLYGON ((-86.18835234089318 34.2561674816533, -83.3 33.86815522131804, -83.65000000000002 32.35726208852721, -85.5912341250672 32.47257695195589, -86.18835234089318 34.2561674816533))"
27C,2019-06-07 07:55:00+00:00,2019-06-07 09:55:00+00:00,0.0,45000.0,"POLYGON ((-90.62806684086054 36.900803767097244, -88.37365338896903 35.697943967210314, -88.51 34.15547582294558, -93.08854246998952 36.24557256233406, -90.62806684086054 36.900803767097244))"
25E,2019-06-07 08:55:00+00:00,2019-06-07 10:55:00+00:00,0.0,45000.0,"POLYGON ((-84.93345077959829 34.03792968524566, -83.3 33.977145302895536, -83.33298533373221 32.578951457179585, -85.95626656046213 32.52616078529113, -84.93345077959829 34.03792968524566))"
30C,2019-06-07 08:55:00+00:00,2019-06-07 10:55:00+00:00,0.0,45000.0,"POLYGON ((-89.80062211785767 33.293102425343456, -89.12516467039455 31.711751551147827, -92.65634194000658 31.315230290109554, -91.97448453590168 32.386416884205694, -89.80062211785767 33.293102425343456))"
24E,2019-06-07 08:55:00+00:00,2019-06-07 10:55:00+00:00,0.0,43000.0,"POLYGON ((-72.67399383088501 36.208824888541756, -72.61449218536606 34.997111206835285, -73.35575740293993 35.27164877728828, -72.67399383088501 36.208824888541756))"
29C,2019-06-07 08:55:00+00:00,2019-06-07 10:55:00+00:00,0.0,45000.0,"POLYGON ((-90.62806684086054 36.900803767097244, -87.80212753000067 35.32442246262075, -89.1254674100661 34.31115342722445, -92.79345155051917 35.79699467114139, -90.62806684086054 36.900803767097244))"
32C,2019-06-07 09:55:00+00:00,2019-06-07 11:55:00+00:00,0.0,45000.0,"POLYGON ((-89.14898088897363 33.26705972576573, -88.8 31.80171624231642, -92.4351871552815 31.393549873177847, -91.97448453590168 32.386416884205694, -89.14898088897363 33.26705972576573))"
26E,2019-06-07 09:55:00+00:00,2019-06-07 11:55:00+00:00,0.0,43000.0,"POLYGON ((-72.67399383088501 36.208824888541756, -72.61449218536606 34.997111206835285, -73.54185486530858 35.33957493982048, -73.49845074724051 36.230067480330845, -72.67399383088501 36.208824888541756))"
27E,2019-06-07 09:55:00+00:00,2019-06-07 11:55:00+00:00,0.0,45000.0,"POLYGON ((-84.44 34.29547582294557, -82.73086966870014 34.228112336584026, -83.25464071894844 32.68937997417095, -85.62937217695975 32.69637597703662, -84.44 34.29547582294557))"
31C,2019-06-07 09:55:00+00:00,2019-06-07 11:55:00+00:00,0.0,45000.0,"POLYGON ((-90.08260542035002 36.27225553280849, -87.80212753000067 35.32442246262075, -89.1254674100661 34.31115342722445, -91.45959251106294 35.2660886208464, -90.08260542035002 36.27225553280849))"
31E,2019-06-07 10:55:00+00:00,2019-06-07 12:55:00+00:00,0.0,44000.0,"POLYGON ((-82.43419771144458 29.81987826050759, -81.66913658714788 28.539603215466183, -82.91180458677532 28.114260155857515, -83.05 29.6, -82.43419771144458 29.81987826050759))"
34C,2019-06-07 10:55:00+00:00,2019-06-07 12:55:00+00:00,0.0,45000.0,"POLYGON ((-88.82989996856398 33.37893910074856, -89.0605100940495 31.84546736801354, -92.34384123867214 31.204580694487383, -91.72358385523806 32.408954054406585, -88.82989996856398 33.37893910074856))"
29E,2019-06-07 10:55:00+00:00,2019-06-07 12:55:00+00:00,0.0,42000.0,"POLYGON ((-82.87255019177569 34.346330933610005, -82.91738508349383 32.942538733280855, -85.21 32.38452417705443, -85.67060163409563 33.97138494458704, -82.87255019177569 34.346330933610005))"
30E,2019-06-07 10:55:00+00:00,2019-06-07 12:55:00+00:00,0.0,44000.0,"POLYGON ((-83.87578563734498 32.2286829735026, -83.45732168839922 29.952299972303155, -88.35044641608883 28.531968360228927, -88.00190169907019 30.85684178724237, -83.87578563734498 32.2286829735026))"
28E,2019-06-07 10:55:00+00:00,2019-06-07 12:55:00+00:00,0.0,43000.0,"POLYGON ((-72.43731817834639 37.19360502431225, -72.61449218536606 34.997111206835285, -74.10202207210175 35.54163455364396, -73.70437737629756 36.86390153510433, -72.43731817834639 37.19360502431225))"
33C,2019-06-07 10:55:00+00:00,2019-06-07 12:55:00+00:00,0.0,42000.0,"POLYGON ((-89.17476801651884 35.90227178704809, -87.88089904251443 35.47790203253922, -88.97301098284674 34.411370652766195, -89.82392860793561 35.32730996982709, -89.17476801651884 35.90227178704809))"
GOLF 5,2019-06-07 11:15:00+00:00,2019-06-07 15:15:00+00:00,0.0,45000.0,"POLYGON ((-64.15 39, -62.3 37.3, -68.45 35.45, -70 37.15, -64.15 39))"
HOTEL 1,2019-06-07 11:15:00+00:00,2019-06-07 15:15:00+00:00,0.0,45000.0,"POLYGON ((-73.3 36.45, -71 36.15, -71 34.45, -74 35, -73.3 36.45))"
36E,2019-06-07 11:55:00+00:00,2019-06-07 13:55:00+00:00,0.0,44000.0,"POLYGON ((-84.79954065477028 31.658987756075906, -84.66855417654253 29.73178278237163, -88.27609795018772 28.50374976485027, -87.97698703780144 29.92804070217627, -84.79954065477028 31.658987756075906))"
34E,2019-06-07 11:55:00+00:00,2019-06-07 13:55:00+00:00,0.0,42000.0,"POLYGON ((-83.09908957585318 34.299136502125464, -83.01361089516038 32.909693915062824, -84.72440609063393 32.64015007667887, -83.09908957585318 34.299136502125464))"
37E,2019-06-07 11:55:00+00:00,2019-06-07 13:55:00+00:00,0.0,44000.0,"POLYGON ((-87.33969610335807 35.916889649808404, -85.63991322336713 35.124991739217634, -86.25969627923963 33.44704850904481, -87.11830496540793 34.40275374160239, -87.33969610335807 35.916889649808404))"
33E,2019-06-07 11:55:00+00:00,2019-06-07 13:55:00+00:00,0.0,45000.0,"POLYGON ((-79.77062935979376 30.405860019636286, -78.55018009297278 29.37950733618529, -78.67890491429212 29.22643898421041, -79.8993541811131 30.252791667661405, -79.77062935979376 30.405860019636286))"
35C,2019-06-07 11:55:00+00:00,2019-06-07 13:55:00+00:00,0.0,43000.0,"POLYGON ((-89.0665585512661 36.224187830021364, -87.50403594287373 35.86054946507462, -88.84375509000223 34.627422723260075, -89.60410806970957 35.32610250058317, -89.0665585512661 36.224187830021364))"
35E,2019-06-07 11:55:00+00:00,2019-06-07 13:55:00+00:00,,,"POLYGON ((-84.48174292346798 31.77357150791151, -83.9518498900046 30.33297081428961, -84.09268094202069 30.17536259323916, -83.47615891239849 32.5145425741975, -83.92858903557409 30.37887663252981, -84.34071496748817 31.6317578427302, -83.50347382880092 32.46436030244593, -84.24181702194436 30.30862335139774, -84.10098596992826 30.46623157244819, -84.12424682435876 30.42032575420799, -83.67181670118316 32.55599169587567, -83.64450178478073 32.60617396762724, -84.48174292346798 31.77357150791151))"
32E,2019-06-07 11:55:00+00:00,2019-06-07 13:55:00+00:00,0.0,43000.0,"POLYGON ((-73.70463030094238 36.2344941975834, -72.67399383088501 36.208824888541756, -72.61449218536606 34.997111206835285, -74.74260663020704 35.07494773982172, -73.70463030094238 36.2344941975834))"
36C,2019-06-07 11:55:00+00:00,2019-06-07 13:55:00+00:00,0.0,45000.0,"POLYGON ((-89.36012309909401 32.84932537218363, -89.09952623415437 31.764826035284266, -91.91613269755433 31.258680358981128, -90.83047457671236 32.682559925262055, -89.36012309909401 32.84932537218363))"
ALFA 1,2019-06-07 12:25:00+00:00,2019-06-07 16:25:00+00:00,0.0,53000.0,"POLYGON ((-119.45 7.15, -119.45 4, -125.3 4, -125.45 7, -119.45 7.15))"
INDIA 1,2019-06-07 12:50:00+00:00,2019-06-07 16:50:00+00:00,0.0,45000.0,"POLYGON ((-59.45 27, -58.3 23, -60.15 21.3, -61.3 25, -59.45 27))"
42E,2019-06-07 12:55:00+00:00,2019-06-07 14:55:00+00:00,0.0,44000.0,"POLYGON ((-86.30206125346417 36.662787873560376, -85.52561336793285 35.26610379084663, -85.70012464209128 33.45795104976013, -87.50403594287373 35.86054946507462, -86.30206125346417 36.662787873560376))"
41E,2019-06-07 12:55:00+00:00,2019-06-07 14:55:00+00:00,0.0,45000.0,"POLYGON ((-84.76830314484403 31.25019924335483, -84.60518610357757 29.865487412010616, -88.12517537346132 28.446296890053762, -88.2411998001192 30.627718806690343, -84.76830314484403 31.25019924335483))"
38C,2019-06-07 12:55:00+00:00,2019-06-07 14:55:00+00:00,0.0,44000.0,"POLYGON ((-89.06360930232994 32.91399056122857, -89.63326529222525 31.51977834549802, -91.82351181248184 31.258228469130618, -90.46458804611821 32.73615654371511, -89.06360930232994 32.91399056122857))"
39E,2019-06-07 12:55:00+00:00,2019-06-07 14:55:00+00:00,0.0,40000.0,"POLYGON ((-79.73796961131684 30.976178166474565, -78.62090868383004 30.168248924699977, -78.21648200970473 28.48908274740241, -79.92639534039448 27.678859671358637, -79.73796961131684 30.976178166474565))"
40E,2019-06-07 12:55:00+00:00,2019-06-07 14:55:00+00:00,0.0,42000.0,"POLYGON ((-82.90128283252918 33.96245436956755, -82.66658085380098 30.334910875458505, -83.62401461043007 29.598765082791605, -83.73994109802422 31.188257217783516, -84.8306234293112 31.467860282199958, -82.90128283252918 33.96245436956755))"
38E,2019-06-07 12:55:00+00:00,2019-06-07 14:55:00+00:00,0.0,42000.0,"POLYGON ((-72.418413134897 37.29047722444652, -72.61449218536606 34.997111206835285, -76.81696033297256 32.19359480289175, -76.18 34.596310442636074, -72.418413134897 37.29047722444652))"
37C,2019-06-07 12:55:00+00:00,2019-06-07 14:55:00+00:00,0.0,43000.0,"POLYGON ((-88.55739457964997 36.27225553280849, -87.7100097957465 36.13559036143849, -88.05223069254924 34.89970959924097, -89.16742330401641 35.01729199628249, -88.55739457964997 36.27225553280849))"
47E,2019-06-07 13:55:00+00:00,2019-06-07 15:55:00+00:00,,,"POLYGON ((-82.29610410012522 33.7823603922301, -83.53173967649604 32.60435957177152, -83.53461067557589 32.60150942900236, -84.45453680785427 31.65055500262948, -83.39373463287669 32.45960250653594, -82.15809905650586 33.63760332699452, -84.31078976607522 31.51149822293222, -83.39086363379684 32.46245264930511, -82.29610410012522 33.7823603922301))"
44E,2019-06-07 13:55:00+00:00,2019-06-07 15:55:00+00:00,0.0,43000.0,"POLYGON ((-79.7174551077208 30.964444740028352, -78.24894546662576 29.26951133538124, -79.41794339793215 28.61699225679675, -79.7174551077208 30.964444740028352))"
45E,2019-06-07 13:55:00+00:00,2019-06-07 15:55:00+00:00,0.0,34000.0,"POLYGON ((-82.51 32.03910686720918, -82.21313656360111 30.924837411008745, -83.05 29.6, -83.59373561537444 30.069454276375353, -82.51 32.03910686720918))"
46E,2019-06-07 13:55:00+00:00,2019-06-07 15:55:00+00:00,0.0,43000.0,"POLYGON ((-84.29 31.160893132790832, -83.94229171860809 30.046444963365285, -85.0768766276345 28.86093881581106, -86.68 28.66720357542689, -88.36 30.73, -84.29 31.160893132790832))"
43E,2019-06-07 13:55:00+00:00,2019-06-07 15:55:00+00:00,0.0,40000.0,"POLYGON ((-72.418413134897 37.29047722444652, -72.79933985502997 35.06616814957474, -75.02669109969132 35.313314744045755, -72.418413134897 37.29047722444652))"
39C,2019-06-07 13:55:00+00:00,2019-06-07 15:55:00+00:00,0.0,43000.0,"POLYGON ((-86.44 36.59726208852722, -85.96198138875228 34.957298025751605, -88.06571114589123 35.179210967045584, -88.75126917173131 35.82765630093168, -86.44 36.59726208852722))"
40C,2019-06-07 13:55:00+00:00,2019-06-07 15:55:00+00:00,0.0,42000.0,"POLYGON ((-88.73781309887326 33.028676706281004, -88.8 31.714524177054425, -89.54240207820213 31.043338094458317, -91.3 31.31184477868196, -90.1 32.92910686720917, -88.73781309887326 33.028676706281004))"
52E,2019-06-07 14:55:00+00:00,2019-06-07 16:55:00+00:00,0.0,41000.0,"POLYGON ((-85.71658963695627 36.927806541108936, -85.63991322336713 35.124991739217634, -86.99009592218168 35.117889110988436, -87.34342796559739 36.3594722009928, -85.71658963695627 36.927806541108936))"
48E,2019-06-07 14:55:00+00:00,2019-06-07 16:55:00+00:00,0.0,38000.0,"POLYGON ((-73.34567052423724 36.59203451910819, -73.07523495022957 35.16850185561221, -74.69871802208637 35.75292175784732, -73.34567052423724 36.59203451910819))"
34W,2019-06-07 14:55:00+00:00,2019-06-07 16:55:00+00:00,0.0,29000.0,"POLYGON ((-109.7857968646444 43.689761323292814, -109.67760508016266 43.52155152045523, -112.0359386639809 42.004682024550185, -112.14413044846263 42.172891827387765, -109.7857968646444 43.689761323292814))"
51E,2019-06-07 14:55:00+00:00,2019-06-07 16:55:00+00:00,0.0,36000.0,"POLYGON ((-82.16000000000001 32.711786265581644, -82.32953047646785 31.603539941970286, -84.29 31.4936310442636, -83.65000000000002 32.02452417705443, -82.16000000000001 32.711786265581644))"
49E,2019-06-07 14:55:00+00:00,2019-06-07 16:55:00+00:00,0.0,43000.0,"POLYGON ((-79.7174551077208 30.964444740028352, -78.05829211406056 29.265312143249012, -79.55067052263696 27.676832485442556, -79.7174551077208 30.964444740028352))"
50E,2019-06-07 14:55:00+00:00,2019-06-07 16:55:00+00:00,0.0,45000.0,"POLYGON ((-84.35 30.732737911472785, -82.40337774164091 30.655297148386005, -82.78003344855044 29.364445634601253, -86.68 28.833572531163288, -87.45497568008889 30.827693507021543, -84.35 30.732737911472785))"
42C,2019-06-07 14:55:00+00:00,2019-06-07 16:55:00+00:00,0.0,42000.0,"POLYGON ((-88.28218690112675 33.028676706281004, -88.36 31.561844778681962, -89.54240207820213 31.043338094458317, -91.23350878115083 31.296328646015013, -89.36012309909401 32.84932537218363, -88.28218690112675 33.028676706281004))"
41C,2019-06-07 14:55:00+00:00,2019-06-07 16:55:00+00:00,0.0,43000.0,"POLYGON ((-87.45497568008889 30.827693507021543, -88.87302320796245 28.728742840558308, -90.1 28.348155221318038, -91.66650633665593 29.710963116014522, -90.26 30.800893132790822, -87.45497568008889 30.827693507021543))"
45C,2019-06-07 15:55:00+00:00,2019-06-07 17:55:00+00:00,,,"POLYGON ((-91.44454757711694 30.31987423932473, -93.08984066437728 29.76295835120125, -93.23758153301019 29.73255047887829, -91.40266214444367 30.12430938939057, -93.08905728366337 29.76312285669781, -93.27790020425563 29.92844433980558, -93.13015933562272 29.95885221212854, -93.13094271633663 29.95868770663198, -91.44454757711694 30.31987423932473))"
58E,2019-06-07 15:55:00+00:00,2019-06-07 17:55:00+00:00,0.0,39000.0,"POLYGON ((-80.35772530310436 32.778948388977945, -80.04 32.456287181737316, -80.79483475337032 32.0489595223025, -81.044551736031 32.29354929173296, -80.35772530310436 32.778948388977945))"
56E,2019-06-07 15:55:00+00:00,2019-06-07 17:55:00+00:00,0.0,40000.0,"POLYGON ((-82.18307555883923 32.20741522283966, -82.14897349028068 31.84617438546095, -83.82008339601205 31.493164173231474, -83.66082853647713 31.879756724646285, -82.18307555883923 32.20741522283966))"
54E,2019-06-07 15:55:00+00:00,2019-06-07 17:55:00+00:00,0.0,38000.0,"POLYGON ((-79.83499177045343 30.329325843648846, -78.94948754776438 30.057157658432068, -78.73346875864586 29.20230229199169, -79.67373961519705 27.67760811963143, -79.83499177045343 30.329325843648846))"
44C,2019-06-07 15:55:00+00:00,2019-06-07 17:55:00+00:00,0.0,45000.0,"POLYGON ((-88.41291921771314 29.658282684377035, -88.30708078228686 29.488582284888658, -89.79492043108648 28.560649168237752, -89.90075886651276 28.73034956772613, -88.41291921771314 29.658282684377035))"
35W,2019-06-07 15:55:00+00:00,2019-06-07 17:55:00+00:00,0.0,29000.0,"POLYGON ((-110.78919194070238 43.11231595792316, -110.67080805929763 42.95111652670968, -111.80535541805153 42.11791185001994, -111.92373929945629 42.27911128123341, -110.78919194070238 43.11231595792316))"
57E,2019-06-07 15:55:00+00:00,2019-06-07 17:55:00+00:00,0.0,45000.0,"POLYGON ((-86.52170541165039 36.44730575573324, -84.98603941801056 36.320924300493395, -85.15 35.45910686720919, -86.44486784829792 35.67865509373724, -86.52170541165039 36.44730575573324))"
53E,2019-06-07 15:55:00+00:00,2019-06-07 17:55:00+00:00,0.0,37000.0,"POLYGON ((-73.49845074724051 36.230067480330845, -73.16997242600482 35.20343812840979, -73.91498722514666 35.4745690241172, -74.47702885257405 35.67489660334179, -73.49845074724051 36.230067480330845))"
55E,2019-06-07 15:55:00+00:00,2019-06-07 17:55:00+00:00,0.0,45000.0,"POLYGON ((-83.63531823723685 30.65272130238764, -82.34468533569468 29.34346912376784, -85.15524892107487 28.819394536320978, -86.68 28.66720357542689, -87.06749249477605 30.829423366698553, -83.63531823723685 30.65272130238764))"
43C,2019-06-07 15:55:00+00:00,2019-06-07 17:55:00+00:00,0.0,45000.0,"POLYGON ((-87.95831287271236 33.297777165858435, -87.23159293349036 32.53506400034328, -87.36084317142596 30.240016139093544, -90.62912294644406 29.36995977389581, -91.73913048246769 29.557034999705913, -87.95831287271236 33.297777165858435))"
ALFA 2,2019-06-07 16:00:00+00:00,2019-06-07 20:00:00+00:00,0.0,50000.0,"POLYGON ((-120 9.3, -120 3.45, -127.15 4.3, -127.3 6.15, -120 9.3))"
66E,2019-06-07 16:55:00+00:00,2019-06-07 18:55:00+00:00,,,"POLYGON ((-83.17708860617725 34.91602561558743, -80.86976517768004 34.96285754855915, -81.89392262607176 33.58609225243117, -81.936443294903 34.98602673980925, -80.956443294903 34.92275096514116, -83.13444701023823 34.72062424840753, -81.9086792020305 34.98811826007708, -82.05439227071169 33.70546349331076, -81.03023482231997 35.08222878943874, -80.94355670509701 35.12233537285672, -81.92355670509701 35.18561114752481, -81.95132079796952 35.18351962725698, -83.17708860617725 34.91602561558743))"
48C,2019-06-07 16:55:00+00:00,2019-06-07 18:55:00+00:00,,,"POLYGON ((-90.05888270148205 29.86575035901542, -91.39154473074612 30.31681323781714, -91.4467992824763 30.31936472323873, -93.30546958849487 29.87617058658197, -91.45566499081448 30.12737039089816, -90.12300296155041 29.67630751209645, -93.25908074510286 29.68162476881981, -91.4004104390843 30.12481890547657, -90.05888270148205 29.86575035901542))"
63E,2019-06-07 16:55:00+00:00,2019-06-07 18:55:00+00:00,0.0,38000.0,"POLYGON ((-80.19896200027713 32.83457453260845, -79.67603697114576 32.58279123593534, -80.63753956962236 31.993147265979847, -80.67465565042056 32.66709678441642, -80.19896200027713 32.83457453260845))"
46C,2019-06-07 16:55:00+00:00,2019-06-07 18:55:00+00:00,0.0,45000.0,"POLYGON ((-86.9 33.814570939420896, -86.63537217853386 32.10895861398745, -87.27210677633968 30.317517752031666, -90.2270649181288 29.447072277270536, -86.9 33.814570939420896))"
49C,2019-06-07 16:55:00+00:00,2019-06-07 18:55:00+00:00,0.0,43000.0,"POLYGON ((-91.1464306879999 33.45698657745611, -90.43999704698855 33.404572324616744, -90.57560808976149 32.59508149655363, -91.97448453590168 32.386416884205694, -91.1464306879999 33.45698657745611))"
47C,2019-06-07 16:55:00+00:00,2019-06-07 18:55:00+00:00,0.0,43000.0,"POLYGON ((-89.23214954976287 29.571154413946605, -88.36 29.573432484632846, -88.72985132157041 28.67510466823671, -90.1 28.60171624231642, -89.23214954976287 29.571154413946605))"
36W,2019-06-07 16:55:00+00:00,2019-06-07 18:55:00+00:00,0.0,29000.0,"POLYGON ((-110.23327266685995 43.526110012568694, -110.12296344625823 43.35928113062603, -111.67112961926605 42.33561543246994, -111.78143883986777 42.50244431441261, -110.23327266685995 43.526110012568694))"
59E,2019-06-07 16:55:00+00:00,2019-06-07 18:55:00+00:00,0.0,42000.0,"POLYGON ((-78.44146809343414 30.228466654828352, -79.09496772306241 28.18234019871833, -79.55067052263696 27.676832485442556, -79.5148168257957 29.863520091530443, -78.44146809343414 30.228466654828352))"
65E,2019-06-07 16:55:00+00:00,2019-06-07 18:55:00+00:00,0.0,41000.0,"POLYGON ((-78.0486951032741 36.45599314107421, -77.64742875842444 35.4826757553513, -78.9365280798582 35.562488590372624, -79.01708528751398 36.33088221041634, -78.0486951032741 36.45599314107421))"
64E,2019-06-07 16:55:00+00:00,2019-06-07 18:55:00+00:00,0.0,45000.0,"POLYGON ((-78.17023868988647 38.40433449583728, -76.25400119195191 37.759437629843156, -76.4932757995664 36.654357961735144, -78.65924472074599 37.4395833233832, -78.17023868988647 38.40433449583728))"
60E,2019-06-07 16:55:00+00:00,2019-06-07 18:55:00+00:00,0.0,45000.0,"POLYGON ((-83.23335365495568 31.79263154739396, -82.34468533569468 29.34346912376784, -84.98103570966487 28.885695326192, -86.68 28.833572531163288, -86.68 30.83, -83.23335365495568 31.79263154739396))"
62E,2019-06-07 16:55:00+00:00,2019-06-07 18:55:00+00:00,0.0,40000.0,"POLYGON ((-84.87755619122086 36.77285820568842, -84.91687826687163 35.895629023354104, -85.9211610358806 35.88293715542125, -86.00053230663997 36.57626714693476, -84.87755619122086 36.77285820568842))"
61E,2019-06-07 16:55:00+00:00,2019-06-07 18:55:00+00:00,0.0,39000.0,"POLYGON ((-84.40214356703616 34.703039140738355, -84.0143899958255 33.98219365129119, -85.91648283278316 33.63621495709895, -86.9 33.83636895573639, -84.40214356703616 34.703039140738355))"
50C,2019-06-07 16:55:00+00:00,2019-06-07 18:55:00+00:00,0.0,38000.0,"POLYGON ((-90.48 38.360893132790814, -89.70068957891195 36.14673210533679, -90.05759593097679 34.866270418164156, -92.75134151621953 37.167589140200334, -90.48 38.360893132790814))"
51C,2019-06-07 16:55:00+00:00,2019-06-07 18:55:00+00:00,0.0,34000.0,"POLYGON ((-87.62777489330361 35.81792757448312, -86.68 35.47452417705444, -87.05883554853216 35.06216346737892, -88.45503416342676 35.311040857363004, -87.62777489330361 35.81792757448312))"
74E,2019-06-07 17:55:00+00:00,2019-06-07 19:55:00+00:00,0.0,42000.0,"POLYGON ((-81.93 35.60828375768359, -80.46069849039665 35.02304062984821, -81.11 32.88285469710446, -82.92558424684015 35.00610936001309, -81.93 35.60828375768359))"
69E,2019-06-07 17:55:00+00:00,2019-06-07 19:55:00+00:00,0.0,36000.0,"POLYGON ((-84.62079792066316 34.95885230078638, -83.50091042414681 34.299136502125464, -85.68894989776675 33.21505998633818, -86.40631629731334 34.07792820110644, -84.62079792066316 34.95885230078638))"
72E,2019-06-07 17:55:00+00:00,2019-06-07 19:55:00+00:00,0.0,40000.0,"POLYGON ((-77.79930078190287 38.50641257488911, -75.92134517692456 37.423940155579984, -76.03287738017339 36.94520792121742, -78.5668460386796 37.469396705015384, -77.79930078190287 38.50641257488911))"
55C,2019-06-07 17:55:00+00:00,2019-06-07 19:55:00+00:00,0.0,40000.0,"POLYGON ((-90.1477759878571 33.1927975070825, -90.1 32.43, -91.79807675853958 32.3153142031313, -91.43034042850815 33.029666719950896, -90.1477759878571 33.1927975070825))"
58C,2019-06-07 17:55:00+00:00,2019-06-07 19:55:00+00:00,0.0,35000.0,"POLYGON ((-104.8059042601471 37.78338238461133, -104.61389291010921 37.72742131370812, -105.20849916038519 35.687232535799765, -105.40051051042308 35.743193606702974, -104.8059042601471 37.78338238461133))"
70E,2019-06-07 17:55:00+00:00,2019-06-07 19:55:00+00:00,0.0,40000.0,"POLYGON ((-84.55414671111525 37.38209581838609, -83.89 35.40089313279081, -85.54212217927147 35.727896196103664, -85.86459917321937 36.73761094631314, -84.55414671111525 37.38209581838609))"
67E,2019-06-07 17:55:00+00:00,2019-06-07 19:55:00+00:00,0.0,42000.0,"POLYGON ((-78.26180803897103 30.28843962988686, -78.61144997081928 27.66733116033974, -79.36281421450062 27.675438843385773, -79.5148168257957 29.863520091530443, -78.26180803897103 30.28843962988686))"
73E,2019-06-07 17:55:00+00:00,2019-06-07 19:55:00+00:00,0.0,41000.0,"POLYGON ((-77.71718375288742 36.730807860823106, -77.31811949531226 35.87259919125233, -79.09185911066906 35.254776413331065, -79.54543341714074 35.69629274290011, -77.71718375288742 36.730807860823106))"
68E,2019-06-07 17:55:00+00:00,2019-06-07 19:55:00+00:00,0.0,45000.0,"POLYGON ((-82.95386286746655 30.617003533376682, -81.38042069572057 29.535008850182635, -84.12244060010649 28.6545665186507, -86.68 28.334465663954106, -86.68 28.999941486899676, -82.95386286746655 30.617003533376682))"
71E,2019-06-07 17:55:00+00:00,2019-06-07 19:55:00+00:00,0.0,45000.0,"POLYGON ((-76.63924026308821 36.53626832294652, -75.41503656287256 36.512234208800045, -76.18 35.26178626558164, -76.9040314984609 35.669609064995846, -76.63924026308821 36.53626832294652))"
54C,2019-06-07 17:55:00+00:00,2019-06-07 19:55:00+00:00,0.0,45000.0,"POLYGON ((-90.26 30.634524177054434, -90.3836326778729 29.849445554122916, -92.45646156159316 28.75503802079858, -93.61983769755517 29.063081009224742, -92.01154187387465 30.223401862014658, -90.26 30.634524177054434))"
56C,2019-06-07 17:55:00+00:00,2019-06-07 19:55:00+00:00,0.0,37000.0,"POLYGON ((-90.23 36.83815522131805, -89.16742330401641 35.01729199628249, -92.60734789973283 34.32633149005137, -93.45371302520654 35.38725461765392, -90.23 36.83815522131805))"
53C,2019-06-07 17:55:00+00:00,2019-06-07 19:55:00+00:00,0.0,38000.0,"POLYGON ((-88.36974424189165 38.816732686255826, -88.05734077574553 37.69434414949987, -92.88805881764726 37.00625442718976, -91.89596673129236 38.194731183142245, -88.36974424189165 38.816732686255826))"
57C,2019-06-07 17:55:00+00:00,2019-06-07 19:55:00+00:00,0.0,36000.0,"POLYGON ((-86.82545283998556 36.022271400956896, -86.21244021821092 35.21685828890294, -88.05223069254924 34.89970959924097, -88.35605666873525 35.41278806580085, -86.82545283998556 36.022271400956896))"
52C,2019-06-07 17:55:00+00:00,2019-06-07 19:55:00+00:00,0.0,45000.0,"POLYGON ((-86.59178618333314 34.28443770024815, -84.49809797611508 30.707326216639554, -88.1766893803871 28.465932883794697, -90.1 28.847262088527216, -86.59178618333314 34.28443770024815))"
37W,2019-06-07 17:55:00+00:00,2019-06-07 19:55:00+00:00,0.0,29000.0,"POLYGON ((-109.66297803174596 43.923387712028635, -109.35319495526001 43.13681774285058, -112.00084669054323 42.19912394231138, -111.96901143631605 42.86798207702423, -109.66297803174596 43.923387712028635))"
76E,2019-06-07 18:55:00+00:00,2019-06-07 20:55:00+00:00,0.0,45000.0,"POLYGON ((-81.51 30.77371281826269, -80.88315622320106 28.705210130387602, -83.89412747660319 28.34727423518217, -85.04526572536226 28.92893129267789, -83.51193618424661 30.39732483122391, -81.51 30.77371281826269))"
81E,2019-06-07 18:55:00+00:00,2019-06-07 20:55:00+00:00,0.0,45000.0,"POLYGON ((-80.51716937828981 28.537520148810056, -79.9404457309138 26.735246583132458, -80.15737482756369 25.53281636739097, -81.65603816754435 26.797078632470786, -82.07417470743042 28.129974274175552, -80.51716937828981 28.537520148810056))"
59C,2019-06-07 18:55:00+00:00,2019-06-07 20:55:00+00:00,0.0,44000.0,"POLYGON ((-105.72 42.207425636525365, -103.839463257554 42.00008989080427, -104.71405019195105 38.823923279548055, -106.10038641031001 37.88393468163323, -107.72010383582422 38.226731840262126, -105.72 42.207425636525365))"
63C,2019-06-07 18:55:00+00:00,2019-06-07 20:55:00+00:00,0.0,44000.0,"POLYGON ((-86.93251194413321 35.935280543978266, -86.05116513660599 35.62721705440935, -86.61068489407558 34.70684154330769, -88.30511635641291 34.98391324116465, -89.11582706989864 35.619128255800746, -86.93251194413321 35.935280543978266))"
38W,2019-06-07 18:55:00+00:00,2019-06-07 20:55:00+00:00,0.0,39000.0,"POLYGON ((-108.76349093627998 44.260468713692035, -108.85051888944909 43.29270251273352, -112.03399624623134 42.50593194321012, -111.91841768974759 43.0889758459202, -108.76349093627998 44.260468713692035))"
80E,2019-06-07 18:55:00+00:00,2019-06-07 20:55:00+00:00,0.0,45000.0,"POLYGON ((-86.18835234089318 34.2561674816533, -83.87378817875202 32.012246792286305, -86.68 28.999941486899676, -89.56349146831214 28.708368653238324, -89.46936934992422 29.657939352814758, -86.18835234089318 34.2561674816533))"
77E,2019-06-07 18:55:00+00:00,2019-06-07 20:55:00+00:00,0.0,43000.0,"POLYGON ((-85.8617085447719 37.119599691876296, -84.49571586747784 37.15670951823564, -82.55999199161954 33.70935540766096, -85.43907463586413 33.510905527783166, -85.8617085447719 37.119599691876296))"
79E,2019-06-07 18:55:00+00:00,2019-06-07 20:55:00+00:00,0.0,45000.0,"POLYGON ((-83.45236245620694 36.25212926975614, -81.18505038918472 35.65088798191263, -79.47661676307426 33.35930086050207, -81.38720980502737 31.92441646450115, -81.33255668554551 33.62439618658837, -83.45236245620694 36.25212926975614))"
78E,2019-06-07 18:55:00+00:00,2019-06-07 20:55:00+00:00,0.0,45000.0,"POLYGON ((-77.70767377024237 38.33247787478489, -75.91167441067203 37.580787207420215, -75.71174695463243 35.336854287419605, -79.21359005340231 35.51629790861095, -77.70767377024237 38.33247787478489))"
75E,2019-06-07 18:55:00+00:00,2019-06-07 20:55:00+00:00,0.0,42000.0,"POLYGON ((-79.88309919025849 30.353157166277477, -78.62090868383004 30.168248924699977, -78.21648200970473 28.48908274740241, -79.58388697946158 29.291325761486394, -79.88309919025849 30.353157166277477))"
61C,2019-06-07 18:55:00+00:00,2019-06-07 20:55:00+00:00,0.0,40000.0,"POLYGON ((-89.36219157424698 33.13828250950137, -90.1 32.09726208852722, -92.26536507838304 32.05868429101709, -92.31976583264029 32.75497176625328, -89.36219157424698 33.13828250950137))"
60C,2019-06-07 18:55:00+00:00,2019-06-07 20:55:00+00:00,0.0,42000.0,"POLYGON ((-89.96387705301328 30.684840624391917, -90.60520459073649 28.10311866850767, -91.84955358391116 28.531968360228927, -91.83400626485543 30.287912163885885, -89.96387705301328 30.684840624391917))"
64C,2019-06-07 18:55:00+00:00,2019-06-07 20:55:00+00:00,0.0,44000.0,"POLYGON ((-104.43 37.79089313279081, -104.98387996571111 35.35248937198907, -105.54952589186291 35.6593067662274, -106.11690311608592 37.5849107330875, -104.43 37.79089313279081))"
62C,2019-06-07 18:55:00+00:00,2019-06-07 20:55:00+00:00,0.0,45000.0,"POLYGON ((-88.36974424189165 38.816732686255826, -89.37056159140822 35.01847672938205, -92.46692700817368 34.914945364009576, -93.33 37.027262088527216, -91.62007555013886 38.33789878705725, -88.36974424189165 38.816732686255826))"
ALFA 3,2019-06-07 19:35:00+00:00,2019-06-07 23:35:00+00:00,0.0,50000.0,"POLYGON ((-120 10.3, -120 3.45, -128.3 4.15, -129 6.3, -120 10.3))"
82E,2019-06-07 19:55:00+00:00,2019-06-07 21:55:00+00:00,0.0,42000.0,"POLYGON ((-79.87940666817532 29.73695796421324, -78.9551138178474 29.28270511117371, -78.51631447248634 28.38522115888339, -79.78382318143825 29.29344974687121, -79.87940666817532 29.73695796421324))"
87E,2019-06-07 19:55:00+00:00,2019-06-07 21:55:00+00:00,0.0,45000.0,"POLYGON ((-81.65400035470726 32.25381595819628, -81.59063344136389 32.064119795100304, -82.94930376923209 31.610263778599528, -83.01267068257546 31.7999599416955, -81.65400035470726 32.25381595819628))"
70C,2019-06-07 19:55:00+00:00,2019-06-07 21:55:00+00:00,0.0,45000.0,"POLYGON ((-104.25969734549862 38.34520185293342, -103.66963629906638 37.39354575619881, -104.62 34.20742563652537, -105.08863563425237 34.274085259716806, -105.95968984168098 37.6170502650248, -104.25969734549862 38.34520185293342))"
86E,2019-06-07 19:55:00+00:00,2019-06-07 21:55:00+00:00,0.0,45000.0,"POLYGON ((-84.87755619122086 36.77285820568842, -80.71494961081528 35.65088798191263, -85.0768766276345 28.86093881581106, -88.38515919365182 29.169075727715725, -84.91562256686002 35.42088991178049, -84.87755619122086 36.77285820568842))"
84E,2019-06-07 19:55:00+00:00,2019-06-07 21:55:00+00:00,0.0,45000.0,"POLYGON ((-75.75667961669066 37.24210001688769, -75.63474990650363 35.18282238171873, -78.4905130663573 35.63437115056391, -77.9094220801875 37.02796933384848, -75.75667961669066 37.24210001688769))"
83E,2019-06-07 19:55:00+00:00,2019-06-07 21:55:00+00:00,0.0,45000.0,"POLYGON ((-81.13821053819136 31.107998669914657, -79.80343188575256 27.2945315003023, -80.06867079833995 25.338732925408017, -82.68 28.242737911472787, -84.12244060010649 28.6545665186507, -81.13821053819136 31.107998669914657))"
85E,2019-06-07 19:55:00+00:00,2019-06-07 21:55:00+00:00,0.0,45000.0,"POLYGON ((-80.23235148554505 34.699235056375336, -80.19111578532655 32.582499321541114, -80.66325012944866 31.236984808497795, -81.4829051886112 31.39092814967276, -81.20389479702749 34.167314213090926, -80.23235148554505 34.699235056375336))"
66C,2019-06-07 19:55:00+00:00,2019-06-07 21:55:00+00:00,0.0,45000.0,"POLYGON ((-90.0353630458397 31.76091924142813, -88.36 31.561844778681962, -88.69861320022164 28.6633742230678, -91.30037076406397 28.11588683181027, -91.3 29.64815522131804, -90.0353630458397 31.76091924142813))"
68C,2019-06-07 19:55:00+00:00,2019-06-07 21:55:00+00:00,0.0,45000.0,"POLYGON ((-88.16787113366506 38.697823880951525, -89.97255235250029 34.07444073110409, -95.49247626787539 35.084943227930914, -94.61319420109861 36.687987244776664, -91.89596673129236 38.194731183142245, -88.16787113366506 38.697823880951525))"
65C,2019-06-07 19:55:00+00:00,2019-06-07 21:55:00+00:00,0.0,45000.0,"POLYGON ((-103.48 42.389106867209186, -104.25015643655057 39.040750604050686, -107.44221525491842 37.68078474673852, -108.59935758039376 40.820703873148126, -105.20386450137144 42.261085821718495, -103.48 42.389106867209186))"
69C,2019-06-07 19:55:00+00:00,2019-06-07 21:55:00+00:00,0.0,45000.0,"POLYGON ((-85.73222510669639 35.81792757448312, -85.75899189769076 34.95848012104866, -88.50188751348216 34.70581733632313, -89.83655847834744 34.90227495982557, -89.47682214186807 35.712488029563765, -85.73222510669639 35.81792757448312))"
67C,2019-06-07 19:55:00+00:00,2019-06-07 21:55:00+00:00,0.0,45000.0,"POLYGON ((-88.74025224748245 33.95090199307593, -89.16349441814505 32.25214511112951, -91.81463492161699 32.05868429101709, -91.90030078559748 32.637563434272444, -88.74025224748245 33.95090199307593))"
41W,2019-06-07 19:55:00+00:00,2019-06-07 21:55:00+00:00,0.0,26000.0,"POLYGON ((-121.3979756768879 45.743801718124146, -122.52476865572538 44.11789194808712, -123.4343389985984 44.18346642035234, -122.59 45.58363104426361, -121.3979756768879 45.743801718124146))"
39W,2019-06-07 19:55:00+00:00,2019-06-07 21:55:00+00:00,0.0,40000.0,"POLYGON ((-108.35194685103438 44.45068491437497, -106.7683817242097 44.23481220419991, -110.3185303463774 42.5161441778097, -110.04069071905158 43.60792917245815, -108.35194685103438 44.45068491437497))"
40W,2019-06-07 19:55:00+00:00,2019-06-07 21:55:00+00:00,0.0,30000.0,"POLYGON ((-118.50209125431039 48.82549804242974, -117.9535219762103 48.97541809741828, -117.62999999999998 48.05910686720919, -119.42 48.37821373441836, -118.50209125431039 48.82549804242974))"
89E,2019-06-07 20:55:00+00:00,2019-06-07 22:55:00+00:00,0.0,45000.0,"POLYGON ((-80.29804364250565 34.96695187785238, -78.48536026438978 33.837322534118606, -81.11 31.58171624231642, -81.73956396170716 31.93714120757727, -81.05 33.86, -80.29804364250565 34.96695187785238))"
43W,2019-06-07 20:55:00+00:00,2019-06-07 22:55:00+00:00,0.0,30000.0,"POLYGON ((-117.91199224006975 48.98749830476983, -116.70440313574318 49.08940079821755, -117.03433540798318 47.724436209598146, -119.42 47.38, -117.91199224006975 48.98749830476983))"
44W,2019-06-07 20:55:00+00:00,2019-06-07 22:55:00+00:00,0.0,26000.0,"POLYGON ((-122.11231517591806 47.49515513402703, -121.19057508754284 47.078697288827904, -122.4144856980204 44.1171700901138, -123.06516560132096 44.387028014799306, -122.82958067022354 46.15044926788975, -122.11231517591806 47.49515513402703))"
91E,2019-06-07 20:55:00+00:00,2019-06-07 22:55:00+00:00,0.0,45000.0,"POLYGON ((-83.64077166552478 33.627429471691975, -83.34946255558243 32.07482178501174, -85.36901924384196 31.273458639239355, -85.63274716054416 33.40220954538821, -83.64077166552478 33.627429471691975))"
88E,2019-06-07 20:55:00+00:00,2019-06-07 22:55:00+00:00,0.0,45000.0,"POLYGON ((-75.75667961669066 37.24210001688769, -75.16936097829462 35.43224824078843, -78.17622517743129 33.73479851961093, -78.27860437505225 36.92777354003561, -75.75667961669066 37.24210001688769))"
90E,2019-06-07 20:55:00+00:00,2019-06-07 22:55:00+00:00,0.0,45000.0,"POLYGON ((-84.11 37.03, -82.13 36.44, -80.95 35.19, -81.56001576526037 33.708549679135686, -85.94562435103832 33.30250918377004, -84.11 37.03))"
92E,2019-06-07 20:55:00+00:00,2019-06-07 22:55:00+00:00,0.0,45000.0,"POLYGON ((-86.68 31.162737911472774, -84.92866041971038 30.39872461181551, -84.12244060010649 28.6545665186507, -86.68 28.334465663954106, -86.68 31.162737911472774))"
93E,2019-06-07 20:55:00+00:00,2019-06-07 22:55:00+00:00,0.0,45000.0,"POLYGON ((-80.66325012944866 31.236984808497795, -79.68772347455695 28.383530149328113, -83.08068661098241 28.26234197614724, -83.1233344831259 29.753684716024097, -80.66325012944866 31.236984808497795))"
94E,2019-06-07 20:55:00+00:00,2019-06-07 22:55:00+00:00,0.0,45000.0,"POLYGON ((-80.6229871856734 27.79757711335673, -79.73853118833149 27.677972767282867, -79.4034547880396 26.42368438524639, -80.28 25.300893132790826, -80.8343635575218 25.798949119323996, -80.6229871856734 27.79757711335673))"
72C,2019-06-07 20:55:00+00:00,2019-06-07 22:55:00+00:00,0.0,45000.0,"POLYGON ((-87.71259602304839 31.993329976444404, -88.89962923593602 28.11588683181027, -91.30037076406397 28.11588683181027, -90 29.85, -89.17378368961624 31.61092347917047, -87.71259602304839 31.993329976444404))"
73C,2019-06-07 20:55:00+00:00,2019-06-07 22:55:00+00:00,0.0,45000.0,"POLYGON ((-87.20459632917124 34.47438574679296, -88.43650558185495 32.25214511112951, -91.34694045296891 31.92989469933052, -90.28 33.46, -87.20459632917124 34.47438574679296))"
71C,2019-06-07 20:55:00+00:00,2019-06-07 22:55:00+00:00,0.0,45000.0,"POLYGON ((-102.84319370598509 42.358811095969486, -103.6 37.26, -104.62 34.33821373441836, -107.49286030191749 38.802052321605764, -107.23553180908378 42.38015313579989, -102.84319370598509 42.358811095969486))"
74C,2019-06-07 20:55:00+00:00,2019-06-07 22:55:00+00:00,0.0,45000.0,"POLYGON ((-88.16787113366506 38.697823880951525, -89.97255235250029 34.07444073110409, -95.49247626787539 35.084943227930914, -95.79 36.2, -92.22 38.310893132790824, -88.16787113366506 38.697823880951525))"
75C,2019-06-07 20:55:00+00:00,2019-06-07 22:55:00+00:00,0.0,45000.0,"POLYGON ((-89.47682214186807 35.712488029563765, -87.07037982329443 35.3708399752367, -87.49 34.71, -89.74807843569131 34.558664395551276, -89.47682214186807 35.712488029563765))"
42W,2019-06-07 20:55:00+00:00,2019-06-07 22:55:00+00:00,0.0,40000.0,"POLYGON ((-105.6104130908775 46.14421466722864, -104.11680629401492 42.35881109596947, -109.6334002890859 42.226087198708484, -110.40631506157176 43.374261023398205, -107.73393577773304 46.061252880767164, -105.6104130908775 46.14421466722864))"
KILO 1,2019-06-07 21:00:00+00:00,2019-06-08 01:00:00+00:00,0.0,45000.0,"POLYGON ((-63.15 25.3, -61.15 23.3, -64.45 20.45, -67 22.15, -63.15 25.3))"
JULIETT 1,2019-06-07 21:00:00+00:00,2019-06-08 01:00:00+00:00,0.0,43000.0,"POLYGON ((-65.524 18.15, -65.52845894310155 18.059236128054824, -65.54179283034661 17.969346361813063, -65.56387324911198 17.881196388862367, -65.59448755289455 17.795635141629926, -65.63334090921343 17.713486621699126, -65.68005913900785 17.635541964223847, -65.73419232018611 17.562551818864463, -65.79521912062125 17.495219120621254, -65.86255181886446 17.434192320186103, -65.93554196422384 17.38005913900784, -66.01348662169913 17.333340909213423, -66.09563514162993 17.294487552894548, -66.18119638886238 17.263873249111974, -66.26934636181306 17.241792830346608, -66.35923612805483 17.228458943101543, -66.45 17.224, -66.54076387194517 17.228458943101543, -66.63065363818694 17.241792830346608, -66.71880361113763 17.263873249111974, -66.80436485837008 17.294487552894548, -66.88651337830088 17.333340909213423, -66.96445803577616 17.38005913900784, -67.03744818113555 17.434192320186103, -67.10478087937875 17.495219120621254, -67.1658076798139 17.562551818864463, -67.21994086099215 17.635541964223847, -67.26665909078658 17.713486621699126, -67.30551244710546 17.795635141629926, -67.33612675088803 17.881196388862367, -67.3582071696534 17.969346361813063, -67.37154105689845 18.059236128054824, -67.376 18.15, -67.37154105689845 18.240763871945173, -67.3582071696534 18.330653638186934, -67.33612675088803 18.41880361113763, -67.30551244710546 18.50436485837007, -67.26665909078658 18.58651337830087, -67.21994086099215 18.66445803577615, -67.1658076798139 18.737448181135534, -67.10478087937875 18.804780879378743, -67.03744818113555 18.865807679813894, -66.96445803577616 18.919940860992156, -66.88651337830088 18.966659090786575, -66.80436485837008 19.00551244710545, -66.71880361113763 19.036126750888023, -66.63065363818694 19.05820716965339, -66.54076387194517 19.071541056898454, -66.45 19.075999999999997, -66.35923612805483 19.071541056898454, -66.26934636181306 19.05820716965339, -66.18119638886238 19.036126750888023, -66.09563514162993 19.00551244710545, -66.01348662169913 18.966659090786575, -65.93554196422384 18.919940860992156, -65.86255181886446 18.865807679813894, -65.79521912062125 18.804780879378743, -65.73419232018611 18.737448181135534, -65.68005913900785 18.66445803577615, -65.63334090921343 18.58651337830087, -65.59448755289455 18.50436485837007, -65.56387324911198 18.41880361113763, -65.54179283034661 18.330653638186934, -65.52845894310155 18.240763871945173, -65.524 18.15))"
80C,2019-06-07 21:55:00+00:00,2019-06-07 23:55:00+00:00,,,"POLYGON ((-90.29769871708737 31.39262184801637, -93.10990216567384 30.04000004785779, -93.36808337803272 30.03974745788755, -90.22230128291264 31.20737815198363, -93.07230128291263 30.04737815198363, -93.36827904668503 30.23974736217198, -93.11009783432615 30.23999995214221, -93.14769871708737 30.23262184801637, -90.29769871708737 31.39262184801637))"
01E,2019-06-07 21:55:00+00:00,2019-06-07 23:55:00+00:00,,,"POLYGON ((-80.85933486276339 31.85710717506275, -81.31466724278557 28.44326194434498, -82.65466724278558 28.09235666268009, -80.70896763423234 29.24096980440243, -81.25900416344722 28.48135126206716, -81.05889658559148 31.84387392973564, -80.88974433219917 29.29300191967172, -82.70533275721444 28.28583277399013, -81.36533275721443 28.63673805565502, -81.42099583655279 28.59864873793284, -80.87095930733791 29.35826728026811, -80.69018260937108 29.30623516499882, -80.85933486276339 31.85710717506275))"
99E,2019-06-07 21:55:00+00:00,2019-06-07 23:55:00+00:00,0.0,45000.0,"POLYGON ((-85.07225982236679 31.380988855197657, -83.7418195952968 28.293201900886125, -86.68 28.37229402984479, -86.48751258041652 30.429159279823317, -85.07225982236679 31.380988855197657))"
81C,2019-06-07 21:55:00+00:00,2019-06-07 23:55:00+00:00,0.0,40000.0,"POLYGON ((-98.7118356390479 48.97914329305868, -98.54854518701976 48.86366070442971, -100.58835477398593 45.97940400858104, -100.75164522601408 46.09488659721001, -98.7118356390479 48.97914329305868))"
46W,2019-06-07 21:55:00+00:00,2019-06-07 23:55:00+00:00,0.0,30000.0,"POLYGON ((-116.08000000000001 49.066287181737316, -116.44352619319741 47.67857043918221, -118.02669322478192 47.66996694704949, -117.5081747110676 49.10388194727084, -116.08000000000001 49.066287181737316))"
02E,2019-06-07 21:55:00+00:00,2019-06-07 23:55:00+00:00,0.0,45000.0,"POLYGON ((-80.6229871856734 27.79757711335673, -79.55067052263696 27.676832485442556, -79.4034547880396 26.42368438524639, -80.28 25.300893132790826, -80.91864123100927 26.84574335951163, -80.6229871856734 27.79757711335673))"
96E,2019-06-07 21:55:00+00:00,2019-06-07 23:55:00+00:00,0.0,45000.0,"POLYGON ((-79.10101642480252 34.419732575061474, -77.87 32.85267939837247, -80.81118198831533 31.544829034357047, -81.65354711017595 31.967837904366018, -80.62323180648023 34.21218728841783, -79.10101642480252 34.419732575061474))"
97E,2019-06-07 21:55:00+00:00,2019-06-07 23:55:00+00:00,0.0,45000.0,"POLYGON ((-84.11 37.03, -81.8366458290788 36.674922804384515, -81.38372977504186 35.542149795726154, -83.37729635475833 34.54627071049212, -86.08409087283432 34.63808667098187, -84.11 37.03))"
98E,2019-06-07 21:55:00+00:00,2019-06-07 23:55:00+00:00,0.0,45000.0,"POLYGON ((-80.5744362335576 35.06208670789785, -82.51 32.03910686720918, -84.5657212264928 31.424422285093417, -85.00826235240366 34.099264778247814, -80.5744362335576 35.06208670789785))"
95E,2019-06-07 21:55:00+00:00,2019-06-07 23:55:00+00:00,0.0,45000.0,"POLYGON ((-75.60798711929414 37.359097829047506, -75.16936097829462 35.43224824078843, -78.02366793173985 34.042494158287965, -78.09231674503435 37.242815771409894, -75.60798711929414 37.359097829047506))"
77C,2019-06-07 21:55:00+00:00,2019-06-07 23:55:00+00:00,0.0,45000.0,"POLYGON ((-87.49986435291882 32.21452021656015, -88.00314972877277 28.399676889285463, -91.43225822797524 27.997007400801074, -90.1 29.18, -88.9502669252363 32.07250108539319, -87.49986435291882 32.21452021656015))"
76C,2019-06-07 21:55:00+00:00,2019-06-07 23:55:00+00:00,0.0,45000.0,"POLYGON ((-103.97938773307705 43.27002758203392, -102.85872966249973 42.07932861820406, -103.15863874953817 36.906257398041944, -105.9046436588492 36.4855335533089, -106.28 43.09, -103.97938773307705 43.27002758203392))"
79C,2019-06-07 21:55:00+00:00,2019-06-07 23:55:00+00:00,0.0,45000.0,"POLYGON ((-90.02900616105268 38.50620889701939, -86.36793862330549 34.95392076862826, -92.18 34.014524177054426, -95.79 36.2, -92.22 38.310893132790824, -90.02900616105268 38.50620889701939))"
78C,2019-06-07 21:55:00+00:00,2019-06-07 23:55:00+00:00,0.0,45000.0,"POLYGON ((-86.36793862330549 34.95392076862826, -88.0740375215245 32.12325240796213, -91.09233152268966 32.00316222589116, -89.26687801589598 34.429706570272785, -86.36793862330549 34.95392076862826))"
47W,2019-06-07 21:55:00+00:00,2019-06-07 23:55:00+00:00,0.0,26000.0,"POLYGON ((-122.86600611864993 46.210784227605494, -121.704897119611 46.001260047582576, -122.35988459294576 44.371449018889194, -123.05580155534285 44.237523183471126, -122.86600611864993 46.210784227605494))"
45W,2019-06-07 21:55:00+00:00,2019-06-07 23:55:00+00:00,0.0,40000.0,"POLYGON ((-107.51116818425255 46.12299137308976, -104.94883258836154 44.820548486899625, -104.13874429528784 43.15091100893687, -110.11 42.58, -107.51116818425255 46.12299137308976))"
08E,2019-06-07 22:55:00+00:00,2019-06-08 00:55:00+00:00,,,"POLYGON ((-80.73118912361187 31.92930339822717, -81.01206292100635 28.55249052395575, -81.4232366955681 28.40322941543579, -80.5757713321251 29.24852514203025, -80.96000680801461 28.59576149042645, -80.93077532645594 31.91644464112239, -80.76174303184209 29.29282296718473, -81.49148166617452 28.59122575579093, -81.08030789161278 28.74048686431089, -81.13236400460451 28.69721589784019, -80.748128528715 29.349979549444, -80.56215682899801 29.30568172428951, -80.73118912361187 31.92930339822717))"
86C,2019-06-07 22:55:00+00:00,2019-06-08 00:55:00+00:00,,,"POLYGON ((-91.42019938785899 30.65397749041454, -91.52183306492661 30.29584824464719, -93.21189824845311 29.99873454081186, -91.27905105214921 30.51228363971395, -91.46857338929699 30.32349095509164, -93.24652723290365 30.19571381240134, -91.55646204937715 30.49282751623667, -91.60972172500676 30.46518480579222, -91.42019938785899 30.65397749041454))"
06E,2019-06-07 22:55:00+00:00,2019-06-08 00:55:00+00:00,0.0,45000.0,"POLYGON ((-81.15209676304758 34.7891334718863, -79.13542785853127 34.22888316530834, -82.02809965222897 31.94800536386035, -84.29 31.66, -83.3 34.7, -81.15209676304758 34.7891334718863))"
07E,2019-06-07 22:55:00+00:00,2019-06-08 00:55:00+00:00,0.0,45000.0,"POLYGON ((-83.73197620061504 30.177245489704976, -83.3780746185306 28.521601777127415, -86.68 28.37229402984479, -87.53786304242526 28.99104835697456, -83.73197620061504 30.177245489704976))"
03E,2019-06-07 22:55:00+00:00,2019-06-08 00:55:00+00:00,0.0,45000.0,"POLYGON ((-78.0171695705353 36.48095825415831, -76.3378671352982 36.62278798941983, -76.90316967852978 34.01424622065103, -77.80288170651903 34.48354782685282, -78.0171695705353 36.48095825415831))"
87C,2019-06-07 22:55:00+00:00,2019-06-08 00:55:00+00:00,0.0,40000.0,"POLYGON ((-98.56666766114526 49.070097991674395, -98.38775195809907 48.98071582788602, -98.70946655959571 48.336741776829534, -98.8883822626419 48.426123940617906, -98.56666766114526 49.070097991674395))"
85C,2019-06-07 22:55:00+00:00,2019-06-08 00:55:00+00:00,0.0,45000.0,"POLYGON ((-90.69195713031971 38.459109544199876, -88.97504901365679 36.68733835163535, -92.18 34.390858121158196, -96.2854993483944 36.033003335708536, -94.27975130495624 37.86911354871489, -90.69195713031971 38.459109544199876))"
88C,2019-06-07 22:55:00+00:00,2019-06-08 00:55:00+00:00,0.0,45000.0,"POLYGON ((-97.96205680911953 26.860228919119415, -97.416602263665 26.860228919119415, -97.416602263665 26.314774373664868, -97.96205680911953 26.314774373664868, -97.96205680911953 26.860228919119415))"
49W,2019-06-07 22:55:00+00:00,2019-06-08 00:55:00+00:00,0.0,30000.0,"POLYGON ((-116.08000000000001 49.066287181737316, -116.44352619319741 47.67857043918221, -118.02669322478192 47.66996694704949, -117.5081747110676 49.10388194727084, -116.08000000000001 49.066287181737316))"
52W,2019-06-07 22:55:00+00:00,2019-06-08 00:55:00+00:00,0.0,40000.0,"POLYGON ((-112.72509945119417 41.995216547179965, -112.27494565575171 41.38389062404589, -113.76 40.73, -112.72509945119417 41.995216547179965))"
51W,2019-06-07 22:55:00+00:00,2019-06-08 00:55:00+00:00,0.0,30000.0,"POLYGON ((-118.24021685598834 44.5325083036228, -116.36514145856628 44.50276239947363, -116.95887114382244 42.86302471027221, -118.59826197723667 42.80899856684481, -118.24021685598834 44.5325083036228))"
05E,2019-06-07 22:55:00+00:00,2019-06-08 00:55:00+00:00,0.0,45000.0,"POLYGON ((-84.11 36.69726208852721, -82.89675039148989 36.692218128848026, -82.3660227035184 35.97865255797112, -83.06637415550192 35.160892080146894, -86.18835234089318 34.2561674816533, -84.11 36.69726208852721))"
04E,2019-06-07 22:55:00+00:00,2019-06-08 00:55:00+00:00,0.0,45000.0,"POLYGON ((-77.87 33.18541730984525, -76.74368634706377 32.03923455358845, -80.88551386319153 31.698687064975665, -81.11 32.16, -80.04 32.89, -77.87 33.18541730984525))"
09E,2019-06-07 22:55:00+00:00,2019-06-08 00:55:00+00:00,0.0,45000.0,"POLYGON ((-80.64182659688203 28.283548620013455, -78.88114592700765 27.120543956737375, -80.28 25.300893132790826, -81.0362111198932 26.52807065944123, -80.64182659688203 28.283548620013455))"
83C,2019-06-07 22:55:00+00:00,2019-06-08 00:55:00+00:00,0.0,45000.0,"POLYGON ((-89.64511625117478 29.976858819699675, -87.77484681867278 29.499047987964754, -86.68 28.00172775248132, -91.43225822797524 27.997007400801074, -89.64511625117478 29.976858819699675))"
84C,2019-06-07 22:55:00+00:00,2019-06-08 00:55:00+00:00,0.0,45000.0,"POLYGON ((-86.11040667653471 35.94765038022213, -87.05373176885418 31.597988300097793, -88.18130519839852 30.666210954256123, -91.3 30.48, -89.16317785813192 35.712488029563765, -86.11040667653471 35.94765038022213))"
82C,2019-06-07 22:55:00+00:00,2019-06-08 00:55:00+00:00,0.0,45000.0,"POLYGON ((-105.1064636262388 45.78867258224413, -102.4016236448613 42.902433523104975, -103.15863874953817 36.906257398041944, -105.69772638061126 36.48714142637541, -105.88694676107468 44.833995509884296, -105.1064636262388 45.78867258224413))"
48W,2019-06-07 22:55:00+00:00,2019-06-08 00:55:00+00:00,0.0,40000.0,"POLYGON ((-106.81190755296451 46.96498981535245, -105.1064636262388 45.78867258224413, -107.65671750507657 42.98762576675823, -108.3 44.45821373441835, -106.81190755296451 46.96498981535245))"
50W,2019-06-07 22:55:00+00:00,2019-06-08 00:55:00+00:00,0.0,26000.0,"POLYGON ((-119.42 47.38, -118.08885127723624 46.28506579224209, -119.65460865994766 45.69777240652298, -120.6107512508384 46.45223216415095, -119.42 47.38))"
14E,2019-06-07 23:55:00+00:00,2019-06-08 01:55:00+00:00,,,"POLYGON ((-84.11104791043657 30.31433857673285, -82.94858054856807 28.1465592313377, -86.68 29.82525901399362, -89.21677706333531 28.85668806392064, -84.11104791043657 30.31433857673285))"
15E,2019-06-07 23:55:00+00:00,2019-06-08 01:55:00+00:00,,,"POLYGON ((-80.87691642516556 30.56458038105558, -80.43969293413214 29.33220013261028, -80.61021156073465 29.36343449651024, -81.18127005052898 28.6899120480117, -81.0211754591277 28.67977717928609, -80.40617950799547 27.73453553997276, -80.62818198854366 29.26532804301345, -81.06540547957708 30.49770829145876, -81.02872185173547 28.56057123061495, -80.45766336194114 29.23409367911349, -80.57382049200451 27.62546446002724, -81.18881644313674 28.57070609934057, -80.87691642516556 30.56458038105558))"
11E,2019-06-07 23:55:00+00:00,2019-06-08 01:55:00+00:00,0.0,38000.0,"POLYGON ((-80.9496757520629 36.11209651761959, -80.79840348066382 35.98126571121007, -81.67781076575606 34.96445674127684, -81.82908303715514 35.09528754768636, -80.9496757520629 36.11209651761959))"
93C,2019-06-07 23:55:00+00:00,2019-06-08 01:55:00+00:00,0.0,45000.0,"POLYGON ((-89.62613935779306 32.26313805935371, -87.14744500844196 30.99513566739584, -92.63911072187595 29.730251379262974, -93.46352993074485 29.83284510912899, -89.62613935779306 32.26313805935371))"
95C,2019-06-07 23:55:00+00:00,2019-06-08 01:55:00+00:00,0.0,45000.0,"POLYGON ((-97.93344421107895 26.902739892637634, -97.56980784744258 26.902739892637634, -97.56980784744258 26.539103529001267, -97.93344421107895 26.539103529001267, -97.93344421107895 26.902739892637634))"
94C,2019-06-07 23:55:00+00:00,2019-06-08 01:55:00+00:00,0.0,40000.0,"POLYGON ((-98.4226766343425 49.14268631124955, -98.22450140352107 49.11573120247819, -98.38588336433017 47.929243416246656, -98.58405859515159 47.95619852501802, -98.4226766343425 49.14268631124955))"
98C,2019-06-07 23:55:00+00:00,2019-06-08 01:55:00+00:00,0.0,45000.0,"POLYGON ((-104.03259346767784 35.5660141429553, -103.66895710404147 35.5660141429553, -103.66895710404147 35.20237777931894, -104.03259346767784 35.20237777931894, -104.03259346767784 35.5660141429553))"
97C,2019-06-07 23:55:00+00:00,2019-06-08 01:55:00+00:00,0.0,45000.0,"POLYGON ((-102.90004929833857 37.79911401955855, -102.76399303393282 36.98043195812127, -104.53820454960962 36.37889062427762, -105.09256251456112 37.34777287873483, -102.90004929833857 37.79911401955855))"
96C,2019-06-07 23:55:00+00:00,2019-06-08 01:55:00+00:00,0.0,45000.0,"POLYGON ((-105.72 41.34, -103.52896673862115 40.04882594770699, -104.77924024243883 37.621649511669986, -107.04 38.45, -105.72 41.34))"
56W,2019-06-07 23:55:00+00:00,2019-06-08 01:55:00+00:00,0.0,30000.0,"POLYGON ((-116.4969723286765 44.56518565553024, -115.62195747683205 43.957508293252516, -116.56750201235258 42.881544038403405, -117.45137497262854 42.8959215987814, -116.4969723286765 44.56518565553024))"
16E,2019-06-07 23:55:00+00:00,2019-06-08 01:55:00+00:00,0.0,45000.0,"POLYGON ((-78.79928014299323 27.66973798985201, -79.08942577615537 25.349494405187173, -80.28 25.13452417705443, -81.0362111198932 26.52807065944123, -78.79928014299323 27.66973798985201))"
10E,2019-06-07 23:55:00+00:00,2019-06-08 01:55:00+00:00,0.0,40000.0,"POLYGON ((-82.51149527621868 36.31205943246992, -82.30483061803413 34.90209013842887, -83.3 34.7, -83.31937937434304 36.08965145603708, -82.51149527621868 36.31205943246992))"
13E,2019-06-07 23:55:00+00:00,2019-06-08 01:55:00+00:00,0.0,45000.0,"POLYGON ((-82.4918068772376 34.837704476697226, -80.40587287355741 34.48241058059234, -81.50304299310636 32.15939251784325, -82.51 32.205475822945566, -83.53103639459063 34.23866700707154, -82.4918068772376 34.837704476697226))"
12E,2019-06-07 23:55:00+00:00,2019-06-08 01:55:00+00:00,0.0,37000.0,"POLYGON ((-84.11 36.69726208852721, -83.59867752714436 36.13492983312297, -84.5886700049326 34.76770783890459, -86.08409087283432 34.63808667098187, -84.11 36.69726208852721))"
91C,2019-06-07 23:55:00+00:00,2019-06-08 01:55:00+00:00,0.0,45000.0,"POLYGON ((-87.43883896411941 35.88293715542125, -86.16496418793277 34.95577823107879, -87.30323236465192 32.2161945303844, -90.1 32.43, -91.61979800349016 32.87222388479775, -87.43883896411941 35.88293715542125))"
92C,2019-06-07 23:55:00+00:00,2019-06-08 01:55:00+00:00,0.0,45000.0,"POLYGON ((-95.2 36.9936310442636, -93.54961155379007 36.057644937086124, -93.95996591937745 34.774783481838234, -96.21190640223001 35.20215949653443, -96.17156708014923 36.32672812301073, -95.2 36.9936310442636))"
90C,2019-06-07 23:55:00+00:00,2019-06-08 01:55:00+00:00,0.0,45000.0,"POLYGON ((-89.04093694470487 29.846534814906935, -87.91977605708156 29.807027638847178, -87.48383353268672 28.199594628992333, -90.67654136328716 27.949127622195764, -89.04093694470487 29.846534814906935))"
89C,2019-06-07 23:55:00+00:00,2019-06-08 01:55:00+00:00,0.0,45000.0,"POLYGON ((-103.82542572368271 45.36048884881434, -102.35934286812322 42.70807838211194, -103.79271350318164 40.84247184342569, -105.72 41.34, -105.80104258785539 43.80721605283886, -103.82542572368271 45.36048884881434))"
55W,2019-06-07 23:55:00+00:00,2019-06-08 01:55:00+00:00,0.0,26000.0,"POLYGON ((-120.09626591184035 46.8047680357085, -117.61055991747808 46.07432583505349, -118.94000000000001 45.533631044263615, -120.43999999999998 46.23726208852723, -120.09626591184035 46.8047680357085))"
54W,2019-06-07 23:55:00+00:00,2019-06-08 01:55:00+00:00,0.0,30000.0,"POLYGON ((-117.9535219762103 48.97541809741828, -118.10877789749816 48.32753880577374, -118.69024879639113 48.26100599022504, -118.96536306290052 48.95943970677452, -117.9535219762103 48.97541809741828))"
53W,2019-06-07 23:55:00+00:00,2019-06-08 01:55:00+00:00,0.0,40000.0,"POLYGON ((-105.95 47.37821373441836, -103.82542572368271 45.36048884881434, -107.69668721166077 42.38246259229515, -108.3 43.46, -105.95 47.37821373441836))"
KILO 2,2019-06-08 00:10:00+00:00,2019-06-08 04:10:00+00:00,,,"POLYGON ((-67.3 25, -64.15 22.3, -64 21.15, -68.15 21, -70 24.3, -67.3 25))"
1C,2019-06-08 00:55:00+00:00,2019-06-08 02:55:00+00:00,,,"POLYGON ((-97.61662286441434 49.53756832927401, -97.6056436102329 47.98922372942566, -100.246881225567 46.56456669016099, -97.81643345394816 49.52886612781975, -97.75302222114063 48.07288560646087, -100.3418278578486 46.74059264568567, -97.70059024251452 48.16524968495034, -97.5532116316068 48.08158780791513, -97.61662286441434 49.53756832927401))"
6E,2019-06-08 00:55:00+00:00,2019-06-08 02:55:00+00:00,,,"POLYGON ((-80.51482421877716 29.76390438226464, -80.37474985953125 29.32914033514041, -80.37038501280848 29.30798482617246, -80.24531143922304 27.99885484792865, -80.24585184033437 28.0034065887282, -80.20189584443561 27.69393401310732, -80.56511358879419 29.26780803874527, -80.7051879480401 29.7025720858695, -80.44440486193152 27.97983356946941, -80.56947843551696 29.28896354771322, -80.39990846492144 27.66580925304898, -80.4438644608202 27.97528182866986, -80.51482421877716 29.76390438226464))"
3C,2019-06-08 00:55:00+00:00,2019-06-08 02:55:00+00:00,,,"POLYGON ((-105.6704239004557 41.42684590004123, -103.2089381200237 39.89719010791624, -104.3474747877277 38.23352355057714, -105.7695760995443 41.25315409995878, -103.3410394318403 39.86682065729788, -104.5125252122723 38.34647644942286, -103.3739885445682 40.01014300676196, -103.2418872327516 40.04051245738033, -105.6704239004557 41.42684590004123))"
2E,2019-06-08 00:55:00+00:00,2019-06-08 02:55:00+00:00,,,"POLYGON ((-80.291934123301 36.21766897205993, -83.02217859623492 34.71932563515929, -82.2851947529549 36.19778781402633, -81.91248315889969 34.87572720786648, -83.09415882184811 34.66548428549837, -80.1788952968379 36.05267738526884, -81.87348058676845 34.89168526293744, -82.4641888863819 36.2870128116375, -83.20117272966193 34.80855063277046, -83.12919250404875 34.86239198243138, -81.94751684110032 35.07263490479949, -81.98651941323156 35.05667684972853, -80.291934123301 36.21766897205993))"
5E,2019-06-08 00:55:00+00:00,2019-06-08 02:55:00+00:00,,,"POLYGON ((-83.16867078861578 29.64266918814475, -82.80115284551908 28.16779689200111, -86.68 29.82525901399362, -89.21677706333531 28.85668806392064, -83.16867078861578 29.64266918814475))"
4C,2019-06-08 00:55:00+00:00,2019-06-08 02:55:00+00:00,0.0,42000.0,"POLYGON ((-103.6 37.26, -103.6 36.68171624231642, -104.6163603034074 36.285277129781655, -105.00810806880229 36.7570527919393, -103.6 37.26))"
3E,2019-06-08 00:55:00+00:00,2019-06-08 02:55:00+00:00,0.0,44000.0,"POLYGON ((-85.9211610358806 35.88293715542125, -85.55599738723137 34.95932449239075, -86.59178618333314 34.28443770024815, -86.99290485450508 35.52477240044752, -85.9211610358806 35.88293715542125))"
4E,2019-06-08 00:55:00+00:00,2019-06-08 02:55:00+00:00,0.0,45000.0,"POLYGON ((-81.62130658695598 34.41478872943104, -80.06244527328374 34.22934265859188, -81.11 32.16, -81.95507001591767 32.00936513770828, -82.16000000000001 33.543631044263606, -81.62130658695598 34.41478872943104))"
1E,2019-06-08 00:55:00+00:00,2019-06-08 02:55:00+00:00,0.0,37000.0,"POLYGON ((-83.81618909762892 36.79435612436977, -83.31937937434304 36.08965145603708, -84.20197461730983 35.28477596877902, -85.15 35.79184477868197, -83.81618909762892 36.79435612436977))"
7E,2019-06-08 00:55:00+00:00,2019-06-08 02:55:00+00:00,0.0,45000.0,"POLYGON ((-79.16163806758793 27.500460269641966, -78.36017565993521 27.306171963528065, -79.08942577615537 25.349494405187173, -79.59857482846496 25.54374708596181, -79.16163806758793 27.500460269641966))"
8C,2019-06-08 00:55:00+00:00,2019-06-08 02:55:00+00:00,0.0,45000.0,"POLYGON ((-87.04779526586864 30.060955930196414, -87.48383353268672 28.199594628992333, -90.1 28.181786265581643, -88.36 29.89815522131804, -87.04779526586864 30.060955930196414))"
6C,2019-06-08 00:55:00+00:00,2019-06-08 02:55:00+00:00,0.0,43000.0,"POLYGON ((-87.24959332346529 35.94765038022213, -86.1980196451252 33.079809490703184, -86.90994995414293 32.218629997188195, -88.51 33.49, -88.97301098284674 34.411370652766195, -87.24959332346529 35.94765038022213))"
5C,2019-06-08 00:55:00+00:00,2019-06-08 02:55:00+00:00,0.0,45000.0,"POLYGON ((-95.55190228076735 36.66087937318012, -93.70303549318562 35.57967658583245, -94.27 34.55815522131803, -96.18545390996505 34.84932725030065, -96.73849221374243 35.87791935953227, -95.55190228076735 36.66087937318012))"
7C,2019-06-08 00:55:00+00:00,2019-06-08 02:55:00+00:00,0.0,45000.0,"POLYGON ((-88.43547962085907 32.50680898743518, -87.64285855404417 30.982695542251694, -92.299577213894 29.431667532541404, -93.11 29.80726208852722, -88.43547962085907 32.50680898743518))"
2C,2019-06-08 00:55:00+00:00,2019-06-08 02:55:00+00:00,0.0,45000.0,"POLYGON ((-106.15926209911943 47.45050436586544, -104.79476056601548 47.32004095002691, -101.88125570471217 43.15091100893687, -102.81022909703415 41.40728547923866, -103.73473862780193 41.42860272531096, -106.15926209911943 47.45050436586544))"
2W,2019-06-08 00:55:00+00:00,2019-06-08 02:55:00+00:00,0.0,30000.0,"POLYGON ((-116.35227268456764 47.92843230120888, -115.00399141182076 46.382225341067745, -119.89279186572145 45.6960399146456, -119.42 47.38, -116.35227268456764 47.92843230120888))"
1W,2019-06-08 00:55:00+00:00,2019-06-08 02:55:00+00:00,0.0,40000.0,"POLYGON ((-106.29252621116018 46.61477144286953, -105.75081174337873 45.214553795015455, -107.57152738490684 42.0266124678051, -109.02 41.75636895573639, -106.29252621116018 46.61477144286953))"
9C,2019-06-08 01:55:00+00:00,2019-06-08 03:55:00+00:00,,,"POLYGON ((-97.55676365063661 49.58478341012452, -97.44107545560247 48.0575191733119, -100.217896425453 46.66982520578687, -97.75535273785817 49.56106897493178, -97.58507289241275 48.13511390560816, -100.307302211852 46.84872910557214, -97.53048124200147 48.23642307309717, -97.38648380519119 48.15882834080091, -97.55676365063661 49.58478341012452))"
11C,2019-06-08 01:55:00+00:00,2019-06-08 03:55:00+00:00,,,"POLYGON ((-104.5018455637318 41.13281887246929, -103.0963468483289 39.99357023173926, -104.1447577502131 38.39291563281621, -104.6194388826186 40.97104183036133, -103.2387966594434 39.96747359161198, -104.3120640535553 38.50249939466962, -103.2636531516711 40.10315399359267, -103.1212033405566 40.12925063371994, -104.5018455637318 41.13281887246929))"
14C,2019-06-08 01:55:00+00:00,2019-06-08 03:55:00+00:00,,,"POLYGON ((-88.44726468528198 33.79114926365651, -89.81319352664094 34.8915491154959, -89.96989377145869 34.84788954050976, -90.42523472297171 33.59734332479188, -89.938664156077 34.73580213751905, -88.57273531471803 33.63540228567966, -90.23730486277228 33.52891549678731, -89.78196391125925 34.77946171250519, -88.44726468528198 33.79114926365651))"
15C,2019-06-08 01:55:00+00:00,2019-06-08 03:55:00+00:00,,,"POLYGON ((-88.5939761913891 32.46092889336512, -91.28875037227075 30.15735901071456, -93.45607882843468 29.91198502956096, -90.98145025073329 30.50389115295809, -91.22101798736664 30.19539037105564, -88.47725796497163 32.29851936278899, -91.00207315015791 30.4840202419463, -93.47857808389317 30.11071545879567, -91.31124962772924 30.35608943994927, -91.37898201263336 30.31805807960819, -91.13941427600001 30.62655886151064, -91.11879137657539 30.64642977252243, -88.5939761913891 32.46092889336512))"
9E,2019-06-08 01:55:00+00:00,2019-06-08 03:55:00+00:00,,,"POLYGON ((-79.82179422040814 36.1370427838291, -81.92026893114422 34.93047459470606, -83.18608059573288 34.80671021082648, -81.06347534973746 35.21345584306684, -81.89837481524941 34.93513247294521, -79.7239675549428 35.96260097827799, -81.04618720175539 35.22110246734607, -83.20554273344445 35.00576102141437, -81.93973106885579 35.12952540529395, -81.9616251847506 35.12486752705479, -81.12672571923865 35.40319089717642, -81.14401386722072 35.39554427289718, -79.82179422040814 36.1370427838291))"
13E,2019-06-08 01:55:00+00:00,2019-06-08 03:55:00+00:00,0.0,45000.0,"POLYGON ((-79.18936711974712 30.05775615153834, -79.02041093088852 29.95073369479969, -80.15438746742629 28.160526669965936, -80.32334365628489 28.267549126704584, -79.18936711974712 30.05775615153834))"
10E,2019-06-08 01:55:00+00:00,2019-06-08 03:55:00+00:00,0.0,44000.0,"POLYGON ((-86.17628231519406 35.73003501507558, -85.28545495435137 35.22705715085325, -86.9 33.67, -86.95218237523396 35.6054267905776, -86.17628231519406 35.73003501507558))"
11E,2019-06-08 01:55:00+00:00,2019-06-08 03:55:00+00:00,0.0,43000.0,"POLYGON ((-81.42064994781386 34.16612711437198, -79.98267252289554 34.118927467006515, -80.8470422997045 32.69399288392373, -81.35205403108436 32.36422386902417, -81.98620720173827 33.70987831280356, -81.42064994781386 34.16612711437198))"
13C,2019-06-08 01:55:00+00:00,2019-06-08 03:55:00+00:00,0.0,35000.0,"POLYGON ((-103.69430067465535 34.77956454280373, -103.50569932534464 34.71300982067091, -103.7862828689902 33.91789817073671, -103.97488421830091 33.984452892869534, -103.69430067465535 34.77956454280373))"
3W,2019-06-08 01:55:00+00:00,2019-06-08 03:55:00+00:00,0.0,35000.0,"POLYGON ((-118.05131919736644 47.54515113665083, -117.9987231686554 47.35219088747026, -119.2311155250015 47.01627225120765, -119.28371155371254 47.209232500388225, -118.05131919736644 47.54515113665083))"
8E,2019-06-08 01:55:00+00:00,2019-06-08 03:55:00+00:00,0.0,45000.0,"POLYGON ((-83.95114009907918 36.72248419739157, -83.31937937434304 36.08965145603708, -84.04658671817685 35.59248847837911, -84.8425572950873 36.2145776418734, -83.95114009907918 36.72248419739157))"
12E,2019-06-08 01:55:00+00:00,2019-06-08 03:55:00+00:00,0.0,43000.0,"POLYGON ((-83.40310348959841 29.47219943584568, -83.04283283229108 28.678048581685758, -84.07805020297604 28.41227188043717, -84.35 29.069048354108855, -83.40310348959841 29.47219943584568))"
10C,2019-06-08 01:55:00+00:00,2019-06-08 03:55:00+00:00,0.0,45000.0,"POLYGON ((-102.3214959537671 46.73178937909735, -101.37847299402559 41.51886229692022, -103.14977090296587 41.40728547923866, -105.78061075720625 44.46867618302617, -105.95 46.38, -102.3214959537671 46.73178937909735))"
16C,2019-06-08 01:55:00+00:00,2019-06-08 03:55:00+00:00,0.0,45000.0,"POLYGON ((-87.04779526586864 30.060955930196414, -85.87981854612578 27.873038097002674, -88.89962923593602 28.11588683181027, -88.36 29.39904835410886, -87.04779526586864 30.060955930196414))"
12C,2019-06-08 01:55:00+00:00,2019-06-08 03:55:00+00:00,0.0,42000.0,"POLYGON ((-103.30345504425772 37.49491193998778, -103.01242926702048 36.78798199337461, -104.48825976310918 36.362058323422325, -104.57645495198484 36.72492214860059, -103.30345504425772 37.49491193998778))"
19C,2019-06-08 02:55:00+00:00,2019-06-08 04:55:00+00:00,,,"POLYGON ((-103.3851902885961 41.75434126050641, -102.8773779083057 40.22306943982188, -102.892339743061 38.43559564214392, -103.5748097114039 41.69074507749148, -103.0721841167306 40.19210835698357, -103.0923327371031 38.43726965948223, -103.0773709023479 40.22474345716019, -102.8825646939229 40.2557045399985, -103.3851902885961 41.75434126050641))"
23C,2019-06-08 02:55:00+00:00,2019-06-08 04:55:00+00:00,,,"POLYGON ((-90.17249893078593 29.94772061328678, -91.45229297130757 30.21675717954585, -91.48175981683804 30.21849977785292, -94.94285401554637 29.90942321745517, -91.49343740301688 30.0210350915248, -90.21364336249525 29.75199852526574, -94.92506475619476 29.71021593281999, -91.46397055748642 30.01929249321774, -90.17249893078593 29.94772061328678))"
15E,2019-06-08 02:55:00+00:00,2019-06-08 04:55:00+00:00,,,"POLYGON ((-81.1930644736911 35.43461361723638, -78.872126292289 35.61613919117941, -78.5502671792693 35.57328043379812, -79.94127876589329 35.95468705726145, -78.88924536524429 35.61997107905729, -81.094058827282 35.26083823929372, -79.86145738011099 35.96309252000218, -78.5238682000244 35.77153051297799, -78.8457273130441 35.81438927035929, -78.8286082400888 35.81055738248141, -79.88064164073779 36.14527336068558, -79.96046302652009 36.13686789794485, -81.1930644736911 35.43461361723638))"
19E,2019-06-08 02:55:00+00:00,2019-06-08 04:55:00+00:00,,,"POLYGON ((-80.50251616295796 29.32891687097593, -80.0817838856151 27.98583166695317, -80.10060850409288 28.02021903673869, -79.2612733155907 27.01999149342362, -80.27263864538139 27.92604487347373, -80.69337092272426 29.26913007749649, -79.41447883840144 26.89142996037313, -80.25381402690361 27.8916575036882, -80.50251616295796 29.32891687097593))"
17E,2019-06-08 02:55:00+00:00,2019-06-08 04:55:00+00:00,0.0,43000.0,"POLYGON ((-80.67935005218614 34.16612711437198, -79.72680976228008 34.096415744375705, -79.90782989006476 33.15706279409366, -81.11 32.59371281826268, -81.05 33.86, -80.67935005218614 34.16612711437198))"
16E,2019-06-08 02:55:00+00:00,2019-06-08 04:55:00+00:00,0.0,44000.0,"POLYGON ((-86.17628231519406 35.73003501507558, -85.21761657189545 35.09354740521422, -86.9 33.67, -86.95218237523396 35.6054267905776, -86.17628231519406 35.73003501507558))"
14E,2019-06-08 02:55:00+00:00,2019-06-08 04:55:00+00:00,0.0,45000.0,"POLYGON ((-84.04081990793958 36.8964137740823, -83.2548918020789 36.40946750570561, -83.89 35.9, -84.39742467268907 36.30784313871909, -84.04081990793958 36.8964137740823))"
17C,2019-06-08 02:55:00+00:00,2019-06-08 04:55:00+00:00,0.0,45000.0,"POLYGON ((-97.81094131125538 49.11419705292096, -97.66194911818296 48.98077544146514, -99.41850014876118 47.01923122509846, -99.5674923418336 47.152652836554275, -97.81094131125538 49.11419705292096))"
20C,2019-06-08 02:55:00+00:00,2019-06-08 04:55:00+00:00,0.0,45000.0,"POLYGON ((-103.23671091122652 37.25944502124387, -103.08899956735516 36.84999110939287, -104.33053544035198 36.48878578176173, -104.48701900683295 36.7960702726046, -103.23671091122652 37.25944502124387))"
21C,2019-06-08 02:55:00+00:00,2019-06-08 04:55:00+00:00,0.0,35000.0,"POLYGON ((-103.25966572962977 34.64115332637247, -103.069474439385 34.579288367671886, -103.23865901220023 34.059164651935255, -103.428850302445 34.12102961063584, -103.25966572962977 34.64115332637247))"
4W,2019-06-08 02:55:00+00:00,2019-06-08 04:55:00+00:00,0.0,35000.0,"POLYGON ((-117.18817689887902 47.35192688678754, -117.16818360020449 47.152928725971634, -118.95971183087424 46.97293430364742, -118.97970512954878 47.171932464463325, -117.18817689887902 47.35192688678754))"
18E,2019-06-08 02:55:00+00:00,2019-06-08 04:55:00+00:00,0.0,43000.0,"POLYGON ((-82.28465204482438 29.597804612880022, -83.37410889149062 27.653595118851918, -85.36157341431154 28.24423513939324, -84.93326234313339 29.169065141989194, -82.28465204482438 29.597804612880022))"
20E,2019-06-08 02:55:00+00:00,2019-06-08 04:55:00+00:00,0.0,45000.0,"POLYGON ((-86.31220473413136 30.060955930196414, -85.87981854612578 27.873038097002674, -87.48383353268672 28.199594628992333, -88.38515919365182 29.169075727715725, -86.31220473413136 30.060955930196414))"
22C,2019-06-08 02:55:00+00:00,2019-06-08 04:55:00+00:00,0.0,45000.0,"POLYGON ((-87.809449757258 32.89982297273524, -87.40551463045553 31.833358741004904, -89.45488213162677 30.319442990420686, -90.72086463045288 30.478720528482903, -87.809449757258 32.89982297273524))"
18C,2019-06-08 02:55:00+00:00,2019-06-08 04:55:00+00:00,0.0,45000.0,"POLYGON ((-102.48824723586094 47.320771081213124, -101.01318666570009 45.077820101802196, -101.02821080663107 42.24696595354722, -104.37391004540873 41.88653378410746, -105.26197134622136 46.84851177606621, -102.48824723586094 47.320771081213124))"
KILO 3,2019-06-08 03:30:00+00:00,2019-06-08 07:30:00+00:00,,,"POLYGON ((-67.45 24.3, -62.15 23.15, -65.3 20.3, -69.45 20.15, -70 24.15, -67.45 24.3))"
26E,2019-06-08 03:55:00+00:00,2019-06-08 05:55:00+00:00,,,"POLYGON ((-80.37710643204673 29.33566914820886, -79.81368937914337 27.92958212086037, -79.82399067077111 27.94886537967445, -79.19734475307436 27.03323227465417, -79.99933996337535 27.85519219832833, -80.56275701627871 29.26127922567682, -79.36239275405086 26.92027583449396, -79.98903867174761 27.83590893951425, -80.37710643204673 29.33566914820886))"
26C,2019-06-08 03:55:00+00:00,2019-06-08 05:55:00+00:00,,,"POLYGON ((-103.3265311952156 41.81424820253391, -103.0771156456142 40.21671722141708, -102.9535293583061 38.50211710490485, -103.5188757573469 41.75944337228608, -103.0735466863925 40.19650403336712, -102.7540468777312 38.51649555905275, -102.8776331650393 40.23109567556499, -102.8812021242611 40.25130886361495, -103.3265311952156 41.81424820253391))"
29C,2019-06-08 03:55:00+00:00,2019-06-08 05:55:00+00:00,,,"POLYGON ((-90.11303085808005 29.94870009887002, -91.48177343900133 30.16605392244557, -91.50825642986182 30.16670653358377, -95.04277862252954 29.78274359313686, -91.51314005246559 29.9685288972974, -90.14439747154431 29.75117507372185, -95.02117925427282 29.5839133457123, -91.4866570616051 29.96787628615921, -90.11303085808005 29.94870009887002))"
23E,2019-06-08 03:55:00+00:00,2019-06-08 05:55:00+00:00,0.0,39000.0,"POLYGON ((-86.14295192258274 36.13880122587485, -85.15 35.53828375768358, -86.53018039110596 33.97613108107706, -87.30883486339403 35.62721705440935, -86.14295192258274 36.13880122587485))"
21E,2019-06-08 03:55:00+00:00,2019-06-08 05:55:00+00:00,0.0,42000.0,"POLYGON ((-84.11 37.03, -83.27650571929635 36.75045636747314, -83.75293884247482 36.16705449293148, -84.61082918974223 36.86297196548393, -84.11 37.03))"
22E,2019-06-08 03:55:00+00:00,2019-06-08 05:55:00+00:00,,,"POLYGON ((-81.89294304805593 35.27573461351157, -78.85627911722433 35.69369762260011, -77.94627911722434 34.62024917193628, -79.88212276059357 35.99718555979212, -78.80976091611724 35.66289333309975, -81.81024068883961 35.09363486123261, -79.81101066486818 36.00160446321885, -77.79372088277567 34.74957815206797, -78.70372088277567 35.8230266027318, -78.75023908388276 35.85383089223217, -79.8226009283591 36.18812311892454, -79.89371302408449 36.18370421549781, -81.89294304805593 35.27573461351157))"
24E,2019-06-08 03:55:00+00:00,2019-06-08 05:55:00+00:00,,,"POLYGON ((-81.11380642501688 33.93699831249167, -79.9380033730538 32.90714810264484, -81.0589394901788 32.24147529614154, -79.58894063731903 34.15364185366407, -79.89218415873428 32.96834417704024, -80.89104092998832 33.87964315242007, -79.66965291415407 34.07974289971731, -80.98619357498312 33.78300168750832, -80.84340195227712 33.90132925433927, -81.1610605098212 32.41343836586059, -80.0401243926962 33.07911117236388, -80.08594360701572 33.01791509796848, -79.78270008560047 34.2032127745923, -79.70198780876542 34.27711172853906, -80.92337582459967 34.07701198124182, -80.97101480231088 34.05532587932262, -81.11380642501688 33.93699831249167))"
27E,2019-06-08 03:55:00+00:00,2019-06-08 05:55:00+00:00,0.0,45000.0,"POLYGON ((-86.38530161259438 30.21484687132116, -84.86113196711594 29.3230706897234, -85.12715133198182 27.888382245393466, -86.68 28.168096708217718, -87.6307966136423 29.190912175467794, -86.38530161259438 30.21484687132116))"
25E,2019-06-08 03:55:00+00:00,2019-06-08 05:55:00+00:00,0.0,43000.0,"POLYGON ((-82.28465204482438 29.597804612880022, -82.89665314046935 27.526904711845656, -85.12715133198182 27.888382245393466, -84.86113196711594 29.3230706897234, -82.28465204482438 29.597804612880022))"
28C,2019-06-08 03:55:00+00:00,2019-06-08 05:55:00+00:00,0.0,45000.0,"POLYGON ((-87.12828046576399 33.20867528053094, -86.09307815150527 32.68091209891812, -89.46733530667773 30.0399310133552, -90.76599373514455 30.287912163885885, -87.12828046576399 33.20867528053094))"
25C,2019-06-08 03:55:00+00:00,2019-06-08 05:55:00+00:00,0.0,45000.0,"POLYGON ((-102.43715419220507 47.935935526027805, -100.77760086251017 45.07612470197925, -101.34532166323301 42.56201319189036, -104.10127033750027 42.07932861820406, -105.31641132413687 45.302292664146236, -102.43715419220507 47.935935526027805))"
24C,2019-06-08 03:55:00+00:00,2019-06-08 05:55:00+00:00,0.0,45000.0,"POLYGON ((-98.66165855452614 48.89992915975619, -96.64861485724528 48.926296066270524, -98.43319646791687 47.184812737030946, -99.31429199057227 47.134034883347056, -98.66165855452614 48.89992915975619))"
27C,2019-06-08 03:55:00+00:00,2019-06-08 05:55:00+00:00,0.0,45000.0,"POLYGON ((-102.76388797243752 37.25706026562896, -102.57649637475797 36.432090705902894, -104.04227361938875 36.48714142637541, -104.17789469453746 37.06759423341364, -102.76388797243752 37.25706026562896))"
37C,2019-06-08 04:55:00+00:00,2019-06-08 06:55:00+00:00,,,"POLYGON ((-90.08110753191768 29.90849417292537, -90.4914458297796 29.07976217246333, -95.16141962846025 29.44760325984773, -89.91889246808232 29.79150582707463, -90.4024858924615 29.12095922146561, -95.14571481765942 29.64698570370303, -90.47574101897877 29.27914461631863, -90.56470095629686 29.23794756731635, -90.08110753191768 29.90849417292537))"
34E,2019-06-08 04:55:00+00:00,2019-06-08 06:55:00+00:00,0.0,45000.0,"POLYGON ((-78.62368584384397 29.276975590273747, -78.05717281155181 28.54391714420933, -78.82164282836543 28.278570567632865, -79.28657631115435 29.287616655852396, -78.62368584384397 29.276975590273747))"
31C,2019-06-08 04:55:00+00:00,2019-06-08 06:55:00+00:00,0.0,45000.0,"POLYGON ((-99.61137770286983 47.47075488919803, -100.16000000000001 44.96828375768358, -103.39881187611263 44.64717626942552, -105.47576025375848 45.577613104793514, -103.82707607909256 46.855134349711115, -99.61137770286983 47.47075488919803))"
34C,2019-06-08 04:55:00+00:00,2019-06-08 06:55:00+00:00,0.0,36000.0,"POLYGON ((-104.48598477819706 39.865194992908165, -103.18 39.292574363474635, -104.71405019195105 38.823923279548055, -104.48598477819706 39.865194992908165))"
35C,2019-06-08 04:55:00+00:00,2019-06-08 06:55:00+00:00,0.0,45000.0,"POLYGON ((-102.54971232053477 37.93278413074425, -101.31354603882075 36.37167235230667, -103.8774664170539 36.15393352455766, -103.80965652560772 37.660513982391095, -102.54971232053477 37.93278413074425))"
36C,2019-06-08 04:55:00+00:00,2019-06-08 06:55:00+00:00,0.0,45000.0,"POLYGON ((-87.29520197803024 32.86797295169385, -87.03829626548246 31.136188373341735, -89.76475319981391 29.645337338663687, -90.25652972124273 30.384016610872816, -87.29520197803024 32.86797295169385))"
29E,2019-06-08 04:55:00+00:00,2019-06-08 06:55:00+00:00,0.0,40000.0,"POLYGON ((-82.20929742441615 36.59367867214132, -77.62417294972991 36.2513194284173, -78.32769177521668 33.42691662199826, -80.13572699382003 35.18727486459552, -82.50799555535994 35.49919474902198, -82.20929742441615 36.59367867214132))"
28E,2019-06-08 04:55:00+00:00,2019-06-08 06:55:00+00:00,0.0,36000.0,"POLYGON ((-85.18867792634903 38.22668492116085, -82.94898922779338 37.406356199840886, -84.11 36.53089313279083, -86.02632305749961 37.74623219634285, -85.18867792634903 38.22668492116085))"
33E,2019-06-08 04:55:00+00:00,2019-06-08 06:55:00+00:00,0.0,45000.0,"POLYGON ((-86.85911761898309 30.893543437506416, -83.05 29.100893132790826, -84.5625264528548 27.89720728744805, -88.1766893803871 28.465932883794697, -86.85911761898309 30.893543437506416))"
31E,2019-06-08 04:55:00+00:00,2019-06-08 06:55:00+00:00,0.0,36000.0,"POLYGON ((-79.51791174927561 34.11227741211031, -78.93700344819342 33.26716295831988, -80.45862342555714 32.536380255278786, -80.60338323692575 33.35930086050207, -79.51791174927561 34.11227741211031))"
32E,2019-06-08 04:55:00+00:00,2019-06-08 06:55:00+00:00,0.0,38000.0,"POLYGON ((-83.10092920006028 32.87980455594683, -81.41287774722005 32.77445916717388, -80.97085795232697 32.27756450007442, -83.23230419144548 32.336385581700746, -83.10092920006028 32.87980455594683))"
30E,2019-06-08 04:55:00+00:00,2019-06-08 06:55:00+00:00,0.0,32000.0,"POLYGON ((-86.10762672598709 36.32963951731279, -85.1222339628285 35.89370591873032, -85.97314922680954 33.98487742775084, -86.93035976389048 34.51771980044433, -86.10762672598709 36.32963951731279))"
30C,2019-06-08 04:55:00+00:00,2019-06-08 06:55:00+00:00,0.0,45000.0,"POLYGON ((-98.66165855452614 48.89992915975619, -95.97429204663038 49.019646063340396, -97.74305486813343 46.49184828535359, -98.92331005003258 46.34090850610287, -98.66165855452614 48.89992915975619))"
33C,2019-06-08 04:55:00+00:00,2019-06-08 06:55:00+00:00,0.0,35000.0,"POLYGON ((-103.61837635513871 42.902433523104975, -103.48 41.89, -105.1778305247477 41.08194652867795, -106.28 42.42452417705443, -103.61837635513871 42.902433523104975))"
32C,2019-06-08 04:55:00+00:00,2019-06-08 06:55:00+00:00,0.0,45000.0,"POLYGON ((-103.81940678559239 43.388922083153396, -101.88125570471217 43.15091100893687, -101.52451023343284 39.69729279552117, -102.76629095611902 39.38504191516434, -103.81940678559239 43.388922083153396))"
5W,2019-06-08 04:55:00+00:00,2019-06-08 06:55:00+00:00,0.0,30000.0,"POLYGON ((-107.93916237485419 46.278552442617325, -107.06 45.33910686720918, -107.92322587751 44.58207250403042, -108.89177063438541 45.34856142355471, -107.93916237485419 46.278552442617325))"
44C,2019-06-08 05:55:00+00:00,2019-06-08 07:55:00+00:00,,,"POLYGON ((-90.46845040831461 29.27830019031512, -93.09485698393543 29.68065735925393, -93.11168877044585 29.68179630258485, -95.15525599350569 29.64728022103044, -93.12514301606457 29.48296376740565, -90.49873644044375 29.08060659846684, -95.15187845261399 29.44730874252032, -93.10831122955415 29.48182482407473, -90.46845040831461 29.27830019031512))"
38E,2019-06-08 05:55:00+00:00,2019-06-08 07:55:00+00:00,0.0,45000.0,"POLYGON ((-79.05495299509762 36.403952057749905, -77.16963905741333 35.92396793281028, -77.60364531405392 33.81544655238512, -78.51540872506457 34.12700570943992, -79.05495299509762 36.403952057749905))"
42E,2019-06-08 05:55:00+00:00,2019-06-08 07:55:00+00:00,0.0,39000.0,"POLYGON ((-78.62368584384397 29.276975590273747, -78.05717281155181 28.54391714420933, -78.82164282836543 28.278570567632865, -79.28657631115435 29.287616655852396, -78.62368584384397 29.276975590273747))"
42C,2019-06-08 05:55:00+00:00,2019-06-08 07:55:00+00:00,0.0,45000.0,"POLYGON ((-102.1725681385502 37.78995325601568, -101.60607321803967 36.527162228139005, -103.25547713298472 36.59166838634925, -103.39034347439227 37.660513982391095, -102.1725681385502 37.78995325601568))"
35E,2019-06-08 05:55:00+00:00,2019-06-08 07:55:00+00:00,0.0,30000.0,"POLYGON ((-85.28004924023642 38.33490056036163, -83.70714819342305 37.797846403413594, -85.25907091559877 37.48474242840236, -86.44 37.595475822945566, -85.28004924023642 38.33490056036163))"
41E,2019-06-08 05:55:00+00:00,2019-06-08 07:55:00+00:00,0.0,43000.0,"POLYGON ((-86.85911761898309 30.893543437506416, -83.05 29.100893132790826, -84.5625264528548 27.89720728744805, -88.1766893803871 28.465932883794697, -86.85911761898309 30.893543437506416))"
40E,2019-06-08 05:55:00+00:00,2019-06-08 07:55:00+00:00,0.0,40000.0,"POLYGON ((-83.10092920006028 32.87980455594683, -81.41287774722005 32.77445916717388, -80.97085795232697 32.27756450007442, -83.23230419144548 32.336385581700746, -83.10092920006028 32.87980455594683))"
37E,2019-06-08 05:55:00+00:00,2019-06-08 07:55:00+00:00,0.0,33000.0,"POLYGON ((-86.10762672598709 36.32963951731279, -85.1222339628285 35.89370591873032, -85.97314922680954 33.98487742775084, -86.93035976389048 34.51771980044433, -86.10762672598709 36.32963951731279))"
36E,2019-06-08 05:55:00+00:00,2019-06-08 07:55:00+00:00,0.0,36000.0,"POLYGON ((-82.70459351014476 36.62962449003041, -80.71 36.590893132790825, -79.98 35.55089313279082, -82.13 35.77452417705443, -82.70459351014476 36.62962449003041))"
39E,2019-06-08 05:55:00+00:00,2019-06-08 07:55:00+00:00,0.0,36000.0,"POLYGON ((-79.0563360166105 34.228520994242764, -78.67360169018221 33.40255639444909, -80.26628498229014 32.42868141715955, -79.7368648472122 34.07627113580098, -79.0563360166105 34.228520994242764))"
38C,2019-06-08 05:55:00+00:00,2019-06-08 07:55:00+00:00,0.0,43000.0,"POLYGON ((-97.81138514275473 48.926296066270524, -95.79331547869717 48.80708497623576, -97.74305486813343 46.49184828535359, -99.01733671490122 46.4941298317688, -97.81138514275473 48.926296066270524))"
41C,2019-06-08 05:55:00+00:00,2019-06-08 07:55:00+00:00,0.0,35000.0,"POLYGON ((-102.50913115733945 41.45196628611707, -101.77399601243113 41.36381358475938, -100.99171969689428 40.071971730078126, -101.93878774618487 39.850850607503126, -102.50913115733945 41.45196628611707))"
43C,2019-06-08 05:55:00+00:00,2019-06-08 07:55:00+00:00,0.0,43000.0,"POLYGON ((-86.59616144442315 33.0548081558199, -86.32 31.720893132790824, -90.3688648645729 28.944450277758065, -90.80593440386266 29.432815042019243, -86.59616144442315 33.0548081558199))"
39C,2019-06-08 05:55:00+00:00,2019-06-08 07:55:00+00:00,0.0,45000.0,"POLYGON ((-99.29127948254707 48.242677659088905, -99.08105669197982 45.41779407597574, -105.95 45.54815522131805, -105.26197134622136 46.84851177606621, -99.29127948254707 48.242677659088905))"
40C,2019-06-08 05:55:00+00:00,2019-06-08 07:55:00+00:00,0.0,45000.0,"POLYGON ((-102.2005932144076 43.388922083153396, -102.19685074609983 42.82404553558604, -105.08387840295907 41.444855986299174, -105.84947518573982 42.32066250408852, -102.2005932144076 43.388922083153396))"
52C,2019-06-08 06:55:00+00:00,2019-06-08 08:55:00+00:00,,,"POLYGON ((-90.52866949992774 29.27746225677519, -92.8454176924347 29.72227764121187, -92.89253190146762 29.71999558549411, -95.8288734658218 28.85496911705443, -92.88312886823411 29.52586514868702, -90.56638067572716 29.08104976425034, -95.77235622355536 28.66312073596509, -92.83601465920118 29.52814720440477, -90.52866949992774 29.27746225677519))"
47E,2019-06-08 06:55:00+00:00,2019-06-08 08:55:00+00:00,0.0,36000.0,"POLYGON ((-79.13542785853127 34.22888316530834, -78.33394266839612 33.41415941280372, -80.10578629753785 32.75641664131959, -79.13542785853127 34.22888316530834))"
50E,2019-06-08 06:55:00+00:00,2019-06-08 08:55:00+00:00,0.0,39000.0,"POLYGON ((-78.62368584384397 29.276975590273747, -78.05717281155181 28.54391714420933, -78.82164282836543 28.278570567632865, -79.28657631115435 29.287616655852396, -78.62368584384397 29.276975590273747))"
43E,2019-06-08 06:55:00+00:00,2019-06-08 08:55:00+00:00,0.0,30000.0,"POLYGON ((-85.58 38.389141878841784, -82.80978991596372 38.134036531995456, -83.2050855021032 37.74216770931573, -85.58 37.66628718173732, -86.44 37.65285469710447, -85.58 38.389141878841784))"
49E,2019-06-08 06:55:00+00:00,2019-06-08 08:55:00+00:00,0.0,45000.0,"POLYGON ((-86.05993996640778 31.685469018992666, -81.94944460196048 28.759938847197883, -83.82516853553126 27.905266182129175, -86.68 28.806006848107472, -86.05993996640778 31.685469018992666))"
51E,2019-06-08 06:55:00+00:00,2019-06-08 08:55:00+00:00,0.0,42000.0,"POLYGON ((-80.73262609557923 25.390392131449328, -80.28 25.221716242316425, -80.8460756492823 24.58699525391474, -81.46190070477357 24.896303277486943, -80.73262609557923 25.390392131449328))"
50C,2019-06-08 06:55:00+00:00,2019-06-08 08:55:00+00:00,0.0,45000.0,"POLYGON ((-102.92675596675866 37.479396014764994, -101.35576858876773 37.34605789652158, -100.97 36.317145302895526, -102.0507728695678 36.090704824054434, -102.92675596675866 37.479396014764994))"
48C,2019-06-08 06:55:00+00:00,2019-06-08 08:55:00+00:00,0.0,35000.0,"POLYGON ((-103.85553396358745 42.55722273826727, -103.48 42.034570939420895, -104.36042097074343 41.51595763364219, -104.31193168085447 42.50037744866167, -103.85553396358745 42.55722273826727))"
45C,2019-06-08 06:55:00+00:00,2019-06-08 08:55:00+00:00,0.0,43000.0,"POLYGON ((-98.32358901893178 49.12920875686387, -94.83372248372685 48.94854746850305, -96.73481772966713 47.64241559023188, -98.48497097974088 47.94272097063234, -98.32358901893178 49.12920875686387))"
44E,2019-06-08 06:55:00+00:00,2019-06-08 08:55:00+00:00,0.0,36000.0,"POLYGON ((-82.20929742441615 36.59367867214132, -79.98 36.38273791147278, -79.98 35.88363104426361, -81.69328759457679 36.086281469997466, -82.20929742441615 36.59367867214132))"
45E,2019-06-08 06:55:00+00:00,2019-06-08 08:55:00+00:00,0.0,36000.0,"POLYGON ((-85.15 35.45910686720919, -85.53483547945474 34.19086697356401, -86.27003320692039 34.572851559987534, -86.36295323836718 35.08681842954281, -85.15 35.45910686720919))"
46E,2019-06-08 06:55:00+00:00,2019-06-08 08:55:00+00:00,0.0,45000.0,"POLYGON ((-79.0712111820706 36.10493022076161, -77.40212595195875 35.27134227849303, -77.56377482256872 33.73479851961093, -78.67602814986918 34.34735883021229, -79.0712111820706 36.10493022076161))"
48E,2019-06-08 06:55:00+00:00,2019-06-08 08:55:00+00:00,0.0,36000.0,"POLYGON ((-84.94700046972524 34.959831122219704, -82.34491009362755 33.773528915290434, -81.65583038422625 32.349828748247305, -84.74806726619461 34.24443827871876, -84.94700046972524 34.959831122219704))"
49C,2019-06-08 06:55:00+00:00,2019-06-08 08:55:00+00:00,0.0,38000.0,"POLYGON ((-101.56210118911311 40.79247686957094, -101.19201143456726 40.007438518178915, -101.9954660121806 39.624882559652676, -102.16728649681836 40.84247184342569, -101.56210118911311 40.79247686957094))"
51C,2019-06-08 06:55:00+00:00,2019-06-08 08:55:00+00:00,0.0,43000.0,"POLYGON ((-86.59616144442315 33.0548081558199, -86.32 31.720893132790824, -89.52835033643807 29.178786073129128, -90.97750296040424 28.858807022645482, -86.59616144442315 33.0548081558199))"
47C,2019-06-08 06:55:00+00:00,2019-06-08 08:55:00+00:00,0.0,45000.0,"POLYGON ((-104.05011255098735 47.38050672526364, -102.58483994101807 46.55244037390839, -103.8872416146282 46.53620877865849, -105.65237913340492 44.831353799245804, -106.13354320568484 46.07244285844927, -104.05011255098735 47.38050672526364))"
46C,2019-06-08 06:55:00+00:00,2019-06-08 08:55:00+00:00,0.0,45000.0,"POLYGON ((-100.79021405798692 48.2589171360993, -96.66665241089504 47.59588349247036, -99.046041668837 45.888579782580955, -102.09324902808264 47.04901075422126, -100.79021405798692 48.2589171360993))"
53C,2019-06-08 06:55:00+00:00,2019-06-08 08:55:00+00:00,0.0,45000.0,"POLYGON ((-86.68 29.665417309845242, -86.68 28.500834619690497, -89.16428373187601 28.35326538449789, -86.68 29.665417309845242))"
KILO 4,2019-06-08 07:15:00+00:00,2019-06-08 11:15:00+00:00,,,"POLYGON ((-67.3 24.15, -63.3 22.45, -66.15 19.45, -69.3 20, -72.15 23, -67.3 24.15))"
56E,2019-06-08 07:55:00+00:00,2019-06-08 09:55:00+00:00,0.0,36000.0,"POLYGON ((-86.05116513660599 35.62721705440935, -83.67441575315985 35.00610936001309, -83.94654922040172 34.03792968524566, -85.64646824846585 34.55007995703134, -86.05116513660599 35.62721705440935))"
59E,2019-06-08 07:55:00+00:00,2019-06-08 09:55:00+00:00,0.0,42000.0,"POLYGON ((-80.73262609557923 25.390392131449328, -80.28 25.36628718173732, -80.8460756492823 24.58699525391474, -81.92194666532825 24.857083098290975, -80.73262609557923 25.390392131449328))"
53E,2019-06-08 07:55:00+00:00,2019-06-08 09:55:00+00:00,0.0,36000.0,"POLYGON ((-82.19888975595016 36.57354635531913, -79.77366033336334 36.45052195441257, -79.77575042307284 35.64912806525253, -81.65795853315211 35.56396162707275, -82.19888975595016 36.57354635531913))"
52E,2019-06-08 07:55:00+00:00,2019-06-08 09:55:00+00:00,0.0,30000.0,"POLYGON ((-85.38550927032645 38.796691366288044, -83.78815939064454 38.30084379181796, -83.76040360543843 37.6973198015194, -86.09673334958032 37.68995732832941, -86.26097171185161 38.31933736247136, -85.38550927032645 38.796691366288044))"
60C,2019-06-08 07:55:00+00:00,2019-06-08 09:55:00+00:00,0.0,45000.0,"POLYGON ((-86.68 29.81800342405373, -85.98181874002594 29.358899501781377, -87.97441691541736 28.38867769506501, -88.36 29.284290605791067, -86.68 29.81800342405373))"
55C,2019-06-08 07:55:00+00:00,2019-06-08 09:55:00+00:00,0.0,45000.0,"POLYGON ((-104.0369343808698 47.84240925458834, -102.93263005831238 47.12701751024215, -105.07078367655963 45.763242147049894, -105.65474047097385 46.17516488074833, -104.0369343808698 47.84240925458834))"
56C,2019-06-08 07:55:00+00:00,2019-06-08 09:55:00+00:00,0.0,35000.0,"POLYGON ((-101.8072936082111 40.71320547588837, -100.99334801261435 40.50598304567661, -101.11332870386511 40.03284548493857, -102.08857452069141 39.69600287842828, -101.8072936082111 40.71320547588837))"
60E,2019-06-08 07:55:00+00:00,2019-06-08 09:55:00+00:00,0.0,32000.0,"POLYGON ((-83.26364094710507 24.582926252780663, -82.13841375684022 24.716954899720363, -82.07870782025289 23.9749247783217, -83.14679317876859 24.07469221014595, -83.26364094710507 24.582926252780663))"
54E,2019-06-08 07:55:00+00:00,2019-06-08 09:55:00+00:00,0.0,36000.0,"POLYGON ((-77.31021184620977 34.539726855997316, -76.02243555084308 33.699426699793655, -77.87 32.353572531163294, -78.40326322893375 32.30632635237686, -78.10008412916451 33.888669840789085, -77.31021184620977 34.539726855997316))"
58E,2019-06-08 07:55:00+00:00,2019-06-08 09:55:00+00:00,0.0,39000.0,"POLYGON ((-77.90182995378836 30.407647758682796, -77.33292425561181 28.79014587564077, -77.86366744383696 28.610195383562644, -78.44146809343414 30.228466654828352, -77.90182995378836 30.407647758682796))"
57E,2019-06-08 07:55:00+00:00,2019-06-08 09:55:00+00:00,0.0,45000.0,"POLYGON ((-84.2134426190316 30.517569592708433, -81.51 30.00726208852722, -82.75194477929139 27.756276448164257, -86.68 28.500834619690497, -84.2134426190316 30.517569592708433))"
55E,2019-06-08 07:55:00+00:00,2019-06-08 09:55:00+00:00,0.0,45000.0,"POLYGON ((-78.46326342017949 36.484404997070655, -77.75351057152548 35.86563383959051, -78.78 35.370893132790826, -78.46326342017949 36.484404997070655))"
57C,2019-06-08 07:55:00+00:00,2019-06-08 09:55:00+00:00,0.0,45000.0,"POLYGON ((-100.28475762918184 37.56623764438111, -100.26100716629637 36.212061646304804, -101.64 35.789106867209185, -102.69 37.53452417705443, -100.28475762918184 37.56623764438111))"
59C,2019-06-08 07:55:00+00:00,2019-06-08 09:55:00+00:00,0.0,45000.0,"POLYGON ((-89.82289715498293 29.786215195833986, -89.11674504890887 29.528727933702225, -91.30037076406397 28.11588683181027, -94.39425047683054 28.04616856105403, -95.17135684729308 28.755227741662534, -89.82289715498293 29.786215195833986))"
58C,2019-06-08 07:55:00+00:00,2019-06-08 09:55:00+00:00,0.0,43000.0,"POLYGON ((-86.33765578937945 33.19816254181924, -85.43668804384119 32.58868016710795, -86.8588801983861 30.76621046740255, -88.1388533192434 30.268697876454265, -87.41467402561494 32.597286165297675, -86.33765578937945 33.19816254181924))"
54C,2019-06-08 07:55:00+00:00,2019-06-08 09:55:00+00:00,0.0,43000.0,"POLYGON ((-100.21495089866578 48.960884473654744, -94.57870979123473 48.882446840330374, -98.18638017131217 46.36018276450197, -101.48012065742206 47.952432868301955, -100.21495089866578 48.960884473654744))"
68E,2019-06-08 08:55:00+00:00,2019-06-08 10:55:00+00:00,0.0,45000.0,"POLYGON ((-86.23330799696137 29.89427044895461, -85.52302715820731 29.372487430799108, -86.68 28.516864969265686, -88.2787114698604 29.16767734840468, -86.23330799696137 29.89427044895461))"
65E,2019-06-08 08:55:00+00:00,2019-06-08 10:55:00+00:00,0.0,35000.0,"POLYGON ((-84.54770640145541 35.6769055099082, -83.0506993225797 34.90420053168644, -83.50091042414681 34.299136502125464, -84.77718748742035 34.652748465185745, -84.54770640145541 35.6769055099082))"
64E,2019-06-08 08:55:00+00:00,2019-06-08 10:55:00+00:00,0.0,36000.0,"POLYGON ((-78.50504700490238 36.403952057749905, -77.73399419579827 36.6978775817327, -78.06638918499631 35.86788987972653, -79.11852570662346 35.201693075455005, -78.50504700490238 36.403952057749905))"
71E,2019-06-08 08:55:00+00:00,2019-06-08 10:55:00+00:00,0.0,32000.0,"POLYGON ((-82.13809929522644 24.89630327748694, -82.09351561698493 24.479065869222808, -82.6789928245153 24.255503404830634, -82.75392435071771 24.58699525391474, -82.13809929522644 24.89630327748694))"
70E,2019-06-08 08:55:00+00:00,2019-06-08 10:55:00+00:00,0.0,32000.0,"POLYGON ((-81.02004213063793 25.521504637156102, -80.28 25.36628718173732, -80.64624863662536 24.998145904078207, -81.8 25.02371281826268, -81.02004213063793 25.521504637156102))"
64C,2019-06-08 08:55:00+00:00,2019-06-08 10:55:00+00:00,0.0,44000.0,"POLYGON ((-94.29773101624471 29.035776245217505, -92.3543965037356 28.53504364351811, -93.11 28.260577787528376, -94.34293254314585 28.026545360709534, -95.24742699699355 28.36857154434882, -94.29773101624471 29.035776245217505))"
67E,2019-06-08 08:55:00+00:00,2019-06-08 10:55:00+00:00,0.0,43000.0,"POLYGON ((-83.73994109802422 31.188257217783516, -81.33001737194684 29.760934293773236, -83.58517661441802 27.014182684276577, -85.66430339525179 28.674167851148454, -83.73994109802422 31.188257217783516))"
61E,2019-06-08 08:55:00+00:00,2019-06-08 10:55:00+00:00,0.0,34000.0,"POLYGON ((-84.2480001706834 38.666203929371676, -83.54366212495671 38.10459663679644, -84.83849765035797 37.50945863584752, -86.70542469117643 37.92529427799425, -86.4857187373253 38.8023833015976, -84.2480001706834 38.666203929371676))"
62E,2019-06-08 08:55:00+00:00,2019-06-08 10:55:00+00:00,0.0,36000.0,"POLYGON ((-81.7472507134895 36.566722784521275, -79.39447727087831 36.51914217556925, -79.98 35.38452417705442, -81.34326087699507 35.95789079413749, -81.7472507134895 36.566722784521275))"
63E,2019-06-08 08:55:00+00:00,2019-06-08 10:55:00+00:00,0.0,45000.0,"POLYGON ((-76.93560817709788 34.66478773594719, -75.45232160042883 34.326234603038515, -76.89048327355702 32.347912658677075, -78.40326322893375 32.30632635237686, -78.10008412916451 33.888669840789085, -76.93560817709788 34.66478773594719))"
69E,2019-06-08 08:55:00+00:00,2019-06-08 10:55:00+00:00,0.0,41000.0,"POLYGON ((-76.52533568609658 31.575903377538353, -77.15560432621213 28.84966777351555, -78.39258495235237 28.428185245373538, -78.26180803897103 30.28843962988686, -76.52533568609658 31.575903377538353))"
66E,2019-06-08 08:55:00+00:00,2019-06-08 10:55:00+00:00,0.0,45000.0,"POLYGON ((-85.94562435103832 33.30250918377004, -85.1341753378059 32.896272183205, -87.26573242780971 29.59904276773545, -88.0656003938633 30.114848192734076, -86.90994995414293 32.218629997188195, -85.94562435103832 33.30250918377004))"
61C,2019-06-08 08:55:00+00:00,2019-06-08 10:55:00+00:00,0.0,45000.0,"POLYGON ((-100.39620714899094 48.844769272112025, -94.34380769498172 48.82090520098822, -98.30669062113854 46.74075743974017, -99.79081151230267 48.25025526953271, -100.39620714899094 48.844769272112025))"
63C,2019-06-08 08:55:00+00:00,2019-06-08 10:55:00+00:00,0.0,45000.0,"POLYGON ((-100.43269931555481 37.68434428413988, -99.73417614476224 36.22227075484995, -100.91408644530053 35.876040035675935, -102.3686402886622 37.58474085759155, -100.43269931555481 37.68434428413988))"
62C,2019-06-08 08:55:00+00:00,2019-06-08 10:55:00+00:00,0.0,33000.0,"POLYGON ((-101.48012065742206 47.952432868301955, -100.95122090793855 47.22077228802461, -104.62258037094148 45.99028272816203, -104.82952098243902 46.69288351613736, -103.86373365607824 47.68853394889039, -101.48012065742206 47.952432868301955))"
KILO 5,2019-06-08 09:30:00+00:00,2019-06-08 13:30:00+00:00,,,"POLYGON ((-63.45 25, -61.3 23.3, -63.45 20.3, -71.15 20.3, -72.15 22.45, -63.45 25))"
74E,2019-06-08 09:55:00+00:00,2019-06-08 11:55:00+00:00,0.0,36000.0,"POLYGON ((-85.52561336793285 35.26610379084663, -85.2173965168044 34.82641524374998, -86.84181836991704 34.48698277166315, -86.86433975294516 35.21953952060868, -85.52561336793285 35.26610379084663))"
75E,2019-06-08 09:55:00+00:00,2019-06-08 11:55:00+00:00,0.0,36000.0,"POLYGON ((-84.54770640145541 35.6769055099082, -83.50286574487646 35.100530560570405, -83.65169105117165 34.699494821601824, -84.82361103025022 35.07021342502645, -84.54770640145541 35.6769055099082))"
78E,2019-06-08 09:55:00+00:00,2019-06-08 11:55:00+00:00,0.0,43000.0,"POLYGON ((-83.6638183332078 31.437171228573096, -82.76818683804593 31.005475972924508, -83.73197620061504 30.177245489704976, -84.52967475444048 31.4553217977527, -83.6638183332078 31.437171228573096))"
66C,2019-06-08 09:55:00+00:00,2019-06-08 11:55:00+00:00,0.0,30000.0,"POLYGON ((-100.63855205156618 48.25816020366013, -100.99628174893978 47.2938041520324, -102.1357298308737 46.85824830023374, -102.44309959312164 47.393802527488, -102.08901467708671 48.035923872236886, -100.63855205156618 48.25816020366013))"
67C,2019-06-08 09:55:00+00:00,2019-06-08 11:55:00+00:00,0.0,38000.0,"POLYGON ((-100.47154444260106 37.71526285340273, -99.52104873463446 36.33946329300086, -100.15286608045734 35.80542452821307, -102.04410953276388 37.68708964854766, -100.47154444260106 37.71526285340273))"
69C,2019-06-08 09:55:00+00:00,2019-06-08 11:55:00+00:00,0.0,44000.0,"POLYGON ((-89.57087705355593 29.36995977389581, -90.60520459073649 28.10311866850767, -91.69516255785116 27.758872772446416, -91.05273608073787 29.176628054280616, -89.57087705355593 29.36995977389581))"
73E,2019-06-08 09:55:00+00:00,2019-06-08 11:55:00+00:00,0.0,45000.0,"POLYGON ((-76.55987715820574 34.78869940334471, -73.62264378716961 34.114989610031834, -76.74368634706377 32.03923455358845, -79.0494011873955 32.88609514263001, -76.55987715820574 34.78869940334471))"
80E,2019-06-08 09:55:00+00:00,2019-06-08 11:55:00+00:00,0.0,41000.0,"POLYGON ((-75.09712750263503 31.96570934297392, -77.48803233666251 27.611235972021877, -78.98711815426667 27.67189156830133, -77.14498795407901 31.837907326729614, -75.09712750263503 31.96570934297392))"
79E,2019-06-08 09:55:00+00:00,2019-06-08 11:55:00+00:00,0.0,43000.0,"POLYGON ((-81.51 30.34, -81.37917723862456 29.064448955009638, -83.48693924423002 27.39687001735732, -88.52442097808046 28.59778243474089, -85.5945779841221 29.88434846892559, -81.51 30.34))"
76E,2019-06-08 09:55:00+00:00,2019-06-08 11:55:00+00:00,0.0,45000.0,"POLYGON ((-86.9 34.002737911472785, -85.00826235240366 34.099264778247814, -83.3696978843305 32.92496973579902, -86.16999498027374 31.912501634697623, -86.9 34.002737911472785))"
77E,2019-06-08 09:55:00+00:00,2019-06-08 11:55:00+00:00,0.0,45000.0,"POLYGON ((-86.26748063707046 31.182268496522102, -86.31220473413136 30.060955930196414, -87.19331025105335 29.75305350671482, -87.99257532348068 29.960957988443386, -87.39789486030591 31.08268770101597, -86.26748063707046 31.182268496522102))"
72E,2019-06-08 09:55:00+00:00,2019-06-08 11:55:00+00:00,0.0,36000.0,"POLYGON ((-80.47200189893154 36.6286469969386, -77.79566251361739 36.57681222544997, -78.20273040840794 35.39805379463034, -81.10640097824518 35.49730933780025, -80.47200189893154 36.6286469969386))"
68C,2019-06-08 09:55:00+00:00,2019-06-08 11:55:00+00:00,0.0,38000.0,"POLYGON ((-94.00790516320308 28.77679499917426, -93.11 28.476310442636077, -93.11 27.977203575426895, -94.04870196712392 27.91352960498772, -95.08790042247497 28.308838757771724, -94.00790516320308 28.77679499917426))"
65C,2019-06-08 09:55:00+00:00,2019-06-08 11:55:00+00:00,0.0,45000.0,"POLYGON ((-98.66165855452614 48.89992915975619, -94.57870979123473 48.882446840330374, -96.15718462713566 47.2184849138258, -98.1124517900164 48.2009865401301, -98.66165855452614 48.89992915975619))"
72C,2019-06-08 10:55:00+00:00,2019-06-08 12:55:00+00:00,,,"POLYGON ((-95.74689818867705 28.66053338979414, -95.57117604020613 28.59565344236761, -95.6382782787095 28.59642658043822, -93.14246580583789 29.45311793436588, -95.64044890553711 28.40803342710048, -95.81617105400804 28.47291337452701, -93.07753419416211 29.26395164295754, -95.57334666703373 28.40726028902988, -95.74689818867705 28.66053338979414))"
89E,2019-06-08 10:55:00+00:00,2019-06-08 12:55:00+00:00,0.0,35000.0,"POLYGON ((-82.57488417181274 25.81221170199911, -81.02004213063793 25.521504637156102, -81.8 24.87914187884179, -82.09403486960629 24.700364177046957, -82.57488417181274 25.81221170199911))"
71C,2019-06-08 10:55:00+00:00,2019-06-08 12:55:00+00:00,0.0,33000.0,"POLYGON ((-106.77158614498705 40.6847728581162, -105.53286815412584 40.0833613139436, -106.67631384591898 39.03910554319362, -107.75816823347974 39.7134040178526, -106.77158614498705 40.6847728581162))"
81E,2019-06-08 10:55:00+00:00,2019-06-08 12:55:00+00:00,0.0,39000.0,"POLYGON ((-78.0486951032741 36.45599314107421, -78.34640994659769 35.51629790861095, -79.98 35.71726208852721, -79.90109950756884 36.203679043783254, -78.0486951032741 36.45599314107421))"
83E,2019-06-08 10:55:00+00:00,2019-06-08 12:55:00+00:00,0.0,45000.0,"POLYGON ((-86.44486784829792 35.67865509373724, -83.26844907484815 33.45794791023677, -84.83285059182455 31.849851312657627, -87.49970507546097 33.66855187122524, -86.44486784829792 35.67865509373724))"
82E,2019-06-08 10:55:00+00:00,2019-06-08 12:55:00+00:00,0.0,45000.0,"POLYGON ((-76.55987715820574 34.78869940334471, -73.48445029602838 33.994284181857886, -76.74368634706377 32.03923455358845, -79.0494011873955 32.88609514263001, -76.55987715820574 34.78869940334471))"
87E,2019-06-08 10:55:00+00:00,2019-06-08 12:55:00+00:00,0.0,41000.0,"POLYGON ((-76.67065906260929 31.884832305941785, -74.82793940888712 31.723997120322434, -76.80035650834265 28.968014159304357, -78.0819286218926 30.3481669607459, -76.67065906260929 31.884832305941785))"
85E,2019-06-08 10:55:00+00:00,2019-06-08 12:55:00+00:00,0.0,38000.0,"POLYGON ((-84.10954468657029 31.59620638684762, -82.90040970420019 31.5394070077945, -81.91746169427603 29.986446481500316, -83.7713395802896 30.39872461181551, -84.10954468657029 31.59620638684762))"
84E,2019-06-08 10:55:00+00:00,2019-06-08 12:55:00+00:00,0.0,43000.0,"POLYGON ((-86.68 31.162737911472774, -85.78203803091989 31.145237279696147, -85.99915682857404 30.240016139093544, -87.26573242780971 29.59904276773545, -87.99257532348068 29.960957988443386, -86.68 31.162737911472774))"
86E,2019-06-08 10:55:00+00:00,2019-06-08 12:55:00+00:00,0.0,45000.0,"POLYGON ((-85.41505289156872 30.01367915924098, -81.80324863503313 29.724853320855093, -81.37917723862456 29.064448955009638, -82.89665314046935 27.526904711845656, -88.87302320796245 28.728742840558308, -85.41505289156872 30.01367915924098))"
88E,2019-06-08 10:55:00+00:00,2019-06-08 12:55:00+00:00,0.0,40000.0,"POLYGON ((-79.5148168257957 29.863520091530443, -77.15560432621213 28.84966777351555, -77.48803233666251 27.611235972021877, -78.36017565993521 27.306171963528065, -79.5148168257957 29.863520091530443))"
73C,2019-06-08 10:55:00+00:00,2019-06-08 12:55:00+00:00,0.0,41000.0,"POLYGON ((-90.62912294644406 29.36995977389581, -88.95672772293237 29.1751444707926, -90.1 28.181786265581643, -91.16819071059288 28.23463979765442, -90.62912294644406 29.36995977389581))"
70C,2019-06-08 10:55:00+00:00,2019-06-08 12:55:00+00:00,0.0,45000.0,"POLYGON ((-94.6750632762961 49.38663929592127, -94.41564130418922 48.565621260248705, -96.66665241089504 47.59588349247036, -98.48570795336963 49.019646063340396, -95.5240646672234 49.123808537594876, -94.6750632762961 49.38663929592127))"
97E,2019-06-08 11:55:00+00:00,2019-06-08 13:55:00+00:00,0.0,35000.0,"POLYGON ((-81.53379442271535 25.99552441694599, -81.02004213063793 25.521504637156102, -81.92194666532825 24.857083098290975, -82.46192584628776 25.915018749823794, -81.53379442271535 25.99552441694599))"
93E,2019-06-08 11:55:00+00:00,2019-06-08 13:55:00+00:00,0.0,36000.0,"POLYGON ((-83.65000000000002 32.256287181737314, -82.62981498175596 31.437717050694705, -82.51 30.817145302895533, -83.6927717043872 31.147473050320073, -83.65000000000002 32.256287181737314))"
90E,2019-06-08 11:55:00+00:00,2019-06-08 13:55:00+00:00,0.0,45000.0,"POLYGON ((-76.18 35.095417309845246, -74.95457283026558 33.79440484970139, -75.36773499266985 32.20685054757154, -77.86242363578312 32.10709887104252, -78.65320077223997 32.882346770485604, -76.18 35.095417309845246))"
96E,2019-06-08 11:55:00+00:00,2019-06-08 13:55:00+00:00,0.0,41000.0,"POLYGON ((-79.15791280685917 29.986136100543057, -77.15560432621213 28.84966777351555, -77.31302444862477 27.671594119567153, -78.88114592700765 27.120543956737375, -79.15791280685917 29.986136100543057))"
95E,2019-06-08 11:55:00+00:00,2019-06-08 13:55:00+00:00,0.0,41000.0,"POLYGON ((-76.59787624662071 31.730388451360884, -74.82793940888712 31.723997120322434, -76.97808172116771 28.908957479633735, -77.9792078756522 31.108432486859222, -76.59787624662071 31.730388451360884))"
92E,2019-06-08 11:55:00+00:00,2019-06-08 13:55:00+00:00,0.0,43000.0,"POLYGON ((-86.75402542140615 30.676274080611357, -85.96590365845428 30.57337477620931, -86.23933479413192 29.907024684205624, -87.91977605708156 29.807027638847178, -87.81522181644986 30.258299661579724, -86.75402542140615 30.676274080611357))"
94E,2019-06-08 11:55:00+00:00,2019-06-08 13:55:00+00:00,0.0,45000.0,"POLYGON ((-87.1206652058681 29.907024684205624, -83.58132911307538 29.789941789856222, -81.11 29.466368955736392, -82.55 27.566368955736397, -88.1766893803871 28.465932883794697, -87.1206652058681 29.907024684205624))"
91E,2019-06-08 11:55:00+00:00,2019-06-08 13:55:00+00:00,0.0,45000.0,"POLYGON ((-86.10078441041736 35.66804004464822, -83.08728738719583 34.02487219175382, -84.29 31.99273791147279, -85.49207857834335 31.511455019267643, -87.06249919976571 34.35633065528978, -86.10078441041736 35.66804004464822))"
74C,2019-06-08 11:55:00+00:00,2019-06-08 13:55:00+00:00,0.0,45000.0,"POLYGON ((-89.82989922330712 29.415010185149914, -88.58950144058872 29.333172526491, -89.43012300846458 28.590130739400426, -90.38995650409866 28.564868342620546, -89.82989922330712 29.415010185149914))"
01E,2019-06-08 12:55:00+00:00,2019-06-08 14:55:00+00:00,0.0,45000.0,"POLYGON ((-86.36926638469437 30.718979358702562, -84.92035258661298 29.196665663689103, -85.29317102156996 28.393120293884394, -88.11317001045909 29.165335372465098, -87.27210677633968 30.317517752031666, -86.36926638469437 30.718979358702562))"
75C,2019-06-08 12:55:00+00:00,2019-06-08 14:55:00+00:00,0.0,45000.0,"POLYGON ((-90.23524680018609 29.645337338663687, -88.36 29.718003424053745, -89.51746012828073 28.667604422380432, -90.71060273319316 28.957315604801913, -90.23524680018609 29.645337338663687))"
02E,2019-06-08 12:55:00+00:00,2019-06-08 14:55:00+00:00,0.0,40000.0,"POLYGON ((-81.81677113187385 29.55280592310109, -81.34 28.54, -83.11217033812774 27.398873183371546, -84.78288043885978 28.059428042500176, -81.81677113187385 29.55280592310109))"
98E,2019-06-08 12:55:00+00:00,2019-06-08 14:55:00+00:00,0.0,45000.0,"POLYGON ((-75.63474990650363 35.18282238171873, -74.03960245309027 34.47617000801013, -75.72272226038726 31.28758283450523, -78.40326322893375 32.30632635237686, -75.63474990650363 35.18282238171873))"
99E,2019-06-08 12:55:00+00:00,2019-06-08 14:55:00+00:00,0.0,45000.0,"POLYGON ((-85.4630986656228 35.57441874148439, -83.14569237672382 34.39249289424904, -83.65 32.69, -85.07181607095315 31.657616916745877, -87.1307414289822 34.13090053652592, -85.4630986656228 35.57441874148439))"
03E,2019-06-08 12:55:00+00:00,2019-06-08 14:55:00+00:00,0.0,41000.0,"POLYGON ((-78.21234012941083 35.677663676693896, -77.1906390217054 35.43224824078843, -77.12757501072767 34.093090724269146, -78.05631349630175 34.41352555713931, -78.21234012941083 35.677663676693896))"
KILO 6,2019-06-08 13:10:00+00:00,2019-06-08 17:10:00+00:00,,,"POLYGON ((-65.15 26.5, -61.55 26.15, -62.35 20.4, -71.2 20.25, -74.05 22.45, -65.4 24.35, -65.15 26.5))"
07E,2019-06-08 13:55:00+00:00,2019-06-08 15:55:00+00:00,0.0,40000.0,"POLYGON ((-86.05924986022382 30.60722036465612, -82.5642076123221 28.01217868503657, -83.66158062744124 27.90652204881655, -89.63350870461389 28.7702834963078, -88.67961080880822 30.061777665082957, -86.05924986022382 30.60722036465612))"
06E,2019-06-08 13:55:00+00:00,2019-06-08 15:55:00+00:00,0.0,45000.0,"POLYGON ((-85.15 35.62547582294558, -83.1567061411277 34.81755678922991, -83.08790507105053 33.159310506872814, -84.706211821248 32.012246792286305, -87.30316521129399 34.64619073208456, -85.15 35.62547582294558))"
04E,2019-06-08 13:55:00+00:00,2019-06-08 15:55:00+00:00,0.0,45000.0,"POLYGON ((-78.02373072458171 35.61296075513031, -77.1906390217054 35.43224824078843, -77.16250051869676 33.759758054480585, -77.71633206826016 34.042494158287965, -78.02373072458171 35.61296075513031))"
05E,2019-06-08 13:55:00+00:00,2019-06-08 15:55:00+00:00,0.0,45000.0,"POLYGON ((-75.55804420623159 35.02874193222278, -73.62264378716961 34.114989610031834, -76.59787624662071 31.730388451360884, -78.65728330880478 31.705967249332993, -75.55804420623159 35.02874193222278))"
08E,2019-06-08 14:55:00+00:00,2019-06-08 16:55:00+00:00,0.0,36000.0,"POLYGON ((-77.16963905741333 35.92396793281028, -77.121585602921 34.9610904084409, -78.20776088421674 35.01736798255824, -77.16963905741333 35.92396793281028))"
12E,2019-06-08 14:55:00+00:00,2019-06-08 16:55:00+00:00,0.0,40000.0,"POLYGON ((-83.05 28.87714530289553, -81.68809198115562 28.232875094341246, -82.7425300109831 27.77641975756051, -83.66158062744124 27.90652204881655, -83.05 28.87714530289553))"
13E,2019-06-08 14:55:00+00:00,2019-06-08 16:55:00+00:00,0.0,42000.0,"POLYGON ((-83.67431775540796 27.395492887903274, -83.07778476558454 26.92844540798563, -83.99087710633145 26.098574124334636, -84.10008087615607 26.81844441120513, -83.67431775540796 27.395492887903274))"
11E,2019-06-08 14:55:00+00:00,2019-06-08 16:55:00+00:00,0.0,45000.0,"POLYGON ((-86.27050255731822 30.47643402914033, -84.28195952825253 29.148646149510487, -83.80957285597897 27.9053942421262, -89.43012300846458 28.590130739400426, -90.02696957020582 29.33368505862, -86.27050255731822 30.47643402914033))"
10E,2019-06-08 14:55:00+00:00,2019-06-08 16:55:00+00:00,0.0,43000.0,"POLYGON ((-84.64655310784002 35.642958140829585, -82.8688883490611 35.05216375048904, -82.7130860700876 33.517766941676705, -84.9082685187687 32.43481681288036, -86.9 34.002737911472785, -84.64655310784002 35.642958140829585))"
09E,2019-06-08 14:55:00+00:00,2019-06-08 16:55:00+00:00,0.0,45000.0,"POLYGON ((-75.55804420623159 35.02874193222278, -73.62264378716961 34.114989610031834, -76.59787624662071 31.730388451360884, -78.65728330880478 31.705967249332993, -75.55804420623159 35.02874193222278))"
OSCAR 1,2019-06-08 15:10:00+00:00,2019-06-08 19:10:00+00:00,0.0,55000.0,"POLYGON ((-154.2 7.1, -149.3 6, -159.4 3.3, -154.2 7.1))"
18E,2019-06-08 15:55:00+00:00,2019-06-08 17:55:00+00:00,0.0,40000.0,"POLYGON ((-82.68 28.632854697104474, -81.68809198115562 28.232875094341246, -82.31928345950539 27.60426431007613, -83.1707982036383 27.90913048926507, -82.68 28.632854697104474))"
77C,2019-06-08 15:55:00+00:00,2019-06-08 17:55:00+00:00,0.0,44000.0,"POLYGON ((-99.93246651090298 42.07350803672346, -98.82512302764329 41.294587184300056, -98.94019000583731 41.13100359548598, -100.047533489097 41.90992444790938, -99.93246651090298 42.07350803672346))"
14E,2019-06-08 15:55:00+00:00,2019-06-08 17:55:00+00:00,0.0,42000.0,"POLYGON ((-83.48693924423002 27.39687001735732, -82.76424539193869 26.93872189329305, -82.97674422181844 26.477122866635312, -83.6011659730496 26.454944154176626, -83.48693924423002 27.39687001735732))"
15E,2019-06-08 15:55:00+00:00,2019-06-08 17:55:00+00:00,0.0,45000.0,"POLYGON ((-75.40549622175546 34.72043723247394, -73.48445029602838 33.994284181857886, -75.36773499266985 32.20685054757154, -78.38501580971713 31.467382158990375, -75.40549622175546 34.72043723247394))"
16E,2019-06-08 15:55:00+00:00,2019-06-08 17:55:00+00:00,0.0,43000.0,"POLYGON ((-84.20197461730983 35.28477596877902, -82.8688883490611 35.05216375048904, -82.38838489201828 33.248674962901866, -85.21 32.21815522131804, -86.59178618333314 34.28443770024815, -84.20197461730983 35.28477596877902))"
17E,2019-06-08 15:55:00+00:00,2019-06-08 17:55:00+00:00,0.0,45000.0,"POLYGON ((-86.27050255731822 30.47643402914033, -83.72258195053587 29.010101918639464, -84.07805020297604 28.41227188043717, -88.69861320022164 28.6633742230678, -89.57087705355593 29.36995977389581, -86.27050255731822 30.47643402914033))"
76C,2019-06-08 15:55:00+00:00,2019-06-08 17:55:00+00:00,0.0,42000.0,"POLYGON ((-99.72887783581582 44.516523620712086, -98.37 44.25541730984525, -98.69 43.46821373441835, -99.72027794867908 43.62062502360564, -99.72887783581582 44.516523620712086))"
LIMA 1,2019-06-08 16:25:00+00:00,2019-06-08 20:25:00+00:00,0.0,46000.0,"POLYGON ((-76.25 27, -78.2 25, -78.4 26.55, -76.25 27))"
KILO 7,2019-06-08 16:45:00+00:00,2019-06-08 20:45:00+00:00,0.0,45000.0,"POLYGON ((-63.5 28.15, -60.5 27.1, -63.3 21.1, -65.2 22.25, -63.5 28.15))"
MIKE 1,2019-06-08 16:50:00+00:00,2019-06-08 20:50:00+00:00,0.0,47000.0,"POLYGON ((-67.1 24.15, -67.5 20.55, -69.45 21.35, -69.2 24, -67.1 24.15))"
24E,2019-06-08 16:55:00+00:00,2019-06-08 18:55:00+00:00,0.0,45000.0,"POLYGON ((-80.4082871168308 33.63703661855354, -79.24221156456878 33.16409346958642, -79.97421370246217 32.75641664131959, -81.11 32.88285469710446, -80.4082871168308 33.63703661855354))"
78C,2019-06-08 16:55:00+00:00,2019-06-08 18:55:00+00:00,0.0,40000.0,"POLYGON ((-99.5837496812839 44.79746641612471, -98.37 44.55257436347464, -99.59738779408006 42.569329831981555, -99.99 43.29285469710447, -99.5837496812839 44.79746641612471))"
80C,2019-06-08 16:55:00+00:00,2019-06-08 18:55:00+00:00,0.0,41000.0,"POLYGON ((-98.46641766985952 42.06908350488517, -98.35000000000001 40.22343248463285, -99.61834662573618 41.90156497882613, -98.46641766985952 42.06908350488517))"
19E,2019-06-08 16:55:00+00:00,2019-06-08 18:55:00+00:00,0.0,41000.0,"POLYGON ((-83.37738481893581 28.162910261171707, -82.11520154849487 27.908848520303266, -82.69302669423489 27.092517366629853, -83.41314469046507 27.079012327272654, -83.37738481893581 28.162910261171707))"
22E,2019-06-08 16:55:00+00:00,2019-06-08 18:55:00+00:00,0.0,45000.0,"POLYGON ((-87.2612358328858 30.82870258450018, -83.72258195053587 29.010101918639464, -84.07805020297604 28.41227188043717, -88.95672772293237 29.1751444707926, -87.2612358328858 30.82870258450018))"
23E,2019-06-08 16:55:00+00:00,2019-06-08 18:55:00+00:00,0.0,43000.0,"POLYGON ((-78.46814088933093 35.254776413331065, -76.74267961425703 33.40369288731016, -79.35420184693157 33.61480023112467, -78.46814088933093 35.254776413331065))"
21E,2019-06-08 16:55:00+00:00,2019-06-08 18:55:00+00:00,0.0,45000.0,"POLYGON ((-83.01300304866108 34.934945113166265, -82.16000000000001 33.21089313279082, -85.33676763534807 32.2161945303844, -86.71517615385714 33.73352912350108, -85.75899189769076 34.95848012104866, -83.01300304866108 34.934945113166265))"
20E,2019-06-08 16:55:00+00:00,2019-06-08 18:55:00+00:00,0.0,45000.0,"POLYGON ((-75.77634587804195 32.567473258060815, -76.72422738252125 29.22834749871398, -79.01170039983428 29.283601544713342, -79.51557544084564 31.812969064738827, -75.77634587804195 32.567473258060815))"
79C,2019-06-08 16:55:00+00:00,2019-06-08 18:55:00+00:00,0.0,36000.0,"POLYGON ((-95.69460320954947 48.653986200346516, -97.57840775248997 46.7476891675276, -98.54940226129166 46.73742035279272, -97.89901575524812 48.418395141551606, -95.69460320954947 48.653986200346516))"
26E,2019-06-08 17:55:00+00:00,2019-06-08 19:55:00+00:00,0.0,45000.0,"POLYGON ((-76.95201633446364 32.47662885145246, -77.77603544266513 30.927212465323862, -79.10488902531782 30.004244923169015, -80.32352417053127 31.88094200419871, -76.95201633446364 32.47662885145246))"
30E,2019-06-08 17:55:00+00:00,2019-06-08 19:55:00+00:00,0.0,43000.0,"POLYGON ((-80.56840246271341 33.69308836030551, -79.24221156456878 33.16409346958642, -79.9181190240978 32.99216799392405, -80.67783385382047 33.10968155047396, -80.56840246271341 33.69308836030551))"
31E,2019-06-08 17:55:00+00:00,2019-06-08 19:55:00+00:00,0.0,45000.0,"POLYGON ((-83.38779118252783 35.49004426213087, -80.76845396856437 32.15954127585023, -83.65000000000002 33.12371281826268, -83.38779118252783 35.49004426213087))"
84C,2019-06-08 17:55:00+00:00,2019-06-08 19:55:00+00:00,0.0,45000.0,"POLYGON ((-87.78779633554258 29.52664926055897, -86.68 29.095148726949265, -88.27609795018772 28.50374976485027, -90.1 28.45714530289553, -87.78779633554258 29.52664926055897))"
83C,2019-06-08 17:55:00+00:00,2019-06-08 19:55:00+00:00,0.0,41000.0,"POLYGON ((-98.61515609355077 42.336409490486716, -98.35000000000001 40.51257436347464, -100.1748967139653 41.04857053511101, -98.61515609355077 42.336409490486716))"
28E,2019-06-08 17:55:00+00:00,2019-06-08 19:55:00+00:00,0.0,45000.0,"POLYGON ((-87.39789486030591 31.08268770101597, -83.34112614395275 28.98486294275094, -84.5625264528548 27.89720728744805, -87.40991619648305 29.290904068838216, -87.39789486030591 31.08268770101597))"
25E,2019-06-08 17:55:00+00:00,2019-06-08 19:55:00+00:00,0.0,45000.0,"POLYGON ((-83.37738481893581 28.162910261171707, -81.55647691247047 28.078713840927172, -79.76700584083355 25.990099428596057, -80.80060415984191 25.32851235785509, -83.37738481893581 28.162910261171707))"
29E,2019-06-08 17:55:00+00:00,2019-06-08 19:55:00+00:00,0.0,45000.0,"POLYGON ((-78.78 35.20452417705443, -76.57372982515872 33.89749217730992, -77.48790643048831 33.58088063478707, -79.23491862066487 33.876343940483956, -78.78 35.20452417705443))"
27E,2019-06-08 17:55:00+00:00,2019-06-08 19:55:00+00:00,0.0,45000.0,"POLYGON ((-84.44 34.12910686720918, -84.24303548968925 32.6886049528404, -85.94685617538487 31.450926878077023, -86.73555185266774 31.866398006836835, -84.44 34.12910686720918))"
82C,2019-06-08 17:55:00+00:00,2019-06-08 19:55:00+00:00,0.0,38000.0,"POLYGON ((-96.64861485724528 48.926296066270524, -95.75884472109179 48.882353803395944, -97.36172530539719 46.39593243635176, -99.55481020380226 46.436227754745985, -96.64861485724528 48.926296066270524))"
81C,2019-06-08 17:55:00+00:00,2019-06-08 19:55:00+00:00,0.0,39000.0,"POLYGON ((-97.42194361462514 45.41607843615473, -99.31229578633206 42.5680031642247, -99.63368630985788 43.466550143163985, -99.02472100265678 45.22712558541912, -97.42194361462514 45.41607843615473))"
36E,2019-06-08 18:55:00+00:00,2019-06-08 20:55:00+00:00,0.0,45000.0,"POLYGON ((-78.98379139412864 35.469129206403444, -78.07008044778533 33.949138645000076, -80.04 32.89, -80.40649142261705 33.1961471822748, -78.98379139412864 35.469129206403444))"
32E,2019-06-08 18:55:00+00:00,2019-06-08 20:55:00+00:00,0.0,45000.0,"POLYGON ((-80.99190801884438 28.232875094341246, -79.79132657259686 26.569037969393626, -80.52470515010462 25.265531115424707, -82.35280022343747 27.90961354889639, -80.99190801884438 28.232875094341246))"
39E,2019-06-08 18:55:00+00:00,2019-06-08 20:55:00+00:00,0.0,45000.0,"POLYGON ((-86.32 31.786287181737322, -86.80850190235617 30.562804310821857, -88.36 30.44085812115821, -86.32 31.786287181737322))"
37E,2019-06-08 18:55:00+00:00,2019-06-08 20:55:00+00:00,0.0,42000.0,"POLYGON ((-87.5907911192946 37.87455391153672, -84.61302281536435 37.194914060018554, -86.61137589562418 36.27354657132984, -88.03854870483669 37.39540612405392, -87.5907911192946 37.87455391153672))"
38E,2019-06-08 18:55:00+00:00,2019-06-08 20:55:00+00:00,0.0,45000.0,"POLYGON ((-83.0684442524197 35.62057421138418, -80.47737091692963 32.37972641345437, -83.84810420575458 33.09054286137974, -83.0684442524197 35.62057421138418))"
33E,2019-06-08 18:55:00+00:00,2019-06-08 20:55:00+00:00,0.0,45000.0,"POLYGON ((-76.81696033297256 32.19359480289175, -77.17672267238457 30.38677481867236, -78.44146809343414 30.228466654828352, -80.04 31.891786265581654, -76.81696033297256 32.19359480289175))"
34E,2019-06-08 18:55:00+00:00,2019-06-08 20:55:00+00:00,0.0,45000.0,"POLYGON ((-84.15664966409861 33.86495836522623, -83.34946255558243 32.07482178501174, -83.60328600413185 31.06995703664485, -86.54463153535866 31.75868660415112, -84.15664966409861 33.86495836522623))"
35E,2019-06-08 18:55:00+00:00,2019-06-08 20:55:00+00:00,0.0,45000.0,"POLYGON ((-85.96590365845428 30.57337477620931, -83.05 29.100893132790826, -83.54712498957396 27.588954191126884, -86.68 28.833572531163288, -85.96590365845428 30.57337477620931))"
88C,2019-06-08 18:55:00+00:00,2019-06-08 20:55:00+00:00,0.0,45000.0,"POLYGON ((-87.6307966136423 29.190912175467794, -86.68 28.500834619690497, -86.68 27.83535879674493, -90.1 28.348155221318038, -87.6307966136423 29.190912175467794))"
85C,2019-06-08 18:55:00+00:00,2019-06-08 20:55:00+00:00,0.0,44000.0,"POLYGON ((-96.94799770918303 45.411176988259584, -97.2256733038903 44.4176657791734, -97.92956652825612 43.64423989652354, -99.24196908728979 45.16200601307713, -96.94799770918303 45.411176988259584))"
87C,2019-06-08 18:55:00+00:00,2019-06-08 20:55:00+00:00,0.0,41000.0,"POLYGON ((-98.38929439102445 43.63871090709582, -99.45856059027645 41.3746803667142, -100.24745319867158 42.10859593302704, -99.46347298258941 43.49103491467323, -98.38929439102445 43.63871090709582))"
86C,2019-06-08 18:55:00+00:00,2019-06-08 20:55:00+00:00,0.0,38000.0,"POLYGON ((-96.64861485724528 48.926296066270524, -95.5240646672234 49.123808537594876, -97.12639772557695 46.28855066957343, -97.56576593594394 47.33456239841036, -96.64861485724528 48.926296066270524))"
47E,2019-06-08 19:55:00+00:00,2019-06-08 21:55:00+00:00,0.0,45000.0,"POLYGON ((-86.939166566373 31.36400668781387, -86.80850190235617 30.562804310821857, -88.36 30.585429060579106, -86.939166566373 31.36400668781387))"
44E,2019-06-08 19:55:00+00:00,2019-06-08 21:55:00+00:00,0.0,41000.0,"POLYGON ((-78.84815819432107 35.73641460709614, -77.87 33.19343248463285, -79.85979917314954 33.829139375640274, -79.7081230965203 35.51542780495268, -78.84815819432107 35.73641460709614))"
42E,2019-06-08 19:55:00+00:00,2019-06-08 21:55:00+00:00,0.0,35000.0,"POLYGON ((-79.98 36.62828375768357, -79.84360446718713 35.782790395162415, -82.25666939565284 35.14021228827526, -81.7984175923929 36.32889146210661, -79.98 36.62828375768357))"
93C,2019-06-08 19:55:00+00:00,2019-06-08 21:55:00+00:00,0.0,35000.0,"POLYGON ((-100.37824280292162 46.884198603839465, -100.18027313705122 46.8557730625929, -100.49244399177685 44.68165932212087, -100.69041365764726 44.710084863367435, -100.37824280292162 46.884198603839465))"
92C,2019-06-08 19:55:00+00:00,2019-06-08 21:55:00+00:00,0.0,38000.0,"POLYGON ((-87.66250245918195 29.25890691881109, -86.68 28.806006848107472, -88.483108852683 27.739122199279624, -89.17067343124897 28.358977189926165, -87.66250245918195 29.25890691881109))"
45E,2019-06-08 19:55:00+00:00,2019-06-08 21:55:00+00:00,0.0,42000.0,"POLYGON ((-87.36958862377902 38.056688876904595, -84.40563687671307 37.264915011127606, -87.88089904251443 35.47790203253922, -88.49982072569345 37.339472839695034, -87.36958862377902 38.056688876904595))"
46E,2019-06-08 19:55:00+00:00,2019-06-08 21:55:00+00:00,0.0,45000.0,"POLYGON ((-82.94507323538716 35.57796031067735, -79.75906115177727 33.12496733701495, -86.97849752670874 31.44447747954094, -82.94507323538716 35.57796031067735))"
40E,2019-06-08 19:55:00+00:00,2019-06-08 21:55:00+00:00,0.0,45000.0,"POLYGON ((-80.98964477770947 28.666883625402374, -79.57307447071443 26.870063887745584, -80.28 25.300893132790826, -82.11520154849487 27.908848520303266, -80.98964477770947 28.666883625402374))"
41E,2019-06-08 19:55:00+00:00,2019-06-08 21:55:00+00:00,0.0,43000.0,"POLYGON ((-79.48256941343203 32.4181997806037, -76.81696033297256 32.19359480289175, -76.43175699426094 31.564713411098346, -77.9792078756522 31.108432486859222, -79.48256941343203 32.4181997806037))"
43E,2019-06-08 19:55:00+00:00,2019-06-08 21:55:00+00:00,0.0,45000.0,"POLYGON ((-84.27630060157749 30.246274437912078, -82.75214953663964 28.06368607775154, -86.68 27.668989841008543, -86.68 29.499048354108847, -84.27630060157749 30.246274437912078))"
90C,2019-06-08 19:55:00+00:00,2019-06-08 21:55:00+00:00,0.0,45000.0,"POLYGON ((-96.60926018589824 48.87078472602418, -95.79331547869717 48.80708497623576, -96.57360227442304 46.28855066957343, -97.52535943272403 46.939018411526824, -96.60926018589824 48.87078472602418))"
89C,2019-06-08 19:55:00+00:00,2019-06-08 21:55:00+00:00,0.0,40000.0,"POLYGON ((-99.47106345215379 45.733063891881685, -96.71105971434771 45.407991349081534, -97.41930007891148 43.8392221671137, -99.83206690957402 44.15424841347357, -99.47106345215379 45.733063891881685))"
91C,2019-06-08 19:55:00+00:00,2019-06-08 21:55:00+00:00,0.0,44000.0,"POLYGON ((-98.38929439102445 43.63871090709582, -97.73726807439235 41.187372228299004, -99.72600398756889 41.36381358475938, -99.99 43.23547582294557, -98.38929439102445 43.63871090709582))"
ALFA 1,2019-06-08 20:15:00+00:00,2019-06-09 00:15:00+00:00,,,"POLYGON ((-68.45 24.15, -64.45 23.15, -65 17, -68 17, -68 19, -71.15 20.45, -68.45 24.15))"
KILO 8,2019-06-08 20:20:00+00:00,2019-06-09 00:20:00+00:00,0.0,45000.0,"POLYGON ((-62.3 26.45, -60.15 26.3, -59.45 22.45, -62 20.3, -64.15 21.45, -62.3 26.45))"
BRAVO 1,2019-06-08 20:20:00+00:00,2019-06-09 00:20:00+00:00,0.0,50000.0,"POLYGON ((-126.15 8, -126.15 4.3, -129.3 4.3, -129.3 7.45, -126.15 8))"
97C,2019-06-08 20:55:00+00:00,2019-06-08 22:55:00+00:00,,,"POLYGON ((-86.83814995092567 31.04629909469315, -88.27366811778718 30.55117523760155, -88.54529042175288 30.56594045794003, -86.79798222508748 30.85037422694791, -88.24815633044352 30.55306538324714, -88.53443457290375 30.76564561697645, -88.26281226893805 30.75088039663797, -88.28832405628171 30.74899025099238, -86.83814995092567 31.04629909469315))"
94C,2019-06-08 20:55:00+00:00,2019-06-08 22:55:00+00:00,0.0,45000.0,"POLYGON ((-96.80681826717327 49.18139105853226, -94.4247576688443 48.84218414896787, -96.45120310376038 46.08147070221959, -97.6329325800346 46.96863762084664, -96.80681826717327 49.18139105853226))"
99C,2019-06-08 20:55:00+00:00,2019-06-08 22:55:00+00:00,0.0,45000.0,"POLYGON ((-101.4220778116154 40.263702495416055, -101.27212156628573 40.13136533326336, -102.13225967720258 39.15671029699163, -102.28221592253225 39.28904745914433, -101.4220778116154 40.263702495416055))"
01C,2019-06-08 20:55:00+00:00,2019-06-08 22:55:00+00:00,0.0,40000.0,"POLYGON ((-104.86426147762684 41.53253010783952, -104.67573852237315 41.465753649844075, -104.96752721121456 40.64197731337338, -105.15605016646825 40.708753771368826, -104.86426147762684 41.53253010783952))"
98C,2019-06-08 20:55:00+00:00,2019-06-08 22:55:00+00:00,0.0,40000.0,"POLYGON ((-89.1731554537027 28.45894638300353, -87.9768989378711 28.488646888142373, -87.97193489296363 28.288708501987646, -89.16819140879524 28.2590079968488, -89.1731554537027 28.45894638300353))"
49E,2019-06-08 20:55:00+00:00,2019-06-08 22:55:00+00:00,0.0,42000.0,"POLYGON ((-77.68267016581326 32.040179807225364, -77.7103738594001 30.868429992317218, -79.87361724218674 31.095213549427644, -79.20604317188123 32.18138456379657, -77.68267016581326 32.040179807225364))"
51E,2019-06-08 20:55:00+00:00,2019-06-08 22:55:00+00:00,0.0,45000.0,"POLYGON ((-82.46396608054296 32.684420047986144, -81.13821053819136 31.107998669914657, -82.51 30.874524177054425, -84.29 32.15910686720918, -82.46396608054296 32.684420047986144))"
50E,2019-06-08 20:55:00+00:00,2019-06-08 22:55:00+00:00,0.0,35000.0,"POLYGON ((-81.74850472378131 36.31205943246992, -80.80307592546124 36.047187081794455, -80.32093884822274 33.12496733701495, -84.29 32.15910686720918, -86.61901039387087 31.604828217834875, -81.74850472378131 36.31205943246992))"
53E,2019-06-08 20:55:00+00:00,2019-06-08 22:55:00+00:00,0.0,45000.0,"POLYGON ((-84.27630060157749 30.246274437912078, -83.02828258009897 28.036895333748195, -86.68 28.00172775248132, -85.2968089984912 29.573100777403145, -84.27630060157749 30.246274437912078))"
48E,2019-06-08 20:55:00+00:00,2019-06-08 22:55:00+00:00,0.0,45000.0,"POLYGON ((-81.74309367225584 28.892326478507222, -79.98167398304726 28.75500478886092, -79.23229775313193 26.35909350890834, -80.28 24.96815522131804, -82.41763501799912 27.28229693065652, -81.74309367225584 28.892326478507222))"
55E,2019-06-08 20:55:00+00:00,2019-06-08 22:55:00+00:00,0.0,45000.0,"POLYGON ((-86.9 34.16910686720918, -85.00826235240366 34.099264778247814, -85.28608982442645 33.20368178569685, -86.9 33.004524177054435, -86.9 34.16910686720918))"
52E,2019-06-08 20:55:00+00:00,2019-06-08 22:55:00+00:00,0.0,43000.0,"POLYGON ((-80.13811135967718 36.35730609881366, -77.2968160482174 34.81922906041311, -78.22272011451275 32.24017317440624, -80.26366398338948 34.228520994242764, -80.13811135967718 36.35730609881366))"
54E,2019-06-08 20:55:00+00:00,2019-06-08 22:55:00+00:00,0.0,45000.0,"POLYGON ((-89.13232589209518 38.36771974474597, -85.87995075976357 38.33490056036163, -82.13 37.27184477868197, -87.69238405205716 34.70983268657083, -89.13232589209518 38.36771974474597))"
96C,2019-06-08 20:55:00+00:00,2019-06-08 22:55:00+00:00,0.0,45000.0,"POLYGON ((-99.72027794867908 43.62062502360564, -98.69 43.30184477868196, -97.46313411997491 41.37659536304719, -101.19121316804974 41.049158650688405, -99.72027794867908 43.62062502360564))"
95C,2019-06-08 20:55:00+00:00,2019-06-08 22:55:00+00:00,0.0,45000.0,"POLYGON ((-100.19857089591542 47.527566306781694, -96.30047273361616 45.28756313289555, -97.62609187862887 43.392204869410456, -100.82384006473819 44.85865018223966, -100.19857089591542 47.527566306781694))"
CHARLIE 1,2019-06-08 21:20:00+00:00,2019-06-09 01:20:00+00:00,0.0,40000.0,"POLYGON ((-53.45 40.3, -52.45 39.3, -57.3 36.45, -58.45 37.45, -53.45 40.3))"
ALFA 2,2019-06-08 21:35:00+00:00,2019-06-09 01:35:00+00:00,,,"POLYGON ((-71.45 26.15, -64.3 26, -64 17.15, -68 17.15, -68 19, -72.15 21.15, -71.45 26.15))"
63E,2019-06-08 21:55:00+00:00,2019-06-08 23:55:00+00:00,0.0,40000.0,"POLYGON ((-87.13735140330334 30.518800924018127, -86.40686882598861 30.394056138711026, -86.4405355262386 30.19691011847659, -87.17101810355334 30.321654903783692, -87.13735140330334 30.518800924018127))"
61E,2019-06-08 21:55:00+00:00,2019-06-08 23:55:00+00:00,0.0,45000.0,"POLYGON ((-84.2220614894962 30.132805387534425, -82.86852264038905 28.31057001986471, -83.98875235370394 27.903817144823822, -86.68 28.661435908686578, -86.23330799696137 29.89427044895461, -84.2220614894962 30.132805387534425))"
60E,2019-06-08 21:55:00+00:00,2019-06-08 23:55:00+00:00,0.0,45000.0,"POLYGON ((-81.79308518582808 32.158165128937725, -81.04650163152301 30.17320795838266, -81.51 30.05085812115822, -82.99190034777105 31.94800536386035, -81.79308518582808 32.158165128937725))"
59E,2019-06-08 21:55:00+00:00,2019-06-08 23:55:00+00:00,0.0,45000.0,"POLYGON ((-82.97464416895393 34.81021763025393, -81.37127356545025 33.74893330897594, -81.74262908307038 32.37972641345437, -86.05993996640778 31.685469018992666, -86.32 32.22, -82.97464416895393 34.81021763025393))"
07C,2019-06-08 21:55:00+00:00,2019-06-08 23:55:00+00:00,0.0,45000.0,"POLYGON ((-105.19012817198106 40.10194772888108, -104.82649180834468 40.10194772888108, -104.82649180834468 39.73831136524472, -105.19012817198106 39.73831136524472, -105.19012817198106 40.10194772888108))"
06C,2019-06-08 21:55:00+00:00,2019-06-08 23:55:00+00:00,0.0,45000.0,"POLYGON ((-104.43720380753726 41.58002319360926, -104.28363813394961 41.45189207367512, -104.98500585204758 40.611299982404034, -105.13857152563523 40.73943110233817, -104.43720380753726 41.58002319360926))"
04C,2019-06-08 21:55:00+00:00,2019-06-08 23:55:00+00:00,0.0,45000.0,"POLYGON ((-99.8531084520464 43.855322193152944, -99.31056360735501 43.773468459733124, -98.41372543906851 42.26521342170028, -101.45605844787822 40.82654175010299, -99.8531084520464 43.855322193152944))"
6W,2019-06-08 21:55:00+00:00,2019-06-08 23:55:00+00:00,0.0,31000.0,"POLYGON ((-113.9730546658222 43.17084190646495, -113.60941830218583 43.17084190646495, -113.60941830218583 42.80720554282859, -113.9730546658222 42.80720554282859, -113.9730546658222 43.17084190646495))"
56E,2019-06-08 21:55:00+00:00,2019-06-08 23:55:00+00:00,0.0,45000.0,"POLYGON ((-88.66356709369279 38.63240449095374, -82.59302549411288 37.672705993824664, -83.27642630523188 37.027084680374244, -87.77703194882747 34.94494498769873, -88.73470411380833 36.48914374145989, -88.66356709369279 38.63240449095374))"
62E,2019-06-08 21:55:00+00:00,2019-06-08 23:55:00+00:00,0.0,45000.0,"POLYGON ((-80.53767976415757 29.298780093543147, -79.69623943453458 26.326535858892065, -80.9301187995611 25.210354803629514, -82.68 28.076368955736392, -80.53767976415757 29.298780093543147))"
58E,2019-06-08 21:55:00+00:00,2019-06-08 23:55:00+00:00,0.0,38000.0,"POLYGON ((-77.87 33.51815522131804, -77.7103738594001 30.868429992317218, -79.06831981707582 32.062751988236165, -78.4030222414804 33.27290691262983, -77.87 33.51815522131804))"
57E,2019-06-08 21:55:00+00:00,2019-06-08 23:55:00+00:00,0.0,45000.0,"POLYGON ((-81.93878197790082 36.50351421885207, -77.64742875842444 35.4826757553513, -79.27843615600372 33.46088329944218, -80.8212216628177 33.39867376919635, -83.11290004321083 34.76352369887408, -81.93878197790082 36.50351421885207))"
03C,2019-06-08 21:55:00+00:00,2019-06-08 23:55:00+00:00,0.0,45000.0,"POLYGON ((-98.57703985231994 48.323694102740454, -97.70513316314491 44.94749811470423, -99.51682846771847 44.197191642141355, -99.62598668782762 47.46114085615235, -98.57703985231994 48.323694102740454))"
05C,2019-06-08 21:55:00+00:00,2019-06-08 23:55:00+00:00,0.0,45000.0,"POLYGON ((-100.43624573180752 40.08225758323625, -101.52596199254775 39.082474833154116, -102.55104744672435 39.386826765058984, -102.022459164171 40.00434857752905, -100.43624573180752 40.08225758323625))"
02C,2019-06-08 21:55:00+00:00,2019-06-08 23:55:00+00:00,0.0,45000.0,"POLYGON ((-97.23 48.85178626558166, -95.05024177980495 49.00409306069488, -95.79476430928449 44.93864480522928, -96.71105971434771 45.407991349081534, -97.54281537286433 47.2184849138258, -97.23 48.85178626558166))"
09C,2019-06-08 22:55:00+00:00,2019-06-09 00:55:00+00:00,,,"POLYGON ((-97.3738400460941 48.23922124606986, -97.55424874562115 48.11804371433183, -97.59282102309925 48.06822474824612, -98.58561916803936 45.2468490968532, -97.44273274643797 47.95201907180495, -97.26232404691092 48.07319660354298, -98.39695861389998 45.18046238649774, -97.40416046895987 48.00183803789066, -97.3738400460941 48.23922124606986))"
10C,2019-06-08 22:55:00+00:00,2019-06-09 00:55:00+00:00,,,"POLYGON ((-99.86203493375577 44.29495267976078, -98.74170959710949 42.30760863589252, -100.7688432112474 40.96657455565296, -98.59572070586484 42.65993788785182, -98.70260407676602 42.35767251575768, -100.0172814588425 44.16886336043321, -98.76762326254337 42.6302311150043, -100.8791907588308 41.13337808901581, -98.85205714469288 42.47441216925537, -98.89116266503635 42.42434828939022, -98.78427929413516 42.72661366148436, -98.61237673745663 42.75632043433188, -99.86203493375577 44.29495267976078))"
65E,2019-06-08 22:55:00+00:00,2019-06-09 00:55:00+00:00,0.0,45000.0,"POLYGON ((-81.21986890587073 36.679997855448946, -77.87 35.072854697104475, -80.72789277870845 33.97023103770956, -82.76121199262239 35.92719891799257, -81.21986890587073 36.679997855448946))"
69E,2019-06-08 22:55:00+00:00,2019-06-09 00:55:00+00:00,0.0,45000.0,"POLYGON ((-80.4960318268558 29.519895535863327, -80.23886556185559 28.21403789833526, -81.32458304495547 26.12036921315133, -82.21550696204999 28.31812903682967, -80.4960318268558 29.519895535863327))"
66E,2019-06-08 22:55:00+00:00,2019-06-09 00:55:00+00:00,0.0,44000.0,"POLYGON ((-79.45334628628939 31.630701228163122, -79.32830030596662 31.474613103037857, -79.85324408328556 31.05406791936998, -79.97829006360833 31.210156044495246, -79.45334628628939 31.630701228163122))"
71E,2019-06-08 22:55:00+00:00,2019-06-09 00:55:00+00:00,0.0,45000.0,"POLYGON ((-86.49836479495045 32.19941422676062, -86.38303350349642 32.03601687913359, -87.34124397207344 31.359680008121412, -87.45657526352747 31.523077355748438, -86.49836479495045 32.19941422676062))"
64E,2019-06-08 22:55:00+00:00,2019-06-09 00:55:00+00:00,0.0,43000.0,"POLYGON ((-87.47737321235483 38.46392768136429, -84.90314025424333 37.87675637937844, -87.21903630824221 35.243965219747125, -88.69210617411704 35.507224270868186, -89.383153203426 37.94360218405091, -87.47737321235483 38.46392768136429))"
12C,2019-06-08 22:55:00+00:00,2019-06-09 00:55:00+00:00,0.0,42000.0,"POLYGON ((-103.61710361074309 41.78769129576159, -103.36369699739535 41.099363556438675, -105.72 40.61714530289554, -104.77 41.4991418788418, -103.61710361074309 41.78769129576159))"
13C,2019-06-08 22:55:00+00:00,2019-06-09 00:55:00+00:00,0.0,45000.0,"POLYGON ((-104.47821131115859 40.675365542371104, -104.13711602961298 39.97480273590499, -104.66 39.81, -105.18288397038702 39.97480273590499, -104.47821131115859 40.675365542371104))"
7W,2019-06-08 22:55:00+00:00,2019-06-09 00:55:00+00:00,0.0,37000.0,"POLYGON ((-118.29959717876794 48.62660958635251, -117.16594378997236 48.77927206193171, -117.298673884877 48.09379098014913, -118.3949002012668 48.06861072610276, -118.29959717876794 48.62660958635251))"
70E,2019-06-08 22:55:00+00:00,2019-06-09 00:55:00+00:00,0.0,42000.0,"POLYGON ((-85.9907624169976 31.41637955877519, -85.96590365845428 30.57337477620931, -86.97469838740562 30.21484687132116, -87.09251936292955 31.182268496522102, -85.9907624169976 31.41637955877519))"
68E,2019-06-08 22:55:00+00:00,2019-06-09 00:55:00+00:00,0.0,45000.0,"POLYGON ((-83.81642834450271 30.207915635652693, -82.75887385604724 28.98486294275094, -83.58517661441802 27.014182684276577, -86.68 28.833572531163288, -83.81642834450271 30.207915635652693))"
67E,2019-06-08 22:55:00+00:00,2019-06-09 00:55:00+00:00,0.0,45000.0,"POLYGON ((-81.93 34.53089313279083, -80.97121674743342 32.042283627890036, -80.97466831106385 30.529909732491703, -86.10040021300124 33.6674255783622, -81.93 34.53089313279083))"
11C,2019-06-08 22:55:00+00:00,2019-06-09 00:55:00+00:00,0.0,45000.0,"POLYGON ((-100.91806258844159 40.74246786388398, -100.42252815496286 40.50728937645163, -100.42403995706286 39.89247147467219, -101.85403800745225 39.082474833154116, -102.30300924458399 39.858959688514, -100.91806258844159 40.74246786388398))"
08C,2019-06-08 22:55:00+00:00,2019-06-09 00:55:00+00:00,0.0,42000.0,"POLYGON ((-95.75884472109179 48.882353803395944, -95.02 48.07910686720917, -95.67393428075451 45.39095205128576, -97.65010094027494 48.07641613603188, -95.75884472109179 48.882353803395944))"
14C,2019-06-08 23:55:00+00:00,2019-06-09 01:55:00+00:00,,,"POLYGON ((-94.11094990961625 48.80492253682843, -95.0319092831057 47.74884729195796, -95.04183266860086 47.73532858175558, -95.26284838738783 47.37424793940599, -94.88117442079749 47.61739767695311, -93.96021504730804 48.67347292182357, -95.09226675408931 47.2698357448059, -94.87125103530234 47.63091638715549, -94.11094990961625 48.80492253682843))"
75E,2019-06-08 23:55:00+00:00,2019-06-09 01:55:00+00:00,0.0,41000.0,"POLYGON ((-78.90190301500492 31.937519426625077, -78.77091307818098 31.78638492874038, -79.73228647860402 30.953151995504236, -79.86327641542796 31.104286493388933, -78.90190301500492 31.937519426625077))"
77E,2019-06-08 23:55:00+00:00,2019-06-09 01:55:00+00:00,0.0,42000.0,"POLYGON ((-86.09497570567095 33.94401717467499, -84.68613665384518 33.83421053127999, -85.52909981284411 33.160243717765525, -86.07237509826568 33.04703323551713, -86.09497570567095 33.94401717467499))"
78E,2019-06-08 23:55:00+00:00,2019-06-09 01:55:00+00:00,0.0,45000.0,"POLYGON ((-86.05759489102749 32.4145919801252, -85.95012355962984 32.24592096030373, -87.34517395210163 31.357043172024188, -87.45264528349928 31.525714191845662, -86.05759489102749 32.4145919801252))"
81E,2019-06-08 23:55:00+00:00,2019-06-09 01:55:00+00:00,0.0,45000.0,"POLYGON ((-86.55109099999048 31.306382500619122, -86.42070693659956 31.154725004880618, -87.08063947657922 30.587363097001067, -87.21102353997014 30.73902059273957, -86.55109099999048 31.306382500619122))"
72E,2019-06-08 23:55:00+00:00,2019-06-09 01:55:00+00:00,0.0,45000.0,"POLYGON ((-88.28132061445869 38.33776136693333, -85.06965586195025 38.26487222583869, -84.78118362031987 37.24941184401323, -87.21903630824221 35.243965219747125, -88.28132061445869 38.33776136693333))"
74E,2019-06-08 23:55:00+00:00,2019-06-09 01:55:00+00:00,0.0,42000.0,"POLYGON ((-79.2377088694485 33.60461849718126, -78.91670082112178 32.92865132026144, -79.09736423075292 32.84285660934958, -79.41837227907963 33.5188237862694, -79.2377088694485 33.60461849718126))"
15C,2019-06-08 23:55:00+00:00,2019-06-09 01:55:00+00:00,0.0,44000.0,"POLYGON ((-97.23 49.12714530289554, -96.10661667426976 48.66054703871787, -97.58897380290131 46.23647040605572, -98.37 46.142854697104475, -97.23 49.12714530289554))"
16C,2019-06-08 23:55:00+00:00,2019-06-09 01:55:00+00:00,0.0,45000.0,"POLYGON ((-98.37 44.40800342405374, -97.90604796141412 42.4673287636335, -99.23466167546871 42.63468739605638, -99.59174542281774 43.9796765853063, -98.37 44.40800342405374))"
80E,2019-06-08 23:55:00+00:00,2019-06-09 01:55:00+00:00,0.0,45000.0,"POLYGON ((-81.7832759799645 30.57499714509143, -79.41794339793215 28.61699225679675, -82.28555036921107 27.16446955083763, -82.21747515028663 28.85551202400023, -82.64267831160078 29.952299972303155, -81.7832759799645 30.57499714509143))"
79E,2019-06-08 23:55:00+00:00,2019-06-09 01:55:00+00:00,0.0,45000.0,"POLYGON ((-85.87831824331859 29.136776832549774, -82.68 28.741844778681966, -83.58517661441802 27.014182684276577, -86.68 28.500834619690497, -85.87831824331859 29.136776832549774))"
73E,2019-06-08 23:55:00+00:00,2019-06-09 01:55:00+00:00,0.0,45000.0,"POLYGON ((-82.20929742441615 36.59367867214132, -77.40212595195875 35.27134227849303, -81.25928632394447 34.57478640278034, -82.20929742441615 36.59367867214132))"
76E,2019-06-08 23:55:00+00:00,2019-06-09 01:55:00+00:00,0.0,45000.0,"POLYGON ((-82.16194945190581 34.56866431361833, -81.42074596050838 33.986778527083644, -80.68617845248335 31.04326247893941, -82.51 31.207262088527216, -83.88496854811909 33.819760926903065, -82.16194945190581 34.56866431361833))"
17C,2019-06-08 23:55:00+00:00,2019-06-09 01:55:00+00:00,0.0,45000.0,"POLYGON ((-99.31703340948438 42.65929420601326, -97.78785411008795 42.46646254687813, -99.83225397870224 39.38665742376695, -102.28501107552755 39.19748270788722, -100.83462106507805 41.20367396568021, -99.31703340948438 42.65929420601326))"
19C,2019-06-08 23:55:00+00:00,2019-06-09 01:55:00+00:00,0.0,45000.0,"POLYGON ((-103.3473720628617 40.46728954722068, -104.20291390445946 39.456179071034505, -105.26841418125247 39.337843197327956, -105.43233445003676 40.39565447136664, -103.3473720628617 40.46728954722068))"
18C,2019-06-08 23:55:00+00:00,2019-06-09 01:55:00+00:00,0.0,40000.0,"POLYGON ((-103.30812298260119 42.19728196833578, -102.8953141977603 41.25367391110649, -105.07911118328775 40.57777494196228, -105.72 40.840893132790825, -103.30812298260119 42.19728196833578))"
8W,2019-06-08 23:55:00+00:00,2019-06-09 01:55:00+00:00,0.0,34000.0,"POLYGON ((-118.30433575431883 48.63398758606275, -116.95566424568113 48.63398758606275, -116.9441978606751 47.74896127366373, -118.54550340052582 47.81103670276304, -118.30433575431883 48.63398758606275))"
4C,2019-06-09 00:55:00+00:00,2019-06-09 02:55:00+00:00,,,"POLYGON ((-100.559629866052 40.12984641492871, -101.5455803597647 39.28991069989103, -101.7622562341974 39.28997767854004, -100.4529505763559 39.9606733403869, -101.4922098030091 39.30532415784239, -101.7621944103825 39.48997766898458, -101.5455185359497 39.48991069033557, -101.5988890927053 39.47449723238421, -100.559629866052 40.12984641492871))"
3E,2019-06-09 00:55:00+00:00,2019-06-09 02:55:00+00:00,0.0,45000.0,"POLYGON ((-78.79587660701466 31.82068202046269, -78.63920283268124 31.69637060330355, -79.12138111187345 31.088665433263238, -79.27805488620687 31.21297685042238, -78.79587660701466 31.82068202046269))"
6E,2019-06-09 00:55:00+00:00,2019-06-09 02:55:00+00:00,0.0,45000.0,"POLYGON ((-85.50559406794184 32.609802415093775, -85.4392741584575 32.4211183680575, -87.07382888720143 31.84659432450293, -87.14014879668578 32.035278371539206, -85.50559406794184 32.609802415093775))"
9E,2019-06-09 00:55:00+00:00,2019-06-09 02:55:00+00:00,0.0,45000.0,"POLYGON ((-86.54466744633912 30.511216097342455, -86.43035771449392 30.34710246230418, -87.00624389541588 29.94598164806352, -87.12055362726107 30.110095283101796, -86.54466744633912 30.511216097342455))"
1E,2019-06-09 00:55:00+00:00,2019-06-09 02:55:00+00:00,0.0,40000.0,"POLYGON ((-87.76 38.50828375768358, -85.6504331407302 38.233545128717, -83.83082234384608 37.563938496762106, -87.17722168761414 36.30494796256127, -87.76 38.50828375768358))"
6C,2019-06-09 00:55:00+00:00,2019-06-09 02:55:00+00:00,0.0,45000.0,"POLYGON ((-102.91166777150951 40.364144985347295, -103.213276466527 38.60775014881567, -104.94587168057414 39.27538332714005, -104.51539410691346 40.07704269883898, -102.91166777150951 40.364144985347295))"
2C,2019-06-09 00:55:00+00:00,2019-06-09 02:55:00+00:00,0.0,38000.0,"POLYGON ((-97.7521035354362 45.41833424653531, -98.05766344805616 44.885307156704975, -98.37 44.69714530289554, -98.37 45.42, -97.7521035354362 45.41833424653531))"
5C,2019-06-09 00:55:00+00:00,2019-06-09 02:55:00+00:00,0.0,40000.0,"POLYGON ((-102.75839172358633 41.50048682896444, -104.51539410691346 40.07704269883898, -105.53286815412584 40.0833613139436, -105.54225352502323 41.28453829996887, -102.75839172358633 41.50048682896444))"
5E,2019-06-09 00:55:00+00:00,2019-06-09 02:55:00+00:00,0.0,42000.0,"POLYGON ((-85.72089864040395 34.488099469985336, -84.99257560074112 33.43777066555639, -86.00392407002113 33.04748552331121, -85.97314922680954 33.98487742775084, -85.72089864040395 34.488099469985336))"
4E,2019-06-09 00:55:00+00:00,2019-06-09 02:55:00+00:00,0.0,43000.0,"POLYGON ((-81.69805054809419 34.56866431361833, -80.02519000488448 31.773369501996388, -80.66325012944866 31.236984808497795, -81.92438854355039 31.538665777521754, -83.06896360540937 34.23866700707154, -81.69805054809419 34.56866431361833))"
2E,2019-06-09 00:55:00+00:00,2019-06-09 02:55:00+00:00,0.0,42000.0,"POLYGON ((-82.57070276922205 36.792113407305074, -78.36939155944872 35.86930138786026, -78.46814088933093 35.254776413331065, -80.7176024686307 34.728663000002335, -81.64183896027612 35.26494095647363, -82.57070276922205 36.792113407305074))"
8E,2019-06-09 00:55:00+00:00,2019-06-09 02:55:00+00:00,0.0,43000.0,"POLYGON ((-81.51 31.17184477868197, -79.3931486732552 29.289021921839478, -80.27339745201733 28.14094605091884, -81.92693955452833 27.907952943525746, -82.21747515028663 28.85551202400023, -81.51 31.17184477868197))"
7E,2019-06-09 00:55:00+00:00,2019-06-09 02:55:00+00:00,0.0,45000.0,"POLYGON ((-86.68 28.999941486899676, -82.21747515028663 28.85551202400023, -81.92693955452833 27.907952943525746, -83.29955648896772 27.397996788231897, -86.68 28.500834619690497, -86.68 28.999941486899676))"
3C,2019-06-09 00:55:00+00:00,2019-06-09 02:55:00+00:00,0.0,45000.0,"POLYGON ((-98.69 42.80273791147278, -96.78 42.48541730984526, -99.30910253740542 39.96223595215377, -101.19541269311324 40.38942541845226, -98.69 42.80273791147278))"
1C,2019-06-09 00:55:00+00:00,2019-06-09 02:55:00+00:00,0.0,45000.0,"POLYGON ((-95.05024177980495 49.00409306069488, -94.16425002566397 48.567536900123855, -95.2350403047895 46.34367045615628, -97.29971176964861 46.87645395061621, -97.19 47.45089313279083, -95.05024177980495 49.00409306069488))"
16E,2019-06-09 01:55:00+00:00,2019-06-09 03:55:00+00:00,0.0,45000.0,"POLYGON ((-83.9686485342872 29.264888036946125, -83.5896666236325 28.238960759903605, -85.67114760504852 28.689031193880513, -86.68 29.095148726949265, -83.9686485342872 29.264888036946125))"
15E,2019-06-09 01:55:00+00:00,2019-06-09 03:55:00+00:00,0.0,45000.0,"POLYGON ((-86.46227483200728 30.387744443440866, -86.38512952021993 30.20322181374675, -87.0248261054448 29.9357771507356, -87.10197141723215 30.120299780429715, -86.46227483200728 30.387744443440866))"
12E,2019-06-09 01:55:00+00:00,2019-06-09 03:55:00+00:00,0.0,45000.0,"POLYGON ((-78.65165383576132 31.833752971240852, -78.29663630771444 31.522817407953575, -78.42840807588769 31.37236408923811, -78.78342560393457 31.68329965252539, -78.65165383576132 31.833752971240852))"
14E,2019-06-09 01:55:00+00:00,2019-06-09 03:55:00+00:00,0.0,45000.0,"POLYGON ((-85.73744043670467 32.52604039981182, -85.63645996413427 32.3534051074772, -87.0193638303083 31.54449585122259, -87.12034430287869 31.7171311435572, -85.73744043670467 32.52604039981182))"
10E,2019-06-09 01:55:00+00:00,2019-06-09 03:55:00+00:00,0.0,40000.0,"POLYGON ((-85.74960101051113 38.04455316847602, -84.3891776561539 37.563938496762106, -86.18354258015238 37.134178821778875, -86.82520498431433 37.23606038614855, -85.74960101051113 38.04455316847602))"
19E,2019-06-09 01:55:00+00:00,2019-06-09 03:55:00+00:00,0.0,40000.0,"POLYGON ((-79.49173445728454 33.476502165229604, -79.36378006651029 33.322789205848835, -79.97602280461288 32.813143520309616, -80.10397719538713 32.966856479690385, -79.49173445728454 33.476502165229604))"
18E,2019-06-09 01:55:00+00:00,2019-06-09 03:55:00+00:00,0.0,40000.0,"POLYGON ((-79.95412185989801 30.256816848958035, -79.03514809095766 28.212238646318372, -79.21756864823614 28.130246327884198, -80.13654241717649 30.17482453052386, -79.95412185989801 30.256816848958035))"
10C,2019-06-09 01:55:00+00:00,2019-06-09 03:55:00+00:00,0.0,45000.0,"POLYGON ((-96.78 43.7945709394209, -96.42435848167554 41.679119128695675, -100.01685579043095 38.85910679185866, -102.3791010112795 39.166664745895375, -99.99 42.280858121158204, -96.78 43.7945709394209))"
11C,2019-06-09 01:55:00+00:00,2019-06-09 03:55:00+00:00,0.0,40000.0,"POLYGON ((-102.78486951372452 41.59691777124646, -102.73191393344814 41.40405588668242, -105.28369271895865 40.70339423635644, -105.33664829923502 40.89625612092048, -102.78486951372452 41.59691777124646))"
9C,2019-06-09 01:55:00+00:00,2019-06-09 03:55:00+00:00,0.0,37000.0,"POLYGON ((-99.85654004912804 43.78245539787679, -99.69795185260877 43.660595708377926, -100.45624500134929 42.6737530257301, -100.61483319786856 42.79561271522896, -99.85654004912804 43.78245539787679))"
8C,2019-06-09 01:55:00+00:00,2019-06-09 03:55:00+00:00,0.0,38000.0,"POLYGON ((-97.59248477138176 45.50565670090258, -97.49981652683293 45.32842071005355, -98.32366587772559 44.89766918631281, -98.41633412227442 45.07490517716184, -97.59248477138176 45.50565670090258))"
13C,2019-06-09 01:55:00+00:00,2019-06-09 03:55:00+00:00,0.0,45000.0,"POLYGON ((-102.28258989745919 31.614064302968238, -102.0974101025408 31.538510060506383, -102.42099841535041 30.745410752624124, -102.6061782102688 30.82096499508598, -102.28258989745919 31.614064302968238))"
1W,2019-06-09 01:55:00+00:00,2019-06-09 03:55:00+00:00,0.0,30000.0,"POLYGON ((-108.2497098784767 46.18510125835428, -108.10546556004437 46.04656037413598, -108.784293826582 45.339786188365416, -108.92853814501433 45.47832707258372, -108.2497098784767 46.18510125835428))"
17E,2019-06-09 01:55:00+00:00,2019-06-09 03:55:00+00:00,0.0,43000.0,"POLYGON ((-81.4829051886112 31.39092814967276, -80.14593503855053 31.332856137251873, -80.4393560604127 28.710122528556802, -83.58517661441802 27.014182684276577, -82.9698454404364 28.524515941007245, -81.4829051886112 31.39092814967276))"
11E,2019-06-09 01:55:00+00:00,2019-06-09 03:55:00+00:00,0.0,42000.0,"POLYGON ((-82.44910000879706 37.05439622269231, -78.20959699824057 36.059652943244885, -81.13822408532 35.253521070640126, -81.93 35.69547582294558, -82.44910000879706 37.05439622269231))"
13E,2019-06-09 01:55:00+00:00,2019-06-09 03:55:00+00:00,0.0,43000.0,"POLYGON ((-82.21650683276143 34.79438176144636, -79.90008971123844 32.77228146904063, -80.14593503855053 31.332856137251873, -81.66300115910121 31.6882340533802, -82.87255019177569 34.346330933610005, -82.21650683276143 34.79438176144636))"
12C,2019-06-09 01:55:00+00:00,2019-06-09 03:55:00+00:00,0.0,45000.0,"POLYGON ((-102.7283000468187 40.63861043994454, -101.93878774618487 39.850850607503126, -103.29268913336826 38.669026645638255, -104.33140473898345 39.194714966818175, -104.43462307010435 40.59469147033709, -102.7283000468187 40.63861043994454))"
7C,2019-06-09 01:55:00+00:00,2019-06-09 03:55:00+00:00,0.0,45000.0,"POLYGON ((-95.28686785736836 49.06419323967243, -94.10948396145226 48.75888748410154, -95.3567007788968 45.96029077467616, -97.19488978738617 46.98476478559773, -95.28686785736836 49.06419323967243))"
18C,2019-06-09 02:55:00+00:00,2019-06-09 04:55:00+00:00,,,"POLYGON ((-103.1468673581736 41.31785530738968, -104.8644322068555 41.15481124467355, -104.7551087948791 41.06029404946369, -104.6944770557461 39.85767979203933, -104.8455316829485 40.95570632209242, -103.1279668342666 41.11875038480855, -104.8942233557919 39.84760925987793, -104.9548550949249 41.05022351730229, -103.1468673581736 41.31785530738968))"
26E,2019-06-09 02:55:00+00:00,2019-06-09 04:55:00+00:00,,,"POLYGON ((-81.1113777999349 30.45616955771926, -81.03057381984455 29.35088032067842, -82.78100137110084 27.06260938278574, -81.31043371076177 30.43675965393577, -81.20952795541344 29.4019329354423, -82.93985373141174 27.184124516097, -81.18942618015545 29.47239545398967, -81.01047204458656 29.42134283922579, -81.1113777999349 30.45616955771926))"
23E,2019-06-09 02:55:00+00:00,2019-06-09 04:55:00+00:00,0.0,45000.0,"POLYGON ((-79.75679434487895 33.82140400477394, -79.56320565512104 33.7711703587007, -79.78404500797622 32.92010729025672, -79.97763369773413 32.97034093632996, -79.75679434487895 33.82140400477394))"
22E,2019-06-09 02:55:00+00:00,2019-06-09 04:55:00+00:00,0.0,45000.0,"POLYGON ((-75.16708041643098 36.64744569215476, -74.35200688841003 36.34019580609176, -74.42255300843819 36.15305082232523, -75.23762653645913 36.46030070838823, -75.16708041643098 36.64744569215476))"
20E,2019-06-09 02:55:00+00:00,2019-06-09 04:55:00+00:00,0.0,36000.0,"POLYGON ((-85.72112539948566 38.36704801315439, -85.19191121100518 37.792679304870546, -86.69645741984763 37.134178821778875, -87.08469575162376 37.70676821432096, -85.72112539948566 38.36704801315439))"
27E,2019-06-09 02:55:00+00:00,2019-06-09 04:55:00+00:00,0.0,42000.0,"POLYGON ((-79.63466449968668 29.83401127863043, -78.88390649544148 28.268225705654796, -79.0642478933173 28.181756172221345, -79.8150058975625 29.74754174519698, -79.63466449968668 29.83401127863043))"
19C,2019-06-09 02:55:00+00:00,2019-06-09 04:55:00+00:00,0.0,45000.0,"POLYGON ((-101.59054746725431 31.497453965797, -101.28179406622357 30.65172488477079, -102.91539950398032 31.083550070866256, -101.59054746725431 31.497453965797))"
16C,2019-06-09 02:55:00+00:00,2019-06-09 04:55:00+00:00,0.0,35000.0,"POLYGON ((-99.11918000051226 44.11956897723489, -98.97064085186933 43.98564317195287, -100.06662486302343 42.77007062713762, -100.21516401166636 42.90399643241964, -99.11918000051226 44.11956897723489))"
24E,2019-06-09 02:55:00+00:00,2019-06-09 04:55:00+00:00,0.0,43000.0,"POLYGON ((-82.08492097439951 34.72249169272182, -80.31182095488053 33.603131624313455, -79.46768669100513 30.73768433205955, -81.09958975667175 30.69228113154956, -82.30161333050341 33.82755984886629, -82.08492097439951 34.72249169272182))"
21E,2019-06-09 02:55:00+00:00,2019-06-09 04:55:00+00:00,0.0,29000.0,"POLYGON ((-82.13 37.10547582294557, -79.39447727087831 36.51914217556925, -81.69328759457679 36.086281469997466, -82.13 37.10547582294557))"
25E,2019-06-09 02:55:00+00:00,2019-06-09 04:55:00+00:00,0.0,45000.0,"POLYGON ((-84.35 29.401786265581645, -83.48538984229353 28.67706062448368, -84.06494853645357 27.39374959619377, -86.68 28.66720357542689, -84.35 29.401786265581645))"
14C,2019-06-09 02:55:00+00:00,2019-06-09 04:55:00+00:00,0.0,45000.0,"POLYGON ((-95.79834144547387 48.89992915975619, -93.41 48.57, -95.67393428075451 45.39095205128576, -95.79834144547387 48.89992915975619))"
17C,2019-06-09 02:55:00+00:00,2019-06-09 04:55:00+00:00,0.0,45000.0,"POLYGON ((-95.77404654637378 44.277186594899824, -96.2113778388403 41.521963919710615, -99.04542849406843 38.87198347317891, -103.53679195328591 38.19695890565211, -103.43163299352435 40.620843265775434, -95.77404654637378 44.277186594899824))"
15C,2019-06-09 02:55:00+00:00,2019-06-09 04:55:00+00:00,0.0,35000.0,"POLYGON ((-96.3919135371718 45.980552640464865, -96.71105971434771 45.407991349081534, -98.01107471185601 44.8046143530222, -98.09563776721107 45.88078803369049, -96.3919135371718 45.980552640464865))"
DELTA 1,2019-06-09 03:10:00+00:00,2019-06-09 07:10:00+00:00,,,"POLYGON ((-72 25.3, -68.45 22.45, -62.45 22.45, -63 20.45, -69 20, -73 22.3, -72 25.3))"
20C,2019-06-09 03:55:00+00:00,2019-06-09 05:55:00+00:00,,,"POLYGON ((-93.67202505007862 48.60583137879433, -94.44046429235598 46.24947549937715, -96.45495191586193 46.37319491358173, -93.48539958757712 48.53392215305729, -94.34102162764538 46.31333282925987, -96.4426920489422 46.57281879908422, -94.42820442543626 46.44909938487964, -94.52764709014687 46.38524205499692, -93.67202505007862 48.60583137879433))"
34E,2019-06-09 03:55:00+00:00,2019-06-09 05:55:00+00:00,,,"POLYGON ((-82.51709160762385 27.95385881694865, -82.55409641647331 27.42604339355623, -82.77554560428935 27.07049866897849, -82.33757963044101 27.86568030455528, -82.54922237484884 27.43482241782243, -82.94530949822324 27.17623522990425, -82.7238603104072 27.53177995448199, -82.72873435203168 27.52300093021579, -82.51709160762385 27.95385881694865))"
29E,2019-06-09 03:55:00+00:00,2019-06-09 05:55:00+00:00,0.0,35000.0,"POLYGON ((-74.22456525962477 37.320667564344475, -74.56651696786415 36.24916459907458, -75.28356323684794 36.25665548075312, -75.29622075654017 36.88657774342138, -74.22456525962477 37.320667564344475))"
30E,2019-06-09 03:55:00+00:00,2019-06-09 05:55:00+00:00,0.0,30000.0,"POLYGON ((-81.7282937736374 34.62913446528222, -79.85979917314954 33.829139375640274, -80.04 32.89, -81.38055016556007 33.19172732537133, -82.16000000000001 33.99914187884179, -81.7282937736374 34.62913446528222))"
35E,2019-06-09 03:55:00+00:00,2019-06-09 05:55:00+00:00,0.0,45000.0,"POLYGON ((-84.74634778274374 33.914051748434794, -84.62592552494662 33.75436931412519, -85.66722136750165 32.96909072705086, -85.78764362529877 33.12877316136046, -84.74634778274374 33.914051748434794))"
32E,2019-06-09 03:55:00+00:00,2019-06-09 05:55:00+00:00,0.0,39000.0,"POLYGON ((-83.78045934522974 31.658987756075906, -81.973498368477 30.17320795838266, -84.68523066856352 30.39957196330242, -84.603464633539 31.548967045717415, -83.78045934522974 31.658987756075906))"
28E,2019-06-09 03:55:00+00:00,2019-06-09 05:55:00+00:00,0.0,32000.0,"POLYGON ((-81.65795853315211 35.56396162707275, -80.41930426264213 35.188842462590735, -80.84918181841364 34.26053577251474, -81.65795853315211 35.56396162707275))"
24C,2019-06-09 03:55:00+00:00,2019-06-09 05:55:00+00:00,0.0,40000.0,"POLYGON ((-104.55071683521227 40.809092912997805, -102.98 40.666287181737324, -104.0954035535043 39.8086318538105, -104.55071683521227 40.809092912997805))"
31E,2019-06-09 03:55:00+00:00,2019-06-09 05:55:00+00:00,0.0,45000.0,"POLYGON ((-79.49205161377056 32.69780479053636, -79.19707867189604 30.319646632882822, -80.6166222583591 30.655297148386005, -81.11 32.49273791147279, -79.49205161377056 32.69780479053636))"
33E,2019-06-09 03:55:00+00:00,2019-06-09 05:55:00+00:00,0.0,40000.0,"POLYGON ((-86.68 29.33267939837246, -83.85617200763923 28.891721265929558, -83.80957285597897 27.9053942421262, -84.93895341632934 27.89157954242784, -86.68 28.66720357542689, -86.68 29.33267939837246))"
22C,2019-06-09 03:55:00+00:00,2019-06-09 05:55:00+00:00,0.0,45000.0,"POLYGON ((-95.82938700960149 44.4678660282882, -96.25474994952563 42.09109270079497, -97.51681698504989 40.192652318548085, -98.83160402733073 39.69733105447769, -99.16617111677526 41.12244355606507, -95.82938700960149 44.4678660282882))"
23C,2019-06-09 03:55:00+00:00,2019-06-09 05:55:00+00:00,0.0,45000.0,"POLYGON ((-102.16096007392832 41.35177289927906, -99.16617111677526 41.12244355606507, -98.83160402733073 39.69733105447769, -99.82330362520582 38.4907645666843, -102.54006040842405 38.31754534289847, -102.16096007392832 41.35177289927906))"
21C,2019-06-09 03:55:00+00:00,2019-06-09 05:55:00+00:00,0.0,31000.0,"POLYGON ((-98.66585638884236 43.93454571062469, -98.82291569707452 41.73195678964553, -101.09088958545333 41.664319927645394, -99.72027794867908 43.62062502360564, -98.66585638884236 43.93454571062469))"
26C,2019-06-09 04:55:00+00:00,2019-06-09 06:55:00+00:00,,,"POLYGON ((-96.47644299211723 46.6023244764726, -95.46465602713191 44.66169280082757, -96.72564664207165 43.84515597589807, -96.6496089844257 46.50225680383139, -95.60559238121449 44.69559770694401, -96.83435335792835 44.01303346077215, -95.5733627429886 44.82957028570165, -95.43242638890602 44.79566537958521, -96.47644299211723 46.6023244764726))"
42E,2019-06-09 04:55:00+00:00,2019-06-09 06:55:00+00:00,0.0,43000.0,"POLYGON ((-84.96692048319416 34.47778830264109, -84.79651336893114 34.373091524235306, -85.6422289392687 32.99658355500277, -85.81263605353172 33.10128033340855, -84.96692048319416 34.47778830264109))"
40E,2019-06-09 04:55:00+00:00,2019-06-09 06:55:00+00:00,0.0,43000.0,"POLYGON ((-86.68 29.528861545211946, -83.63489973265716 29.087582626547857, -83.58410094100743 27.575101786705204, -84.64303505615332 27.896089663070832, -86.68 28.661435908686578, -86.68 29.528861545211946))"
25C,2019-06-09 04:55:00+00:00,2019-06-09 06:55:00+00:00,0.0,34000.0,"POLYGON ((-93.7139214543435 48.62175585666347, -93.54304259394189 48.517830811232415, -95.09850541059328 45.96025951160953, -95.26938427099489 46.06418455704058, -93.7139214543435 48.62175585666347))"
43E,2019-06-09 04:55:00+00:00,2019-06-09 06:55:00+00:00,0.0,45000.0,"POLYGON ((-85.9050243199111 30.827693507021543, -85.6102796863575 30.443604545643822, -86.68 29.831786265581645, -87.04779526586864 30.060955930196414, -85.9050243199111 30.827693507021543))"
38E,2019-06-09 04:55:00+00:00,2019-06-09 06:55:00+00:00,0.0,45000.0,"POLYGON ((-79.88783191951273 33.19731767266768, -78.62090868383004 30.168248924699977, -79.33647472704759 29.924948248318806, -81.03466690888348 32.3136825626764, -79.88783191951273 33.19731767266768))"
36E,2019-06-09 04:55:00+00:00,2019-06-09 06:55:00+00:00,0.0,32000.0,"POLYGON ((-81.50959873561207 36.43839496447341, -79.66 35.06184477868195, -80.7176024686307 34.728663000002335, -82.13 35.77452417705443, -81.50959873561207 36.43839496447341))"
37E,2019-06-09 04:55:00+00:00,2019-06-09 06:55:00+00:00,0.0,42000.0,"POLYGON ((-74.03382857363717 37.16427249103546, -73.08616631909956 36.2201531071537, -74.66500063800791 35.74109072870559, -75.5759610576967 36.88836842985252, -74.03382857363717 37.16427249103546))"
39E,2019-06-09 04:55:00+00:00,2019-06-09 06:55:00+00:00,0.0,36000.0,"POLYGON ((-84.06769580855455 32.336385581700746, -82.08830545755377 30.338727669926836, -83.80703713433742 29.928314528563, -84.65165299778081 31.78682344377124, -84.06769580855455 32.336385581700746))"
44E,2019-06-09 04:55:00+00:00,2019-06-09 06:55:00+00:00,0.0,43000.0,"POLYGON ((-78.43961397804969 29.273439933692682, -78.23581662048824 27.66175790009806, -79.41794339793215 28.61699225679675, -79.20241947668596 29.286447168852742, -78.43961397804969 29.273439933692682))"
41E,2019-06-09 04:55:00+00:00,2019-06-09 06:55:00+00:00,0.0,41000.0,"POLYGON ((-81.9826151810642 28.162910261171703, -81.69976270570756 27.771002068902394, -82.97674422181844 26.477122866635312, -83.92864455277763 26.88389790060833, -82.5059611299983 27.973557295609805, -81.9826151810642 28.162910261171703))"
29C,2019-06-09 04:55:00+00:00,2019-06-09 06:55:00+00:00,0.0,45000.0,"POLYGON ((-99.93158832431888 41.30177800390811, -98.69103832746747 39.74861924585445, -99.2419520801904 38.937482802290475, -101.84320804671408 38.19695890565211, -101.87617739515095 41.0947325493812, -99.93158832431888 41.30177800390811))"
27C,2019-06-09 04:55:00+00:00,2019-06-09 06:55:00+00:00,0.0,31000.0,"POLYGON ((-99.50674866127301 43.91756624633237, -98.38929439102445 43.63871090709582, -99.99 41.73815522131804, -100.61420999961972 42.37730291166018, -99.50674866127301 43.91756624633237))"
28C,2019-06-09 04:55:00+00:00,2019-06-09 06:55:00+00:00,0.0,45000.0,"POLYGON ((-96.4243897693851 44.264271939311, -95.6215811903356 44.11601976854153, -97.08124628760328 40.196734219613774, -98.53648952788578 39.63227837167451, -98.93434381533557 40.30257425285108, -96.4243897693851 44.264271939311))"
53E,2019-06-09 05:55:00+00:00,2019-06-09 07:55:00+00:00,0.0,38000.0,"POLYGON ((-81.12048972700717 25.890452764815414, -81.04526538541776 25.70513871129426, -82.94165121936064 24.935340776128367, -83.01687556095004 25.12065482964952, -81.12048972700717 25.890452764815414))"
50E,2019-06-09 05:55:00+00:00,2019-06-09 07:55:00+00:00,0.0,43000.0,"POLYGON ((-84.88171692606265 34.4254399134382, -84.89090018715586 33.160243717765525, -86.9 33.09171624231642, -86.37886813347329 33.66890648139667, -84.88171692606265 34.4254399134382))"
51E,2019-06-09 05:55:00+00:00,2019-06-09 07:55:00+00:00,0.0,45000.0,"POLYGON ((-86.24740449058048 30.51116929492613, -86.16422600256284 30.329286532875688, -87.02180951732966 29.937097084557436, -87.1049880053473 30.11897984660788, -86.24740449058048 30.51116929492613))"
33C,2019-06-09 05:55:00+00:00,2019-06-09 07:55:00+00:00,0.0,45000.0,"POLYGON ((-99.99 41.84714530289553, -98.05161865821013 39.73060659635597, -99.53858004804803 38.30128301239515, -100.85976722930391 38.02215589252711, -101.51679574372328 41.04745875999384, -99.99 41.84714530289553))"
32C,2019-06-09 05:55:00+00:00,2019-06-09 07:55:00+00:00,0.0,40000.0,"POLYGON ((-97.45618779298003 41.65317478063818, -96.50819833163094 41.16744799404709, -96.55917172218462 40.08882520536087, -96.87420209004394 39.68695899508285, -98.13015263857356 40.97909166475509, -97.45618779298003 41.65317478063818))"
48E,2019-06-09 05:55:00+00:00,2019-06-09 07:55:00+00:00,0.0,43000.0,"POLYGON ((-86.09426757219029 29.59904276773545, -83.37738481893581 28.162910261171707, -84.06494853645357 27.39374959619377, -84.93895341632934 27.89157954242784, -86.68 28.500834619690497, -86.09426757219029 29.59904276773545))"
49E,2019-06-09 05:55:00+00:00,2019-06-09 07:55:00+00:00,0.0,41000.0,"POLYGON ((-81.9826151810642 28.162910261171703, -81.69976270570756 27.771002068902394, -82.97674422181844 26.477122866635312, -83.92864455277763 26.88389790060833, -82.5059611299983 27.973557295609805, -81.9826151810642 28.162910261171703))"
45E,2019-06-09 05:55:00+00:00,2019-06-09 07:55:00+00:00,0.0,40000.0,"POLYGON ((-73.1624671194656 37.79439888745279, -72.60903339892053 37.35904184736853, -73.16997242600482 35.20343812840979, -75.43384059135515 36.63287074504286, -74.61862949708825 37.640767324384726, -73.1624671194656 37.79439888745279))"
47E,2019-06-09 05:55:00+00:00,2019-06-09 07:55:00+00:00,0.0,36000.0,"POLYGON ((-84.04535928105159 32.68937997417095, -82.22423890051874 30.59272596711735, -83.41894494151983 30.368014129630584, -84.65165299778081 31.78682344377124, -84.04535928105159 32.68937997417095))"
46E,2019-06-09 05:55:00+00:00,2019-06-09 07:55:00+00:00,0.0,45000.0,"POLYGON ((-81.59739865304778 33.238160614364425, -79.48968410151325 33.07979535164336, -78.38501580971713 31.467382158990375, -79.35616878185354 31.086355895414595, -81.59739865304778 33.238160614364425))"
52E,2019-06-09 05:55:00+00:00,2019-06-09 07:55:00+00:00,0.0,43000.0,"POLYGON ((-78.43961397804969 29.273439933692682, -78.23581662048824 27.66175790009806, -79.41794339793215 28.61699225679675, -79.20241947668596 29.286447168852742, -78.43961397804969 29.273439933692682))"
30C,2019-06-09 05:55:00+00:00,2019-06-09 07:55:00+00:00,0.0,30000.0,"POLYGON ((-95.02 48.74458269015474, -93.91284242158166 48.56890527028658, -94.10414384872671 47.83103414869352, -95.37036621625347 47.81474951032868, -95.02 48.74458269015474))"
31C,2019-06-09 05:55:00+00:00,2019-06-09 07:55:00+00:00,0.0,41000.0,"POLYGON ((-95.1498571397951 46.662889249355835, -95.82938700960149 44.4678660282882, -97.04601605262468 44.11080770622415, -96.48250386776944 46.13458763571061, -95.1498571397951 46.662889249355835))"
64E,2019-06-09 06:55:00+00:00,2019-06-09 08:55:00+00:00,,,"POLYGON ((-79.4755531389617 34.3547338839357, -79.33298327532181 34.07825095670614, -79.43511671953584 34.1315376579783, -77.83157157086052 34.34596691443399, -79.51074172090823 33.98658888700064, -79.65331158454812 34.26307181423019, -77.80506312801887 34.14773144218417, -79.4086082766942 33.93330218572848, -79.4755531389617 34.3547338839357))"
54E,2019-06-09 06:55:00+00:00,2019-06-09 08:55:00+00:00,0.0,45000.0,"POLYGON ((-79.24221156456878 33.16409346958642, -78.459325072573 32.32679622829023, -79.10488902531782 30.004244923169015, -81.67076407848872 33.300126195925685, -79.24221156456878 33.16409346958642))"
58E,2019-06-09 06:55:00+00:00,2019-06-09 08:55:00+00:00,0.0,43000.0,"POLYGON ((-84.88171692606265 34.4254399134382, -84.89090018715586 33.160243717765525, -86.9 33.09171624231642, -86.37886813347329 33.66890648139667, -84.88171692606265 34.4254399134382))"
61E,2019-06-09 06:55:00+00:00,2019-06-09 08:55:00+00:00,0.0,38000.0,"POLYGON ((-80.90636853643002 26.11488480363138, -80.84268353493346 25.92529519267028, -82.6735021728875 25.31030533585806, -82.73718717438406 25.49989494681916, -80.90636853643002 26.11488480363138))"
59E,2019-06-09 06:55:00+00:00,2019-06-09 08:55:00+00:00,0.0,45000.0,"POLYGON ((-85.37304750430052 30.494626075237818, -85.33828949345066 30.29766953007681, -87.5162453559067 29.913313613212676, -87.55100336675656 30.110270158373684, -85.37304750430052 30.494626075237818))"
35C,2019-06-09 06:55:00+00:00,2019-06-09 08:55:00+00:00,0.0,40000.0,"POLYGON ((-96.80999088283467 41.49701254323751, -96.27095570151464 41.002804435661695, -96.58855672872072 40.19938346625069, -97.08791737386731 40.473315796292944, -97.80844015105022 40.969817604257784, -96.80999088283467 41.49701254323751))"
62E,2019-06-09 06:55:00+00:00,2019-06-09 08:55:00+00:00,0.0,38000.0,"POLYGON ((-83.90707222766581 34.69849476116072, -82.71555165609995 33.89975716979898, -83.84057353217882 33.628554061276965, -84.57910135959607 34.488099469985336, -83.90707222766581 34.69849476116072))"
63E,2019-06-09 06:55:00+00:00,2019-06-09 08:55:00+00:00,0.0,45000.0,"POLYGON ((-83.40310348959841 29.47219943584568, -82.52067941317613 29.40795004758333, -84.2371486005722 27.32825693463806, -85.31533768811302 27.88492939681333, -83.40310348959841 29.47219943584568))"
60E,2019-06-09 06:55:00+00:00,2019-06-09 08:55:00+00:00,0.0,43000.0,"POLYGON ((-78.43961397804969 29.273439933692682, -78.23581662048824 27.66175790009806, -79.41794339793215 28.61699225679675, -79.20241947668596 29.286447168852742, -78.43961397804969 29.273439933692682))"
56E,2019-06-09 06:55:00+00:00,2019-06-09 08:55:00+00:00,0.0,43000.0,"POLYGON ((-86.16668974894665 29.75305350671482, -85.0768766276345 28.86093881581106, -85.69167217971712 27.877257263148433, -86.68 28.168096708217718, -86.16668974894665 29.75305350671482))"
55E,2019-06-09 06:55:00+00:00,2019-06-09 08:55:00+00:00,0.0,36000.0,"POLYGON ((-83.87378817875202 32.012246792286305, -82.51 31.54, -81.92041024332828 30.69228113154956, -83.57845799806871 30.397732665893674, -83.87378817875202 32.012246792286305))"
57E,2019-06-09 06:55:00+00:00,2019-06-09 08:55:00+00:00,0.0,41000.0,"POLYGON ((-81.68186975425486 27.71564427904816, -81.61306075576996 27.39687001735732, -82.12397088460735 26.65692051132631, -82.76424539193869 26.93872189329305, -82.72322680212012 27.463559637411908, -81.68186975425486 27.71564427904816))"
34C,2019-06-09 06:55:00+00:00,2019-06-09 08:55:00+00:00,0.0,41000.0,"POLYGON ((-94.11300950337245 47.32174589486951, -96.06249833608891 44.46620634510625, -97.43547111789492 44.11869922293395, -95.7010785794843 47.38697892118768, -94.11300950337245 47.32174589486951))"
36C,2019-06-09 06:55:00+00:00,2019-06-09 08:55:00+00:00,0.0,45000.0,"POLYGON ((-100.62417737049861 42.097681064228084, -98.82291569707452 41.73195678964553, -97.4106089851464 39.81177987198915, -98.42161712270816 37.74700775021389, -100.89209123415408 38.22729880068423, -100.62417737049861 42.097681064228084))"
DELTA 2,2019-06-09 07:00:00+00:00,2019-06-09 11:00:00+00:00,,,"POLYGON ((-62.15 26.15, -60.45 25.15, -65 20.15, -71 20.3, -70.3 24.3, -66.3 23, -62.15 26.15))"
65E,2019-06-09 07:55:00+00:00,2019-06-09 09:55:00+00:00,0.0,32000.0,"POLYGON ((-79.98 36.05, -78.98379139412864 35.469129206403444, -79.39062138138794 34.763970555974346, -80.18424957692716 35.64912806525253, -79.98 36.05))"
73E,2019-06-09 07:55:00+00:00,2019-06-09 09:55:00+00:00,0.0,45000.0,"POLYGON ((-81.92935781839824 26.585247093451805, -81.13366215563521 26.52854310447793, -80.72568646492721 25.965295068905352, -82.4778783865866 25.201840925930934, -82.82147967814069 26.138947310243392, -81.92935781839824 26.585247093451805))"
74E,2019-06-09 07:55:00+00:00,2019-06-09 09:55:00+00:00,0.0,45000.0,"POLYGON ((-78.69432779520058 27.668424375216095, -78.4369094713202 27.278990576028683, -79.19049584944513 27.009114035463508, -79.51537089984365 27.189977788824887, -78.69432779520058 27.668424375216095))"
66E,2019-06-09 07:55:00+00:00,2019-06-09 09:55:00+00:00,0.0,45000.0,"POLYGON ((-84.93345077959829 34.03792968524566, -85.97822875241526 32.21954020910824, -87.27844553109385 31.33976061798016, -87.22983646086357 33.00173048046593, -84.93345077959829 34.03792968524566))"
71E,2019-06-09 07:55:00+00:00,2019-06-09 09:55:00+00:00,0.0,45000.0,"POLYGON ((-83.35756401803185 29.710295257522464, -82.55119301419337 29.59906748335844, -82.99499392856225 28.577472119822225, -83.4287863364506 28.79806567002973, -83.35756401803185 29.710295257522464))"
67E,2019-06-09 07:55:00+00:00,2019-06-09 09:55:00+00:00,0.0,45000.0,"POLYGON ((-84.83285059182455 31.849851312657627, -84.70306198905014 31.30641264694936, -85.42119206389131 31.26958298687985, -85.62918498458123 31.629916575488494, -84.83285059182455 31.849851312657627))"
69E,2019-06-09 07:55:00+00:00,2019-06-09 09:55:00+00:00,0.0,41000.0,"POLYGON ((-77.1230510399515 34.602400398072476, -78.24940281019201 31.347874173341076, -79.73796961131684 30.976178166474565, -79.84604696694495 34.293526190676616, -77.1230510399515 34.602400398072476))"
68E,2019-06-09 07:55:00+00:00,2019-06-09 09:55:00+00:00,0.0,40000.0,"POLYGON ((-83.80182224612514 32.99731837640821, -81.6580060033475 30.64732641695025, -83.38558089340103 30.39645733599175, -84.41607592997885 33.04748552331121, -83.80182224612514 32.99731837640821))"
72E,2019-06-09 07:55:00+00:00,2019-06-09 09:55:00+00:00,0.0,41000.0,"POLYGON ((-78.114134192269 31.228223940412413, -77.68695586025213 28.670408845141342, -79.27005623616982 28.120319361713236, -78.81172673804818 30.3122988570476, -78.114134192269 31.228223940412413))"
75E,2019-06-09 07:55:00+00:00,2019-06-09 09:55:00+00:00,0.0,45000.0,"POLYGON ((-80.56416961577376 32.349828748247305, -80.28260930052834 31.45146127917798, -81.52528174628551 31.806399583874523, -80.56416961577376 32.349828748247305))"
70E,2019-06-09 07:55:00+00:00,2019-06-09 09:55:00+00:00,0.0,45000.0,"POLYGON ((-85.78797301886976 30.508610339738574, -84.18606389676764 27.90181228263276, -84.93895341632934 27.89157954242784, -86.68 28.168096708217718, -87.36084317142596 30.240016139093544, -85.78797301886976 30.508610339738574))"
37C,2019-06-09 07:55:00+00:00,2019-06-09 09:55:00+00:00,0.0,41000.0,"POLYGON ((-94.63797231148106 48.194190685394986, -93.87380517852016 47.89264881117995, -95.49067798356249 45.08425592101803, -96.43075311141568 44.8446497575362, -96.40028823035138 46.87645395061621, -94.63797231148106 48.194190685394986))"
38C,2019-06-09 07:55:00+00:00,2019-06-09 09:55:00+00:00,0.0,45000.0,"POLYGON ((-98.82291569707452 41.73195678964553, -96.82184160482629 39.72782108572522, -97.72854623413295 37.63226610338237, -101.36334845810168 38.7747218329947, -100.54638167157302 40.98615407131566, -98.82291569707452 41.73195678964553))"
76E,2019-06-09 08:55:00+00:00,2019-06-09 10:55:00+00:00,0.0,45000.0,"POLYGON ((-85.8233745175179 33.55963653410021, -86.32 31.786287181737322, -86.939166566373 31.36400668781387, -87.22983646086357 33.00173048046593, -85.8233745175179 33.55963653410021))"
78E,2019-06-09 08:55:00+00:00,2019-06-09 10:55:00+00:00,0.0,44000.0,"POLYGON ((-80.51628986517693 32.72312224696809, -80.16680397083512 31.82455031286532, -80.50958226921593 31.6474457429948, -81.42593155427839 32.27025738295707, -80.51628986517693 32.72312224696809))"
80E,2019-06-09 08:55:00+00:00,2019-06-09 10:55:00+00:00,0.0,45000.0,"POLYGON ((-85.18806381575338 30.39732483122391, -84.47947343258163 27.898311190369576, -86.68 28.37229402984479, -87.15418475342834 30.42022791390091, -85.18806381575338 30.39732483122391))"
77E,2019-06-09 08:55:00+00:00,2019-06-09 10:55:00+00:00,0.0,40000.0,"POLYGON ((-83.91911024233691 33.62890813516683, -82.51 31.97371281826268, -83.18850897456814 31.538208894580187, -84.7328521093411 32.88311670880168, -83.91911024233691 33.62890813516683))"
40C,2019-06-09 08:55:00+00:00,2019-06-09 10:55:00+00:00,0.0,45000.0,"POLYGON ((-97.26435301104976 40.527179202485705, -96.75816918263898 39.203462135341844, -97.92 36.63914187884179, -101.01258761121163 38.453927803008185, -99.64363829568747 40.196146798968805, -97.26435301104976 40.527179202485705))"
82E,2019-06-09 08:55:00+00:00,2019-06-09 10:55:00+00:00,0.0,41000.0,"POLYGON ((-78.58406964409272 32.372222172806104, -78.114134192269 31.228223940412413, -79.77520385406847 30.328550203727264, -79.66414237158375 32.120912566492294, -78.58406964409272 32.372222172806104))"
81E,2019-06-09 08:55:00+00:00,2019-06-09 10:55:00+00:00,0.0,45000.0,"POLYGON ((-83.1233344831259 29.753684716024097, -82.47598538956993 29.598765082791605, -82.75887385604724 28.98486294275094, -83.34112614395275 28.98486294275094, -83.1233344831259 29.753684716024097))"
83E,2019-06-09 08:55:00+00:00,2019-06-09 10:55:00+00:00,0.0,45000.0,"POLYGON ((-81.92270298345751 26.83733866428974, -81.43602911539266 26.65692051132631, -81.78 25.86452417705443, -82.58067415382567 25.293824767608015, -82.97790131436908 26.079335843722717, -81.92270298345751 26.83733866428974))"
84E,2019-06-09 08:55:00+00:00,2019-06-09 10:55:00+00:00,0.0,45000.0,"POLYGON ((-78.62090868383004 30.168248924699977, -77.90182995378836 30.407647758682796, -77.48365624185666 26.656215834631062, -78.88114592700765 27.120543956737375, -78.62090868383004 30.168248924699977))"
79E,2019-06-09 08:55:00+00:00,2019-06-09 10:55:00+00:00,0.0,41000.0,"POLYGON ((-79.23134079877705 34.58217697920221, -77.26547333309838 34.348514324449496, -77.26191260735983 33.11885193382826, -79.66 33.73089313279082, -79.23134079877705 34.58217697920221))"
39C,2019-06-09 08:55:00+00:00,2019-06-09 10:55:00+00:00,0.0,37000.0,"POLYGON ((-94.91835313733412 48.560148507052055, -93.41000000000001 48.070893132790815, -95.03954859981103 45.63967442875844, -95.83316793383426 46.03961189041812, -95.92699049662752 47.32174589486951, -94.91835313733412 48.560148507052055))"
88E,2019-06-09 09:55:00+00:00,2019-06-09 11:55:00+00:00,0.0,34000.0,"POLYGON ((-82.09338860155746 33.84354826265068, -80.87590252082325 33.859877621546744, -81.31484722282262 33.32545181704736, -82.09338860155746 33.84354826265068))"
93E,2019-06-09 09:55:00+00:00,2019-06-09 11:55:00+00:00,0.0,45000.0,"POLYGON ((-82.42566806746143 27.132812652462782, -81.78 26.819141878841787, -81.78 25.951716242316426, -82.14846741448106 25.72813089999493, -82.55 26.821716242316427, -82.42566806746143 27.132812652462782))"
90E,2019-06-09 09:55:00+00:00,2019-06-09 11:55:00+00:00,0.0,44000.0,"POLYGON ((-79.1946198615429 32.17156211359507, -78.59893688826263 31.654990326569408, -79.66751906326984 30.32708456252836, -80.27127338822628 31.44164094522357, -79.1946198615429 32.17156211359507))"
89E,2019-06-09 09:55:00+00:00,2019-06-09 11:55:00+00:00,0.0,38000.0,"POLYGON ((-81.11 32.88285469710446, -80.19896200027713 32.83457453260845, -80.04 32.02257436347464, -80.50958226921593 31.6474457429948, -81.11 32.3045709394209, -81.11 32.88285469710446))"
92E,2019-06-09 09:55:00+00:00,2019-06-09 11:55:00+00:00,0.0,45000.0,"POLYGON ((-83.05 29.88914187884179, -81.87787534838117 29.57442820891434, -83.05 29.02171624231643, -83.51838908975586 29.190269519176454, -83.05 29.88914187884179))"
86E,2019-06-09 09:55:00+00:00,2019-06-09 11:55:00+00:00,0.0,44000.0,"POLYGON ((-86.20516209176293 33.66805598375878, -85.52909981284411 33.160243717765525, -86.95304979958053 32.43972275364451, -87.22983646086357 33.00173048046593, -86.20516209176293 33.66805598375878))"
85E,2019-06-09 09:55:00+00:00,2019-06-09 11:55:00+00:00,0.0,34000.0,"POLYGON ((-81.50193895024316 36.48449267544832, -80.92886411214296 35.369251923471175, -81.10675264273614 35.277842565725926, -81.67982748083634 36.39308331770307, -81.50193895024316 36.48449267544832))"
87E,2019-06-09 09:55:00+00:00,2019-06-09 11:55:00+00:00,0.0,40000.0,"POLYGON ((-85.21 32.71726208852722, -84.65157692564308 32.57819219491744, -83.56966379032643 31.403309752157494, -84.8306234293112 31.467860282199958, -85.21 32.71726208852722))"
91E,2019-06-09 09:55:00+00:00,2019-06-09 11:55:00+00:00,0.0,45000.0,"POLYGON ((-83.87693801094987 31.30641264694936, -84.93895341632934 27.89157954242784, -86.68 28.833572531163288, -86.27050255731822 30.47643402914033, -84.84005890197581 31.188257217783516, -83.87693801094987 31.30641264694936))"
94E,2019-06-09 09:55:00+00:00,2019-06-09 11:55:00+00:00,0.0,45000.0,"POLYGON ((-77.67703490491333 29.25610225681296, -77.29754623950882 26.652697726195516, -79.2950981061613 27.383627274830932, -78.43961397804969 29.273439933692682, -77.67703490491333 29.25610225681296))"
95E,2019-06-09 09:55:00+00:00,2019-06-09 11:55:00+00:00,0.0,35000.0,"POLYGON ((-78.80439182290213 34.66478773594719, -76.8624767143919 34.3458732348642, -77.87 33.51815522131804, -79.10354619621762 34.03774256690455, -78.80439182290213 34.66478773594719))"
42C,2019-06-09 09:55:00+00:00,2019-06-09 11:55:00+00:00,0.0,45000.0,"POLYGON ((-96.36428875322156 40.31753829731647, -96.21107170779872 38.187771245522406, -97.62698822128678 36.58492398265086, -100.73 38.58547582294558, -99.9816818810122 39.72085183072273, -96.36428875322156 40.31753829731647))"
41C,2019-06-09 09:55:00+00:00,2019-06-09 11:55:00+00:00,0.0,37000.0,"POLYGON ((-94.66701081945916 48.563158428995195, -94.10422003081875 48.376907631374365, -94.64684083805486 46.96457030034469, -95.7010785794843 47.38697892118768, -94.66701081945916 48.563158428995195))"
DELTA 3,2019-06-09 10:30:00+00:00,2019-06-09 14:30:00+00:00,0.0,48000.0,"POLYGON ((-63 25, -61.15 23, -65.15 19.3, -69.3 20.45, -63 25))"
ECHO 1,2019-06-09 10:30:00+00:00,2019-06-09 14:30:00+00:00,0.0,35000.0,"POLYGON ((-50 40.3, -47.3 40, -51.15 37.15, -54.3 37.45, -50 40.3))"
96E,2019-06-09 10:55:00+00:00,2019-06-09 12:55:00+00:00,0.0,45000.0,"POLYGON ((-85.8233745175179 33.55963653410021, -85.5771636972423 33.356143903087506, -86.68373343953787 32.52616078529113, -87.16427246016745 33.13545384250937, -85.8233745175179 33.55963653410021))"
98E,2019-06-09 10:55:00+00:00,2019-06-09 12:55:00+00:00,0.0,45000.0,"POLYGON ((-77.87 33.19343248463285, -76.52590620834101 33.21813110615115, -79.6402655661014 30.990602060866415, -80.6291321724436 31.7501817281325, -80.04 32.60085812115822, -77.87 33.19343248463285))"
43C,2019-06-09 10:55:00+00:00,2019-06-09 12:55:00+00:00,0.0,31000.0,"POLYGON ((-94.5023386964712 48.564833667843104, -93.84696047661002 48.56917334217533, -94.56268317041281 47.8857762817798, -95.02 48.01371281826269, -94.5023386964712 48.564833667843104))"
01E,2019-06-09 10:55:00+00:00,2019-06-09 12:55:00+00:00,0.0,45000.0,"POLYGON ((-82.34111470983488 29.852783030599475, -82.5113144084344 29.128350165705992, -83.34112614395275 28.98486294275094, -83.32122903611679 29.835005498836335, -82.34111470983488 29.852783030599475))"
97E,2019-06-09 10:55:00+00:00,2019-06-09 12:55:00+00:00,0.0,40000.0,"POLYGON ((-84.51551862203509 32.12091646371472, -83.73994109802422 31.188257217783516, -85.0768766276345 28.86093881581106, -87.1206652058681 29.907024684205624, -86.9035094278329 31.290922835561766, -84.51551862203509 32.12091646371472))"
02E,2019-06-09 10:55:00+00:00,2019-06-09 12:55:00+00:00,0.0,40000.0,"POLYGON ((-78.21648200970473 28.48908274740241, -77.29754623950882 26.652697726195516, -78.97286876565066 26.675630616850057, -79.09496772306241 28.18234019871833, -78.21648200970473 28.48908274740241))"
99E,2019-06-09 10:55:00+00:00,2019-06-09 12:55:00+00:00,0.0,45000.0,"POLYGON ((-86.68 29.831786265581645, -84.07805020297604 28.41227188043717, -84.5625264528548 27.89720728744805, -86.68 28.168096708217718, -86.68 29.831786265581645))"
44C,2019-06-09 10:55:00+00:00,2019-06-09 12:55:00+00:00,0.0,45000.0,"POLYGON ((-97.86713960527548 39.390854915233994, -96.3176168481689 37.7432677027057, -97.1591385709576 36.092918688610936, -99.40004872876624 37.26127423068664, -99.83369626998719 39.131994522088945, -97.86713960527548 39.390854915233994))"
03E,2019-06-09 11:55:00+00:00,2019-06-09 13:55:00+00:00,0.0,43000.0,"POLYGON ((-85.70012464209128 33.45795104976013, -85.84579650222268 32.82708695119101, -86.80552786864696 32.62798113169183, -86.7014915956664 33.26914275845335, -85.70012464209128 33.45795104976013))"
05E,2019-06-09 11:55:00+00:00,2019-06-09 13:55:00+00:00,0.0,42000.0,"POLYGON ((-76.76765977373297 33.425001437345124, -76.405458322123 33.11452108973869, -79.48331832385135 31.043601327057072, -80.6291321724436 31.7501817281325, -80.04 32.31171624231643, -76.76765977373297 33.425001437345124))"
08E,2019-06-09 11:55:00+00:00,2019-06-09 13:55:00+00:00,0.0,45000.0,"POLYGON ((-81.16763617057529 25.465359627785652, -80.28 25.36628718173732, -80.28 24.93257436347464, -81.6168826323132 24.99058746653026, -81.16763617057529 25.465359627785652))"
04E,2019-06-09 11:55:00+00:00,2019-06-09 13:55:00+00:00,0.0,45000.0,"POLYGON ((-84.37844765119132 32.43322743954524, -83.45606694825167 30.715289850329363, -85.12715133198182 27.888382245393466, -86.68 28.00172775248132, -87.1206652058681 29.907024684205624, -84.37844765119132 32.43322743954524))"
07E,2019-06-09 11:55:00+00:00,2019-06-09 13:55:00+00:00,0.0,45000.0,"POLYGON ((-77.31302444862477 27.671594119567153, -77.11144810324207 26.648937268035965, -78.71997447457538 26.164105012939295, -78.89386582456982 27.733742559785618, -77.31302444862477 27.671594119567153))"
06E,2019-06-09 11:55:00+00:00,2019-06-09 13:55:00+00:00,0.0,45000.0,"POLYGON ((-82.50626438462555 30.069454276375353, -82.89707036674396 28.370944403837704, -83.48538984229353 28.67706062448368, -83.45732168839922 29.952299972303155, -82.50626438462555 30.069454276375353))"
45C,2019-06-09 11:55:00+00:00,2019-06-09 13:55:00+00:00,0.0,45000.0,"POLYGON ((-96.87008079500339 38.33938834342322, -96.41967128547165 37.36229953977741, -97.36432846319863 35.86088621012952, -99.2922670283863 36.809126975663226, -99.03058365368008 38.3126829900776, -96.87008079500339 38.33938834342322))"
FOXTROT 1,2019-06-09 12:00:00+00:00,2019-06-09 16:00:00+00:00,0.0,50000.0,"POLYGON ((-144.15 9.45, -132 9.45, -131.45 5, -144 5.15, -144.15 9.45))"
14E,2019-06-09 12:55:00+00:00,2019-06-09 14:55:00+00:00,0.0,45000.0,"POLYGON ((-81.66584315738697 26.427727474392682, -80.61975967462241 25.49292443151951, -81.06393734637493 24.864833209594003, -82.23541695504453 26.12036921315133, -81.66584315738697 26.427727474392682))"
12E,2019-06-09 12:55:00+00:00,2019-06-09 14:55:00+00:00,0.0,45000.0,"POLYGON ((-85.99915682857404 30.240016139093544, -84.35 29.401786265581645, -84.93895341632934 27.89157954242784, -86.68 28.00172775248132, -87.19331025105335 29.75305350671482, -85.99915682857404 30.240016139093544))"
09E,2019-06-09 12:55:00+00:00,2019-06-09 14:55:00+00:00,0.0,45000.0,"POLYGON ((-84.2876137134569 33.32249672616771, -83.29080948912768 31.537628073776222, -84.52832190386738 30.463545529362335, -85.21 32.21815522131804, -84.2876137134569 33.32249672616771))"
11E,2019-06-09 12:55:00+00:00,2019-06-09 14:55:00+00:00,0.0,45000.0,"POLYGON ((-83.7713395802896 30.39872461181551, -82.05263603775916 29.868317221036424, -82.75194477929139 27.756276448164257, -84.05657576268013 29.784852534521278, -83.7713395802896 30.39872461181551))"
10E,2019-06-09 12:55:00+00:00,2019-06-09 14:55:00+00:00,0.0,42000.0,"POLYGON ((-76.88223535823266 33.52253858704057, -76.32629249359711 33.046225507906435, -79.22138683437119 31.19657097258367, -80.56645288982406 31.967837904366018, -76.88223535823266 33.52253858704057))"
13E,2019-06-09 12:55:00+00:00,2019-06-09 14:55:00+00:00,0.0,45000.0,"POLYGON ((-78.18613306186202 27.36761851503847, -77.85590869253983 26.662524797668226, -78.89055775947249 26.229303019077314, -79.02789454191083 27.617165667340736, -78.18613306186202 27.36761851503847))"
46C,2019-06-09 12:55:00+00:00,2019-06-09 14:55:00+00:00,0.0,45000.0,"POLYGON ((-97.36959040191596 37.7498129788726, -96.84194445957378 37.15948780915211, -96.73849221374243 35.87791935953227, -97.74411150590078 35.28227376341989, -98.92202760120212 36.65451649036246, -97.36959040191596 37.7498129788726))"
19E,2019-06-09 13:55:00+00:00,2019-06-09 15:55:00+00:00,0.0,45000.0,"POLYGON ((-81.63078611153674 26.47459746196824, -80.16655231737232 25.69772891429584, -80.58554341516142 25.131850901814374, -81.8 25.312854697104473, -81.63078611153674 26.47459746196824))"
15E,2019-06-09 13:55:00+00:00,2019-06-09 15:55:00+00:00,0.0,45000.0,"POLYGON ((-83.91911024233691 33.62890813516683, -81.7213125119795 29.077308782615507, -82.74268462763935 28.043551944960356, -84.96938370209001 31.658200469553083, -83.91911024233691 33.62890813516683))"
47C,2019-06-09 13:55:00+00:00,2019-06-09 15:55:00+00:00,0.0,45000.0,"POLYGON ((-96.93798498663966 37.237118069084445, -95.95563454385393 36.25521083025398, -96.79779992786153 34.51611976028169, -98.58719750930936 35.727939242818536, -96.93798498663966 37.237118069084445))"
16E,2019-06-09 13:55:00+00:00,2019-06-09 15:55:00+00:00,0.0,42000.0,"POLYGON ((-78.65320077223997 32.882346770485604, -76.89048327355702 32.347912658677075, -79.14696250387193 28.849917908083896, -80.56645288982406 31.967837904366018, -78.65320077223997 32.882346770485604))"
18E,2019-06-09 13:55:00+00:00,2019-06-09 15:55:00+00:00,0.0,45000.0,"POLYGON ((-78.01189746295503 27.428848997638664, -77.85590869253983 26.662524797668226, -78.98651900960778 25.79427881205052, -79.05441703746935 27.05824119087265, -78.01189746295503 27.428848997638664))"
17E,2019-06-09 13:55:00+00:00,2019-06-09 15:55:00+00:00,0.0,45000.0,"POLYGON ((-85.78797301886976 30.508610339738574, -85.0768766276345 28.86093881581106, -85.31533768811302 27.88492939681333, -86.79444525573905 27.92978456541703, -87.33793374546323 29.444992833966868, -85.78797301886976 30.508610339738574))"
ECHO 2,2019-06-09 14:10:00+00:00,2019-06-09 18:10:00+00:00,0.0,35000.0,"POLYGON ((-50.15 40.3, -46.3 39.3, -51.45 36.15, -54 36.45, -50.15 40.3))"
DELTA 4,2019-06-09 14:15:00+00:00,2019-06-09 18:15:00+00:00,0.0,45000.0,"POLYGON ((-63 25.3, -60.45 23.15, -66.3 18.3, -70 20.3, -63 25.3))"
PAPA 1,2019-06-09 14:27:00+00:00,2019-06-09 18:25:00+00:00,0.0,53000.0,"POLYGON ((-149.3 2.2, -147.5 0.5, -154.4 -1.5, -149.3 2.2))"
QUEBEC 1,2019-06-09 14:33:00+00:00,2019-06-09 18:35:00+00:00,0.0,55000.0,"POLYGON ((-175 3.2, 180 2, -173.4 1.5, -175 3.2))"
20E,2019-06-09 14:55:00+00:00,2019-06-09 16:55:00+00:00,0.0,45000.0,"POLYGON ((-83.94654922040172 34.03792968524566, -81.80728988864105 28.948108210164353, -82.93167850077919 28.44403568420533, -85.21 32.32714530289553, -83.94654922040172 34.03792968524566))"
24E,2019-06-09 14:55:00+00:00,2019-06-09 16:55:00+00:00,0.0,45000.0,"POLYGON ((-81.66563960903432 26.632181468062996, -80.50748403624183 26.00427709850976, -81.49414113928397 25.257520810066943, -81.78 25.66257436347464, -81.66563960903432 26.632181468062996))"
23E,2019-06-09 14:55:00+00:00,2019-06-09 16:55:00+00:00,0.0,45000.0,"POLYGON ((-78.43961397804969 29.273439933692682, -78.79928014299323 27.66973798985201, -79.62468306975173 27.35898047564628, -79.5148168257957 29.863520091530443, -78.43961397804969 29.273439933692682))"
21E,2019-06-09 14:55:00+00:00,2019-06-09 16:55:00+00:00,0.0,42000.0,"POLYGON ((-77.87 32.51994148689968, -77.14498795407901 31.837907326729614, -79.60266010499161 30.857001422156422, -80.04 31.72541730984526, -77.87 32.51994148689968))"
22E,2019-06-09 14:55:00+00:00,2019-06-09 16:55:00+00:00,0.0,45000.0,"POLYGON ((-84.12244060010649 28.6545665186507, -83.34928232570508 28.49658462437962, -86.2877168443178 26.526140576793306, -88.1126306944033 27.40074488748466, -84.12244060010649 28.6545665186507))"
48C,2019-06-09 14:55:00+00:00,2019-06-09 16:55:00+00:00,0.0,45000.0,"POLYGON ((-97.28516275100013 36.01441213547196, -96.01144957624811 34.388665785407746, -97.17 34.21, -98.82454753749143 35.39382082439066, -97.28516275100013 36.01441213547196))"
GOLF 1,2019-06-09 15:55:00+00:00,2019-06-09 19:55:00+00:00,0.0,48000.0,"POLYGON ((-73 24.3, -69.15 21.3, -70.15 20.15, -75.15 22.45, -73 24.3))"
26E,2019-06-09 15:55:00+00:00,2019-06-09 17:55:00+00:00,0.0,45000.0,"POLYGON ((-83.95030485953559 31.659550111256635, -81.11 29.58914187884179, -83.43766853362585 28.18455136631311, -84.35 29.53257436347463, -83.95030485953559 31.659550111256635))"
29E,2019-06-09 15:55:00+00:00,2019-06-09 17:55:00+00:00,0.0,45000.0,"POLYGON ((-79.33647472704759 29.924948248318806, -78.62090868383004 30.168248924699977, -78.79928014299323 27.66973798985201, -79.36281421450062 27.675438843385773, -79.33647472704759 29.924948248318806))"
30E,2019-06-09 15:55:00+00:00,2019-06-09 17:55:00+00:00,0.0,45000.0,"POLYGON ((-83.54712498957396 27.588954191126884, -81.00979633679128 27.488030491583192, -80.42180042746558 26.107340914101695, -83.73133591168641 26.336271200575712, -83.54712498957396 27.588954191126884))"
28E,2019-06-09 15:55:00+00:00,2019-06-09 17:55:00+00:00,0.0,45000.0,"POLYGON ((-85.29071092064703 28.398466564250135, -84.75074482758868 27.894521238324504, -85.9479780847511 26.661873367995884, -87.98246128308828 27.281125564916028, -85.29071092064703 28.398466564250135))"
27E,2019-06-09 15:55:00+00:00,2019-06-09 17:55:00+00:00,0.0,42000.0,"POLYGON ((-76.89048327355702 32.347912658677075, -77.44288425641814 30.62787477486037, -79.60266010499161 30.857001422156422, -79.589734327649 31.966962443600607, -76.89048327355702 32.347912658677075))"
25E,2019-06-09 15:55:00+00:00,2019-06-09 17:55:00+00:00,0.0,44000.0,"POLYGON ((-83.84057353217882 33.628554061276965, -82.46397673233466 33.09480759313287, -82.51 32.205475822945566, -84.44070758035093 32.68751994342753, -83.84057353217882 33.628554061276965))"
49C,2019-06-09 15:55:00+00:00,2019-06-09 17:55:00+00:00,0.0,45000.0,"POLYGON ((-97.31051101960233 35.63493625547824, -95.78000000000002 34.683631044263606, -96.46365203714986 33.61976871041788, -98.59 34.655475822945576, -97.31051101960233 35.63493625547824))"
FOXTROT 2,2019-06-09 16:00:00+00:00,2019-06-09 20:00:00+00:00,0.0,50000.0,"POLYGON ((-131.3 10, -131.3 4.3, -143.15 5.3, -142.3 9.45, -131.3 10))"
31E,2019-06-09 16:55:00+00:00,2019-06-09 18:55:00+00:00,0.0,45000.0,"POLYGON ((-83.79669447090009 33.84963530548145, -82.33379279826174 33.70987831280356, -82.3533757381179 31.48457965143489, -82.98098722590377 31.705111860147515, -83.79669447090009 33.84963530548145))"
50C,2019-06-09 16:55:00+00:00,2019-06-09 18:55:00+00:00,0.0,45000.0,"POLYGON ((-96.89057278608281 35.397926119161184, -95.57675959890517 35.25052961860749, -96.08227754895289 33.19830344073301, -98.26823782168248 33.87893126217049, -96.89057278608281 35.397926119161184))"
33E,2019-06-09 16:55:00+00:00,2019-06-09 18:55:00+00:00,0.0,45000.0,"POLYGON ((-85.9907624169976 31.41637955877519, -81.4829051886112 31.39092814967276, -80.4067456818193 29.043491787627, -79.54085198800843 25.798131783317068, -81.65962097033257 24.89734458233867, -85.9907624169976 31.41637955877519))"
36E,2019-06-09 16:55:00+00:00,2019-06-09 18:55:00+00:00,0.0,43000.0,"POLYGON ((-79.5148168257957 29.863520091530443, -78.80012971878273 30.107787329002303, -78.79928014299323 27.66973798985201, -79.36281421450062 27.675438843385773, -79.5148168257957 29.863520091530443))"
34E,2019-06-09 16:55:00+00:00,2019-06-09 18:55:00+00:00,0.0,41000.0,"POLYGON ((-78.40326322893375 32.30632635237686, -78.04244026577516 32.173763670293084, -79.46768669100513 30.73768433205955, -79.51557544084564 31.812969064738827, -78.40326322893375 32.30632635237686))"
32E,2019-06-09 16:55:00+00:00,2019-06-09 18:55:00+00:00,0.0,44000.0,"POLYGON ((-86.54692184849472 32.68091209891812, -85.533406206969 32.21756446569643, -86.68 30.330893132790813, -87.36084317142596 30.240016139093544, -86.54692184849472 32.68091209891812))"
35E,2019-06-09 16:55:00+00:00,2019-06-09 18:55:00+00:00,0.0,45000.0,"POLYGON ((-85.21964188647294 28.552661215843553, -84.40914502331523 27.262553444255794, -85.9479780847511 26.661873367995884, -87.98246128308828 27.281125564916028, -85.21964188647294 28.552661215843553))"
DELTA 5,2019-06-09 17:10:00+00:00,2019-06-09 21:10:00+00:00,0.0,47000.0,"POLYGON ((-62.15 25.3, -63 21, -66.15 19.3, -67.3 23.3, -62.15 25.3))"
HOTEL 1,2019-06-09 17:15:00+00:00,2019-06-09 21:15:00+00:00,0.0,45000.0,"POLYGON ((-84.45 28.15, -84 27, -87 26.15, -88.15 27.15, -84.45 28.15))"
40E,2019-06-09 17:55:00+00:00,2019-06-09 19:55:00+00:00,0.0,45000.0,"POLYGON ((-81.3052012941837 31.759151669168812, -80.28111788812674 29.297441204416582, -79.68768989458619 25.577501682120047, -81.86090789710144 24.723553874502983, -85.74349678740435 31.15858205427394, -81.3052012941837 31.759151669168812))"
38E,2019-06-09 17:55:00+00:00,2019-06-09 19:55:00+00:00,0.0,45000.0,"POLYGON ((-83.3 34.03452417705443, -80.45862342555714 32.536380255278786, -80.9600926585421 31.85250184019409, -83.56570449680888 31.91262197178591, -83.3 34.03452417705443))"
37E,2019-06-09 17:55:00+00:00,2019-06-09 19:55:00+00:00,0.0,43000.0,"POLYGON ((-79.09185911066906 35.254776413331065, -78.29927995878305 34.702173615973486, -79.47423412851714 34.16619326945682, -80.20005279829672 34.93301949383318, -79.09185911066906 35.254776413331065))"
42E,2019-06-09 17:55:00+00:00,2019-06-09 19:55:00+00:00,0.0,45000.0,"POLYGON ((-85.43223124043838 28.08996728339089, -84.92391409868162 27.064186409077106, -85.97283976696822 26.085021561822884, -86.79444525573905 27.92978456541703, -85.43223124043838 28.08996728339089))"
41E,2019-06-09 17:55:00+00:00,2019-06-09 19:55:00+00:00,0.0,41000.0,"POLYGON ((-78.45511452833776 32.88000418259385, -77.87 32.353572531163294, -79.53692753570145 31.025526094634234, -79.6656171353984 31.64245596801214, -78.45511452833776 32.88000418259385))"
39E,2019-06-09 17:55:00+00:00,2019-06-09 19:55:00+00:00,0.0,44000.0,"POLYGON ((-86.54692184849472 32.68091209891812, -85.533406206969 32.21756446569643, -86.68 30.330893132790813, -87.36084317142596 30.240016139093544, -86.54692184849472 32.68091209891812))"
51C,2019-06-09 17:55:00+00:00,2019-06-09 19:55:00+00:00,0.0,45000.0,"POLYGON ((-96.52686486151228 34.59304849848453, -95.31963905796361 33.92690057630494, -95.59278718736687 33.123042573428044, -97.31938822765731 32.6344080894434, -97.66657586439456 33.6682140965486, -96.52686486151228 34.59304849848453))"
QUEBEC 2,2019-06-09 18:08:00+00:00,2019-06-09 22:05:00+00:00,0.0,54000.0,"POLYGON ((-175 3.1, -173.5 1.3, -180 2.1, -175 3.1))"
PAPA 2,2019-06-09 18:13:00+00:00,2019-06-09 22:15:00+00:00,0.0,54000.0,"POLYGON ((-151.3 0.4, -149.3 -0.2, -154.1 -1.3, -151.3 0.4))"
46E,2019-06-09 18:55:00+00:00,2019-06-09 20:55:00+00:00,0.0,45000.0,"POLYGON ((-80.35341914619903 30.334910875458505, -79.79734241549319 27.423611960799473, -80.13893324849997 25.49252228283299, -81.94037902966744 24.89734458233867, -84.35 29.401786265581645, -80.35341914619903 30.334910875458505))"
44E,2019-06-09 18:55:00+00:00,2019-06-09 20:55:00+00:00,0.0,45000.0,"POLYGON ((-82.87255019177569 34.346330933610005, -80.69148906145887 32.512233527247155, -80.6166222583591 30.655297148386005, -83.65000000000002 32.19089313279081, -82.87255019177569 34.346330933610005))"
47E,2019-06-09 18:55:00+00:00,2019-06-09 20:55:00+00:00,0.0,41000.0,"POLYGON ((-77.57646203349829 30.748220972592204, -76.53373138802777 29.221986399634837, -78.44146809343414 30.228466654828352, -77.57646203349829 30.748220972592204))"
43E,2019-06-09 18:55:00+00:00,2019-06-09 20:55:00+00:00,0.0,45000.0,"POLYGON ((-85.90092908440121 37.48474242840236, -84.6514368539167 36.152266145683434, -85.95705368564626 35.54961863172338, -86.6013174844885 35.98626937672903, -85.90092908440121 37.48474242840236))"
45E,2019-06-09 18:55:00+00:00,2019-06-09 20:55:00+00:00,0.0,44000.0,"POLYGON ((-86.4710229022998 32.527320017737416, -83.73994109802422 31.188257217783516, -83.63903572242158 30.143408025938317, -86.82781555292371 30.522506328476403, -86.4710229022998 32.527320017737416))"
52C,2019-06-09 18:55:00+00:00,2019-06-09 20:55:00+00:00,0.0,45000.0,"POLYGON ((-95.78000000000002 34.350893132790816, -95.0676369076764 33.50600182421121, -95.66363288527074 32.735038630525686, -97.59730707891978 32.39820072692072, -97.6032538314406 33.33930182712991, -95.78000000000002 34.350893132790816))"
DELTA 6,2019-06-09 19:35:00+00:00,2019-06-09 23:35:00+00:00,0.0,47000.0,"POLYGON ((-62.3 24.45, -62 22.3, -64.45 21.3, -65.45 23.45, -62.3 24.45))"
GOLF 2,2019-06-09 19:35:00+00:00,2019-06-09 23:35:00+00:00,0.0,47000.0,"POLYGON ((-72.45 24.3, -70.45 23.45, -72 20.45, -75 22.3, -72.45 24.3))"
HOTEL 2,2019-06-09 19:40:00+00:00,2019-06-09 23:40:00+00:00,0.0,50000.0,"POLYGON ((-85.15 27.45, -85 26.15, -87.45 25.45, -88.15 27, -85.15 27.45))"
FOXTROT 3,2019-06-09 19:45:00+00:00,2019-06-09 23:45:00+00:00,0.0,50000.0,"POLYGON ((-131.15 10.15, -131.45 4.45, -142.3 5.45, -142.3 9.45, -131.15 10.15))"
49E,2019-06-09 19:55:00+00:00,2019-06-09 21:55:00+00:00,0.0,44000.0,"POLYGON ((-76.71787188324888 36.258795946354205, -76.04324227054762 35.99278979854645, -79.33732747710444 34.118927467006515, -80.24241091018187 35.18794217475972, -76.71787188324888 36.258795946354205))"
48E,2019-06-09 19:55:00+00:00,2019-06-09 21:55:00+00:00,0.0,45000.0,"POLYGON ((-86.65413992831297 39.297477307934656, -84.35071838181597 37.49087212796139, -86.53411031361976 36.25755220471438, -88.74850564720835 36.20964549582819, -86.65413992831297 39.297477307934656))"
53E,2019-06-09 19:55:00+00:00,2019-06-09 21:55:00+00:00,0.0,41000.0,"POLYGON ((-79.44166346475708 31.65893283188886, -77.32395241270709 31.905583005762985, -77.3602197125684 30.584602074602635, -79.89775140197627 30.903112759593455, -79.44166346475708 31.65893283188886))"
54E,2019-06-09 19:55:00+00:00,2019-06-09 21:55:00+00:00,0.0,45000.0,"POLYGON ((-80.81619450344027 29.914497914051633, -78.97286876565066 26.675630616850057, -80.67083656346551 25.446556484941148, -84.07805020297604 28.41227188043717, -83.75531466430532 29.34346912376784, -80.81619450344027 29.914497914051633))"
51E,2019-06-09 19:55:00+00:00,2019-06-09 21:55:00+00:00,0.0,45000.0,"POLYGON ((-81.33411800725817 34.094955545070995, -80.12741544181627 32.156203358974636, -82.6598989230585 31.847322362314596, -82.52899818619936 33.58211794311643, -81.33411800725817 34.094955545070995))"
52E,2019-06-09 19:55:00+00:00,2019-06-09 21:55:00+00:00,0.0,44000.0,"POLYGON ((-85.94138206292028 32.79319822755399, -83.28421312696462 32.816802691898275, -83.81642834450271 30.207915635652693, -87.22533425646198 30.358295136734466, -85.94138206292028 32.79319822755399))"
50E,2019-06-09 19:55:00+00:00,2019-06-09 21:55:00+00:00,0.0,44000.0,"POLYGON ((-85.56508177221617 36.2209359741572, -85.97314922680954 33.98487742775084, -87.94880662078909 33.018171193646076, -88.8791465565081 33.61678623961933, -85.56508177221617 36.2209359741572))"
54C,2019-06-09 19:55:00+00:00,2019-06-09 21:55:00+00:00,0.0,45000.0,"POLYGON ((-102.2650174601098 30.69336544469163, -102.538802333545 30.02702113079422, -103.87637541666857 30.14627452055607, -104.02385577654265 30.45368413858708, -102.2650174601098 30.69336544469163))"
53C,2019-06-09 19:55:00+00:00,2019-06-09 21:55:00+00:00,0.0,45000.0,"POLYGON ((-95.0676369076764 33.50600182421121, -96.09730095496737 31.65463822396303, -98.35792696959226 32.03738773806416, -98.59 33.15815522131804, -95.0676369076764 33.50600182421121))"
QUEBEC 3,2019-06-09 20:44:00+00:00,2019-06-10 00:45:00+00:00,0.0,50000.0,"POLYGON ((-175.1 2.3, 180 2.1, -180 -4.5, -176.5 -0.5, -175.1 2.3))"
57C,2019-06-09 20:55:00+00:00,2019-06-09 22:55:00+00:00,,,"POLYGON ((-102.7489221032209 30.80250202065412, -103.7231812136089 30.11504883062182, -104.0812965474114 30.15793321483647, -102.660167158099 30.62327434501109, -103.6669136696786 30.12472560767822, -104.0575164046729 30.3565144445923, -103.6994010708704 30.31363006037765, -103.7556686148006 30.30395328332126, -102.7489221032209 30.80250202065412))"
58E,2019-06-09 20:55:00+00:00,2019-06-09 22:55:00+00:00,0.0,43000.0,"POLYGON ((-76.88793019501988 32.342563492319755, -77.892818250259 31.031500211905364, -78.36252219180106 31.447590748595843, -78.59893688826263 31.654990326569408, -76.88793019501988 32.342563492319755))"
59E,2019-06-09 20:55:00+00:00,2019-06-09 22:55:00+00:00,0.0,45000.0,"POLYGON ((-76.74227791774942 36.88876795950001, -76.24849524988707 36.12641432978681, -79.29041222290765 33.92276378460885, -79.98 35.471716242316425, -76.74227791774942 36.88876795950001))"
60E,2019-06-09 20:55:00+00:00,2019-06-09 22:55:00+00:00,0.0,45000.0,"POLYGON ((-86.94615476046684 39.2543226859481, -84.30503882732187 38.89200024366335, -83.57802538269017 35.28477596877902, -87.01981198420354 32.80627745496408, -86.94615476046684 39.2543226859481))"
56E,2019-06-09 20:55:00+00:00,2019-06-09 22:55:00+00:00,0.0,45000.0,"POLYGON ((-84.86561000417451 33.98219365129119, -83.3696978843305 32.92496973579902, -84.12959054430938 29.93870032634315, -87.08949744268179 30.47643402914033, -86.87911717164472 32.689333003984295, -84.86561000417451 33.98219365129119))"
55E,2019-06-09 20:55:00+00:00,2019-06-09 22:55:00+00:00,0.0,45000.0,"POLYGON ((-82.68105505848018 30.368014129630584, -79.3931486732552 29.289021921839478, -77.85590869253983 26.662524797668226, -80.56141325127675 25.1849103249004, -84.25372948141873 28.47405147731563, -82.68105505848018 30.368014129630584))"
57E,2019-06-09 20:55:00+00:00,2019-06-09 22:55:00+00:00,0.0,45000.0,"POLYGON ((-81.28126252892417 34.320898992310774, -79.96579815306842 33.61480023112467, -79.14844043231594 31.04236726841283, -82.58482534774896 31.693683094959198, -82.30161333050341 33.82755984886629, -81.28126252892417 34.320898992310774))"
55C,2019-06-09 20:55:00+00:00,2019-06-09 22:55:00+00:00,0.0,42000.0,"POLYGON ((-86.97783019987484 38.18208204377095, -87.12828046576399 33.20867528053094, -87.95831287271236 33.297777165858435, -89.61176928872652 36.25492827959779, -86.97783019987484 38.18208204377095))"
56C,2019-06-09 20:55:00+00:00,2019-06-09 22:55:00+00:00,0.0,45000.0,"POLYGON ((-94.49155821895692 33.15636359097796, -95.30325027510317 31.158685545666113, -99.0297603520084 31.771427799675823, -98.47955100329553 32.472466311721895, -96.31009169360146 32.61321286290881, -94.49155821895692 33.15636359097796))"
64E,2019-06-09 21:55:00+00:00,2019-06-09 23:55:00+00:00,0.0,45000.0,"POLYGON ((-82.19850810423515 34.49543914541815, -79.85979917314954 33.829139375640274, -79.26323854219324 31.28479790917351, -82.24884081873938 32.07399936875062, -82.19850810423515 34.49543914541815))"
66E,2019-06-09 21:55:00+00:00,2019-06-09 23:55:00+00:00,0.0,45000.0,"POLYGON ((-76.31675772945239 35.99278979854645, -76.58751683932354 35.45790944207776, -79.46020082685045 33.829139375640274, -79.49834530143598 34.28521886263582, -78.06638918499631 35.86788987972653, -76.31675772945239 35.99278979854645))"
63E,2019-06-09 21:55:00+00:00,2019-06-09 23:55:00+00:00,0.0,45000.0,"POLYGON ((-83.67165062180742 34.39275395200195, -84.35 29.966287181737314, -86.80850190235617 30.562804310821857, -86.96658024664939 33.80354828967026, -83.67165062180742 34.39275395200195))"
62C,2019-06-09 21:55:00+00:00,2019-06-09 23:55:00+00:00,0.0,35000.0,"POLYGON ((-90.99708986906452 44.33412842247955, -90.79987750335675 44.3008525631827, -91.2374581110146 41.707491831181386, -91.43467047672237 41.740767690478236, -90.99708986906452 44.33412842247955))"
62E,2019-06-09 21:55:00+00:00,2019-06-09 23:55:00+00:00,0.0,45000.0,"POLYGON ((-80.6166222583591 30.655297148386005, -78.97913111692964 30.047082757571303, -78.74418212207864 28.30571205617317, -82.55 27.4, -84.75074482758868 27.894521238324504, -80.6166222583591 30.655297148386005))"
61E,2019-06-09 21:55:00+00:00,2019-06-09 23:55:00+00:00,0.0,45000.0,"POLYGON ((-78.04017616835857 28.549753072258635, -77.48365624185666 26.656215834631062, -81.28054378176266 25.05966952607401, -82.55 27.4, -78.04017616835857 28.549753072258635))"
67E,2019-06-09 21:55:00+00:00,2019-06-09 23:55:00+00:00,0.0,45000.0,"POLYGON ((-87.05101465465265 39.42616369703498, -83.54366212495671 38.10459663679644, -84.54100810230926 34.95848012104866, -87.05355002086738 33.97731489692558, -87.05101465465265 39.42616369703498))"
65E,2019-06-09 21:55:00+00:00,2019-06-09 23:55:00+00:00,0.0,43000.0,"POLYGON ((-76.67065906260929 31.884832305941785, -77.17924536115109 30.643087863040467, -78.26180803897103 30.28843962988686, -77.68267016581326 32.040179807225364, -76.67065906260929 31.884832305941785))"
61C,2019-06-09 21:55:00+00:00,2019-06-09 23:55:00+00:00,0.0,33000.0,"POLYGON ((-99.18903541037243 48.81401822500344, -100.10263090704859 47.68084444111873, -103.14676338899436 47.47420646905638, -103.86887883547838 48.61075509075996, -99.18903541037243 48.81401822500344))"
59C,2019-06-09 21:55:00+00:00,2019-06-09 23:55:00+00:00,0.0,45000.0,"POLYGON ((-94.35582833007234 32.41938638276148, -94.9144183565415 31.159853947797075, -98.07810627503409 30.849418872141715, -98.54011334103812 32.099380884246195, -94.35582833007234 32.41938638276148))"
58C,2019-06-09 21:55:00+00:00,2019-06-09 23:55:00+00:00,0.0,45000.0,"POLYGON ((-87.17691497398418 37.73755984861174, -87.01981198420354 32.80627745496408, -87.81503068148606 32.37617093036559, -89.08245656239839 36.480880923760125, -87.17691497398418 37.73755984861174))"
60C,2019-06-09 21:55:00+00:00,2019-06-09 23:55:00+00:00,0.0,45000.0,"POLYGON ((-102.16297931382807 30.241585849351253, -103.29545604096907 28.915027596438687, -103.95 29.46815522131804, -104.3353814557686 30.299435421134067, -102.16297931382807 30.241585849351253))"
ZULU 1,2019-06-09 22:01:00+00:00,2019-06-10 02:00:00+00:00,0.0,56000.0,"POLYGON ((133.4 6.4, 142.1 6.1, 133.4 3.3, 133.4 6.4))"
66C,2019-06-09 22:55:00+00:00,2019-06-10 00:55:00+00:00,0.0,35000.0,"POLYGON ((-98.63019041303383 48.921401998744194, -98.37879282031496 47.61188778971986, -103.33315473377564 47.74903583729709, -101.75343334307998 48.56575433223175, -98.63019041303383 48.921401998744194))"
69C,2019-06-09 22:55:00+00:00,2019-06-10 00:55:00+00:00,0.0,40000.0,"POLYGON ((-95.53181818181818 29.7081053635555, -95.16818181818181 29.7081053635555, -95.16818181818181 29.344468999919133, -95.53181818181818 29.344468999919133, -95.53181818181818 29.7081053635555))"
68C,2019-06-09 22:55:00+00:00,2019-06-10 00:55:00+00:00,0.0,38000.0,"POLYGON ((-89.84809936527603 45.86633605661347, -89.65878995164624 45.80182291135497, -91.12916853207938 41.487097505234594, -91.31847794570916 41.551610650493096, -89.84809936527603 45.86633605661347))"
69E,2019-06-09 22:55:00+00:00,2019-06-10 00:55:00+00:00,0.0,45000.0,"POLYGON ((-85.67885060481575 39.909452025140546, -83.94914711544816 38.429380624971486, -83.53384774865445 36.83760589704297, -87.11505811146993 35.78629015129647, -87.12723753617452 37.92830588633819, -85.67885060481575 39.909452025140546))"
68E,2019-06-09 22:55:00+00:00,2019-06-10 00:55:00+00:00,0.0,45000.0,"POLYGON ((-78.81172673804818 30.3122988570476, -77.11144810324207 26.648937268035965, -81.49686748526675 25.914901466215348, -84.75252759945697 27.130517341007376, -81.64614560094923 30.222288864660722, -78.81172673804818 30.3122988570476))"
72E,2019-06-09 22:55:00+00:00,2019-06-10 00:55:00+00:00,0.0,43000.0,"POLYGON ((-75.77634587804195 32.567473258060815, -76.38097257791527 31.26681110464502, -77.57646203349829 30.748220972592204, -78.38501580971713 31.467382158990375, -75.77634587804195 32.567473258060815))"
73E,2019-06-09 22:55:00+00:00,2019-06-10 00:55:00+00:00,0.0,45000.0,"POLYGON ((-78.0486951032741 36.45599314107421, -76.0227028054962 35.95248712786225, -78.91412712644258 34.48241058059234, -81.23706498440994 34.954379757166066, -78.0486951032741 36.45599314107421))"
71E,2019-06-09 22:55:00+00:00,2019-06-10 00:55:00+00:00,0.0,45000.0,"POLYGON ((-82.21650683276143 34.79438176144636, -79.81345114324604 33.92249458926962, -78.38501580971713 31.467382158990375, -81.47261851566894 32.03214952777583, -82.21650683276143 34.79438176144636))"
70E,2019-06-09 22:55:00+00:00,2019-06-10 00:55:00+00:00,0.0,45000.0,"POLYGON ((-83.59867752714436 36.13492983312297, -84.70687616975337 30.526848210490197, -87.08949744268179 30.47643402914033, -87.04876587493278 32.47257695195589, -87.11546707905786 34.83676055110143, -83.59867752714436 36.13492983312297))"
63C,2019-06-09 22:55:00+00:00,2019-06-10 00:55:00+00:00,0.0,45000.0,"POLYGON ((-87.12723753617452 37.92830588633819, -86.9 34.16910686720918, -87.77062388423693 33.742472734514195, -88.6463834178582 37.22081786509165, -87.12723753617452 37.92830588633819))"
64C,2019-06-09 22:55:00+00:00,2019-06-10 00:55:00+00:00,0.0,45000.0,"POLYGON ((-97.99429550319113 31.91262197178591, -95.90187011675779 31.65270216974135, -95.35 30.126368955736396, -99.5473142459251 30.36443442282847, -97.99429550319113 31.91262197178591))"
65C,2019-06-09 22:55:00+00:00,2019-06-10 00:55:00+00:00,0.0,45000.0,"POLYGON ((-100.74633800428342 30.754839688811508, -102.6034933853972 29.11670142136303, -103.95 29.301786265581644, -102.75835499451983 30.488696234034407, -100.74633800428342 30.754839688811508))"
67C,2019-06-09 22:55:00+00:00,2019-06-10 00:55:00+00:00,0.0,32000.0,"POLYGON ((-107.34280937697385 48.68837435843785, -104.27370252528554 48.33891852368098, -104.05011255098735 47.38050672526364, -106.15926209911943 47.45050436586544, -107.34280937697385 48.68837435843785))"
FOXTROT 4,2019-06-09 23:00:00+00:00,2019-06-10 03:00:00+00:00,0.0,46000.0,"POLYGON ((-133.15 11, -131.45 7.45, -140.15 8, -141 8.45, -133.15 11))"
HOTEL 3,2019-06-09 23:10:00+00:00,2019-06-10 03:10:00+00:00,0.0,45000.0,"POLYGON ((-84.45 28, -83 27.3, -87.15 25.45, -88 26.45, -85.15 27.3, -84.45 28))"
74C,2019-06-09 23:55:00+00:00,2019-06-10 01:55:00+00:00,,,"POLYGON ((-89.62780347072717 45.64249682407527, -90.57461525345198 42.43985120519036, -91.3257278441837 41.52062359147951, -89.43963288311991 45.57473378134889, -90.55796624688676 42.4692438603823, -91.48060041866053 41.64717194458977, -90.7294878279288 42.56639955830062, -90.74613683449402 42.53700690310868, -89.62780347072717 45.64249682407527))"
80E,2019-06-09 23:55:00+00:00,2019-06-10 01:55:00+00:00,0.0,37000.0,"POLYGON ((-77.7869096597221 36.197869065021884, -76.80978149218375 35.74720981625554, -79.0121086508212 34.44959721794142, -79.15699862018967 35.562728985741366, -77.7869096597221 36.197869065021884))"
78E,2019-06-09 23:55:00+00:00,2019-06-10 01:55:00+00:00,0.0,45000.0,"POLYGON ((-78.76513938306344 32.43785960394257, -76.787847348351 31.7018065542093, -78.21648200970473 28.48908274740241, -79.19707867189604 30.319646632882822, -78.76513938306344 32.43785960394257))"
79E,2019-06-09 23:55:00+00:00,2019-06-10 01:55:00+00:00,0.0,45000.0,"POLYGON ((-80.81873747107582 34.320898992310774, -79.28874948719536 34.10210709356195, -79.62137657444289 32.536380255278786, -81.65354711017595 31.967837904366018, -80.81873747107582 34.320898992310774))"
74E,2019-06-09 23:55:00+00:00,2019-06-10 01:55:00+00:00,0.0,45000.0,"POLYGON ((-77.68695586025213 28.670408845141342, -76.92536262025473 26.644934515787455, -79.40038122409572 26.933000350378148, -79.27005623616982 28.120319361713236, -77.68695586025213 28.670408845141342))"
77E,2019-06-09 23:55:00+00:00,2019-06-10 01:55:00+00:00,0.0,45000.0,"POLYGON ((-83.16397676334073 36.435541700060476, -84.74806726619461 34.24443827871876, -84.89822060700128 30.869417956824673, -87.21806507370403 31.019888235875367, -86.92776930745075 34.89970959924097, -83.16397676334073 36.435541700060476))"
76E,2019-06-09 23:55:00+00:00,2019-06-10 01:55:00+00:00,0.0,42000.0,"POLYGON ((-85.4836347390498 39.46260786396473, -82.8667559692422 37.025946366629825, -86.91428885410875 35.179210967045584, -86.98322978621673 37.67277648245105, -85.4836347390498 39.46260786396473))"
75E,2019-06-09 23:55:00+00:00,2019-06-10 01:55:00+00:00,0.0,45000.0,"POLYGON ((-80.16067255454587 30.33307326431446, -80.67786938215231 27.679873295517528, -81.8590860639018 27.143632369639118, -84.37429917982975 27.899637648122294, -80.16067255454587 30.33307326431446))"
70C,2019-06-09 23:55:00+00:00,2019-06-10 01:55:00+00:00,0.0,45000.0,"POLYGON ((-98.05181607095312 31.657616916745877, -96.45680641239944 30.757615333493394, -96.64205478624446 30.0586646257856, -100.36405945635369 30.128305530125854, -98.05181607095312 31.657616916745877))"
71C,2019-06-09 23:55:00+00:00,2019-06-10 01:55:00+00:00,0.0,45000.0,"POLYGON ((-100.45 30.87089313279082, -101.65454068636946 29.675415091848656, -103.29545604096907 28.915027596438687, -104.31585227335323 29.530966792072043, -100.45 30.87089313279082))"
72C,2019-06-09 23:55:00+00:00,2019-06-10 01:55:00+00:00,0.0,35000.0,"POLYGON ((-99.18903541037243 48.81401822500344, -98.18352051556195 47.9457156048132, -99.27180571873788 47.692716440903475, -99.18903541037243 48.81401822500344))"
73C,2019-06-09 23:55:00+00:00,2019-06-10 01:55:00+00:00,0.0,32000.0,"POLYGON ((-102.03966568058979 48.25756359703676, -100.58963649670537 47.78729678015629, -102.3214959537671 46.73178937909735, -103.44675097191735 47.04901075422126, -102.03966568058979 48.25756359703676))"
QUEBEC 4,2019-06-10 00:42:00+00:00,2019-06-10 04:45:00+00:00,0.0,53000.0,"POLYGON ((-178.4 0.4, 180 0.2, -176.5 -4.2, -178.4 0.4))"
5E,2019-06-10 00:55:00+00:00,2019-06-10 02:55:00+00:00,0.0,40000.0,"POLYGON ((-78.20776088421674 35.01736798255824, -79.72227469689567 32.778948388977945, -81.28077344555096 32.15988531856354, -80.95 34.611716242316426, -78.20776088421674 35.01736798255824))"
1E,2019-06-10 00:55:00+00:00,2019-06-10 02:55:00+00:00,0.0,45000.0,"POLYGON ((-76.69680370748752 31.94017464209455, -77.5015893220969 26.656542016532622, -78.95744477451605 26.67550912882728, -78.59893688826263 31.654990326569408, -76.69680370748752 31.94017464209455))"
4C,2019-06-10 00:55:00+00:00,2019-06-10 02:55:00+00:00,0.0,32000.0,"POLYGON ((-90.50565808834378 41.90257196114114, -90.32002928868823 41.828127695153505, -90.70565980605389 40.86654752374002, -90.89128860570943 40.940991789727654, -90.50565808834378 41.90257196114114))"
3C,2019-06-10 00:55:00+00:00,2019-06-10 02:55:00+00:00,0.0,33000.0,"POLYGON ((-100.70588816594686 47.4316220646372, -100.63411183405314 47.24494545072994, -102.57309204107624 46.499416142255654, -102.64486837296995 46.68609275616292, -100.70588816594686 47.4316220646372))"
4E,2019-06-10 00:55:00+00:00,2019-06-10 02:55:00+00:00,0.0,45000.0,"POLYGON ((-83.87218691264336 36.568647514169584, -83.12856314608328 36.152266145683434, -85.90120931136182 32.57223192555957, -87.35416609556698 32.746938150260945, -86.28962017670557 35.3708399752367, -83.87218691264336 36.568647514169584))"
3E,2019-06-10 00:55:00+00:00,2019-06-10 02:55:00+00:00,0.0,42000.0,"POLYGON ((-84.91413699287432 39.01980426422866, -83.70714819342305 37.797846403413594, -84.55003823998571 36.67626420156543, -87.49 34.8763689557364, -86.1644296063046 37.90755102526464, -84.91413699287432 39.01980426422866))"
2E,2019-06-10 00:55:00+00:00,2019-06-10 02:55:00+00:00,0.0,45000.0,"POLYGON ((-80.83957930427944 29.535008850182635, -80.12795919197538 28.44805318334086, -83.99087710633145 26.098574124334636, -84.18606389676764 27.90181228263276, -80.83957930427944 29.535008850182635))"
2C,2019-06-10 00:55:00+00:00,2019-06-10 02:55:00+00:00,0.0,45000.0,"POLYGON ((-101.28686303033429 30.4349375706879, -101.06398278684637 29.97449712472496, -103.29545604096907 28.915027596438687, -103.95 29.301786265581644, -101.28686303033429 30.4349375706879))"
1C,2019-06-10 00:55:00+00:00,2019-06-10 02:55:00+00:00,0.0,45000.0,"POLYGON ((-98.744340660057 30.977576653494896, -96.17056413645045 30.66330160295102, -96.9847908555858 29.346526158659557, -100.47601721315364 29.97449712472496, -98.744340660057 30.977576653494896))"
ZULU 2,2019-06-10 01:48:00+00:00,2019-06-10 05:50:00+00:00,0.0,53000.0,"POLYGON ((142.4 6.2, 143.1 4.2, 136.1 3.3, 132 3.3, 132 6, 142.4 6.2))"
11E,2019-06-10 01:55:00+00:00,2019-06-10 03:55:00+00:00,0.0,38000.0,"POLYGON ((-78.50872998343911 35.335429826899954, -79.1678096151398 33.820107125037076, -79.77485256874387 33.4239851320195, -80.74790323695242 34.7891334718863, -78.50872998343911 35.335429826899954))"
6E,2019-06-10 01:55:00+00:00,2019-06-10 03:55:00+00:00,0.0,45000.0,"POLYGON ((-76.76032536806716 32.074336126842205, -77.5015893220969 26.656542016532622, -78.79566157318146 26.67413445438116, -78.48059817118452 31.551344910482587, -76.76032536806716 32.074336126842205))"
7C,2019-06-10 01:55:00+00:00,2019-06-10 03:55:00+00:00,0.0,34000.0,"POLYGON ((-100.41382206480485 47.365116530329985, -100.27361443731557 47.222491773734816, -101.33900468686282 46.175157195887195, -101.4792123143521 46.31778195248236, -100.41382206480485 47.365116530329985))"
10E,2019-06-10 01:55:00+00:00,2019-06-10 03:55:00+00:00,0.0,45000.0,"POLYGON ((-82.89675039148989 36.692218128848026, -85.43626402444544 34.72438263587329, -85.5912341250672 32.47257695195589, -88.06993387320037 32.63256398647828, -84.695817020496 36.55799405122124, -82.89675039148989 36.692218128848026))"
7E,2019-06-10 01:55:00+00:00,2019-06-10 03:55:00+00:00,0.0,45000.0,"POLYGON ((-80.88998262805318 29.760934293773236, -79.41794339793215 28.61699225679675, -84.1202517009255 25.97955169702576, -84.06494853645357 27.39374959619377, -80.88998262805318 29.760934293773236))"
9E,2019-06-10 01:55:00+00:00,2019-06-10 03:55:00+00:00,0.0,45000.0,"POLYGON ((-85.30973457529112 39.48898075185077, -83.20617951214237 38.36209169347432, -83.72428413252216 37.15670951823564, -85.06863633778889 36.707804421097194, -85.30973457529112 39.48898075185077))"
8E,2019-06-10 01:55:00+00:00,2019-06-10 03:55:00+00:00,0.0,45000.0,"POLYGON ((-86.44 37.429106867209185, -85.29209587804843 36.54246587941211, -87.20459632917124 34.47438574679296, -87.86338158143018 34.58209695959877, -86.44 37.429106867209185))"
6C,2019-06-10 01:55:00+00:00,2019-06-10 03:55:00+00:00,0.0,45000.0,"POLYGON ((-101.90895905218223 30.563583605996868, -100.2285356388235 30.246439889586863, -100.96088704314941 29.359864120564456, -102.35714540940097 29.717354375599456, -101.90895905218223 30.563583605996868))"
5C,2019-06-10 01:55:00+00:00,2019-06-10 03:55:00+00:00,0.0,45000.0,"POLYGON ((-100.20656948629485 30.599428614055693, -96.99444768509619 30.56990798583969, -96.87933458855483 28.758806892330902, -99.26648289769064 28.931717304970032, -100.20656948629485 30.599428614055693))"
INDIA 1,2019-06-10 02:25:00+00:00,2019-06-10 06:25:00+00:00,0.0,45000.0,"POLYGON ((-76 32, -77 26.45, -78.15 26.45, -78.15 29.15, -77.3 31.3, -76 32))"
HOTEL 4,2019-06-10 02:30:00+00:00,2019-06-10 06:30:00+00:00,0.0,45000.0,"POLYGON ((-84.15 27, -83.45 26.15, -87 25.15, -88 26, -85.15 27, -84.15 27))"
16E,2019-06-10 02:55:00+00:00,2019-06-10 04:55:00+00:00,0.0,35000.0,"POLYGON ((-78.57620860587136 35.469129206403444, -79.17630982251107 34.06307523309643, -81.07493025903248 35.08770873492564, -78.57620860587136 35.469129206403444))"
14E,2019-06-10 02:55:00+00:00,2019-06-10 04:55:00+00:00,0.0,35000.0,"POLYGON ((-86.30599323706647 42.469833043058664, -85.27528136461888 42.38908105611248, -85.59435429971965 40.672610498956075, -86.68941503812843 40.559375566645464, -86.30599323706647 42.469833043058664))"
15E,2019-06-10 02:55:00+00:00,2019-06-10 04:55:00+00:00,0.0,39000.0,"POLYGON ((-85.19 40.148155221318035, -83.40097382900974 38.29630242707246, -83.70009806192294 35.96351720540274, -86.06197930338084 36.13841248372206, -84.85256254912453 37.61589720573819, -85.19 40.148155221318035))"
13E,2019-06-10 02:55:00+00:00,2019-06-10 04:55:00+00:00,0.0,45000.0,"POLYGON ((-82.39015455956361 28.524515941007245, -80.99049066889721 28.412219359328287, -81.92270298345751 26.83733866428974, -83.99087710633145 26.098574124334636, -84.44235905752623 26.686919362684904, -82.39015455956361 28.524515941007245))"
12E,2019-06-10 02:55:00+00:00,2019-06-10 04:55:00+00:00,0.0,45000.0,"POLYGON ((-77.50317978545469 31.973007508938025, -76.787847348351 31.7018065542093, -77.15560432621213 28.84966777351555, -78.04017616835857 28.549753072258635, -77.50317978545469 31.973007508938025))"
8C,2019-06-10 02:55:00+00:00,2019-06-10 04:55:00+00:00,0.0,45000.0,"POLYGON ((-96.99444768509619 30.56990798583969, -96.66023942028421 28.63221525758191, -102.39356860039521 29.719036489778045, -101.90895905218223 30.563583605996868, -96.99444768509619 30.56990798583969))"
18E,2019-06-10 03:55:00+00:00,2019-06-10 05:55:00+00:00,0.0,32000.0,"POLYGON ((-86.29091433759353 42.414532765847774, -85.20101297827496 42.2553445507194, -85.45998568045209 40.77523034725311, -86.5412686945119 40.724771155993594, -86.29091433759353 42.414532765847774))"
19E,2019-06-10 03:55:00+00:00,2019-06-10 05:55:00+00:00,0.0,37000.0,"POLYGON ((-85.04277362489681 39.967327381695306, -83.51940418336804 38.63203459211609, -83.1513636622111 36.707804421097194, -84.695817020496 36.55799405122124, -85.04277362489681 39.967327381695306))"
17E,2019-06-10 03:55:00+00:00,2019-06-10 05:55:00+00:00,0.0,45000.0,"POLYGON ((-81.74309367225584 28.892326478507222, -81.78 27.02910686720918, -83.8278554941465 25.751409238045795, -84.23641934355521 27.389859576766643, -81.74309367225584 28.892326478507222))"
9C,2019-06-10 03:55:00+00:00,2019-06-10 05:55:00+00:00,0.0,45000.0,"POLYGON ((-100.74633800428342 30.754839688811508, -96.23989932951147 30.275343160522098, -97.25887812891403 28.756685882953278, -100.47954528520262 28.74486603371117, -102.16297931382807 30.241585849351253, -100.74633800428342 30.754839688811508))"
21E,2019-06-10 04:55:00+00:00,2019-06-10 06:55:00+00:00,0.0,44000.0,"POLYGON ((-85.03067399219445 39.63435477280394, -83.41526102165861 39.012954026824886, -83.14329496713495 37.3444191708102, -84.40381090237108 36.79435612436977, -85.03067399219445 39.63435477280394))"
20E,2019-06-10 04:55:00+00:00,2019-06-10 06:55:00+00:00,0.0,45000.0,"POLYGON ((-81.2062359878321 28.422293856590912, -81.25188172531213 26.99958848212218, -83.49897002959062 25.217107218672528, -84.23641934355521 27.389859576766643, -81.2062359878321 28.422293856590912))"
10C,2019-06-10 04:55:00+00:00,2019-06-10 06:55:00+00:00,0.0,45000.0,"POLYGON ((-100.67261176274937 30.908693077753444, -97.16385776636847 29.610965159889634, -97.44 28.73184477868196, -100.40746807628835 28.590985780266138, -102.16297931382807 30.241585849351253, -100.67261176274937 30.908693077753444))"
23E,2019-06-10 05:55:00+00:00,2019-06-10 07:55:00+00:00,0.0,43000.0,"POLYGON ((-82.9384697666961 38.03087785672224, -83.27041268056917 37.30367148809306, -85.60758931110908 36.650466934605376, -85.60152633319028 37.203682210000565, -82.9384697666961 38.03087785672224))"
22E,2019-06-10 05:55:00+00:00,2019-06-10 07:55:00+00:00,0.0,45000.0,"POLYGON ((-81.18589493126514 27.93292726169233, -81.09129487440971 26.783011200950792, -83.66981819575396 25.27875136274062, -83.75700985156293 26.949144266785538, -81.18589493126514 27.93292726169233))"
11C,2019-06-10 05:55:00+00:00,2019-06-10 07:55:00+00:00,0.0,45000.0,"POLYGON ((-100.45 30.70452417705443, -98.73133774285797 29.875005050472808, -98.46 28.808155221318042, -100.08658534258933 28.066613842301024, -102.2650174601098 30.69336544469163, -100.45 30.70452417705443))"
24E,2019-06-10 06:55:00+00:00,2019-06-10 08:55:00+00:00,0.0,45000.0,"POLYGON ((-80.9797608066985 27.679138909723793, -81.02004213063793 25.521504637156102, -83.42363949854274 25.189844720695156, -83.4499533810049 27.06516498671506, -80.9797608066985 27.679138909723793))"
25E,2019-06-10 06:55:00+00:00,2019-06-10 08:55:00+00:00,0.0,42000.0,"POLYGON ((-84.27606824377027 30.553684055422202, -82.36952728750863 30.18646741468725, -83.80957285597897 27.9053942421262, -84.5625264528548 27.89720728744805, -84.27606824377027 30.553684055422202))"
12C,2019-06-10 06:55:00+00:00,2019-06-10 08:55:00+00:00,0.0,45000.0,"POLYGON ((-102.20405280581647 30.947682516475272, -100.45 30.70452417705443, -98.73133774285797 29.875005050472808, -98.46 28.808155221318042, -100.08658534258933 28.066613842301024, -102.20405280581647 30.947682516475272))"
26E,2019-06-10 07:55:00+00:00,2019-06-10 09:55:00+00:00,0.0,45000.0,"POLYGON ((-81.00979633679128 27.488030491583192, -81.1500602686632 25.176804459684146, -84.36117279636011 24.568339919482135, -83.58517661441802 27.014182684276577, -81.00979633679128 27.488030491583192))"
27E,2019-06-10 07:55:00+00:00,2019-06-10 09:55:00+00:00,0.0,40000.0,"POLYGON ((-84.27606824377027 30.553684055422202, -82.64267831160078 29.952299972303155, -83.80957285597897 27.9053942421262, -84.75074482758868 27.894521238324504, -84.27606824377027 30.553684055422202))"
13C,2019-06-10 07:55:00+00:00,2019-06-10 09:55:00+00:00,0.0,45000.0,"POLYGON ((-102.2611960569123 31.202678269722178, -100.45 30.87089313279082, -99.41705686131941 29.63656417232421, -98.46 28.641786265581647, -100.08658534258933 28.066613842301024, -102.2611960569123 31.202678269722178))"
30E,2019-06-10 08:55:00+00:00,2019-06-10 10:55:00+00:00,0.0,45000.0,"POLYGON ((-79.09496772306241 28.18234019871833, -79.06133213016837 26.294299452237617, -79.59564033185141 26.05306360301287, -80.3570128143266 27.79757711335673, -79.09496772306241 28.18234019871833))"
29E,2019-06-10 08:55:00+00:00,2019-06-10 10:55:00+00:00,0.0,42000.0,"POLYGON ((-84.17167809613261 30.463545529362335, -82.64267831160078 29.952299972303155, -83.80957285597897 27.9053942421262, -84.60570371767538 28.59693179113031, -84.17167809613261 30.463545529362335))"
28E,2019-06-10 08:55:00+00:00,2019-06-10 10:55:00+00:00,0.0,45000.0,"POLYGON ((-80.83673306509662 27.552235232348945, -80.9301187995611 25.210354803629514, -83.66981819575396 25.27875136274062, -84.61320126728499 26.62084945254564, -80.83673306509662 27.552235232348945))"
14C,2019-06-10 08:55:00+00:00,2019-06-10 10:55:00+00:00,0.0,44000.0,"POLYGON ((-102.62107565190276 31.07683748048786, -100.59864812072149 31.062504521338145, -99.41705686131941 29.63656417232421, -98.46 28.641786265581647, -100.08658534258933 28.066613842301024, -102.62107565190276 31.07683748048786))"
15C,2019-06-10 09:55:00+00:00,2019-06-10 11:55:00+00:00,0.0,40000.0,"POLYGON ((-101.29659236811437 31.36722001721092, -98.9202635831098 29.473230702257037, -100.4546627015052 28.69179869316259, -101.12294279106492 29.666216683326294, -102.98 30.08257436347464, -101.29659236811437 31.36722001721092))"
31E,2019-06-10 09:55:00+00:00,2019-06-10 11:55:00+00:00,0.0,45000.0,"POLYGON ((-80.49 27.68, -80.28 25.467262088527217, -84.36117279636011 24.568339919482135, -85.1730913461064 27.375466258817614, -80.49 27.68))"
33E,2019-06-10 09:55:00+00:00,2019-06-10 11:55:00+00:00,0.0,44000.0,"POLYGON ((-79.09496772306241 28.18234019871833, -79.06133213016837 26.294299452237617, -79.69623943453458 26.326535858892065, -80.3570128143266 27.79757711335673, -79.09496772306241 28.18234019871833))"
32E,2019-06-10 09:55:00+00:00,2019-06-10 11:55:00+00:00,0.0,45000.0,"POLYGON ((-83.99405324200421 30.272184121928948, -82.51867088692461 29.789941789856222, -83.43306044547168 27.907952943525746, -84.93895341632934 27.89157954242784, -83.99405324200421 30.272184121928948))"
34E,2019-06-10 10:55:00+00:00,2019-06-10 12:55:00+00:00,0.0,45000.0,"POLYGON ((-80.49 27.68, -78.47537047632721 24.14196710441644, -83.15779352751315 25.093231182681432, -84.7984522193943 27.38197402164804, -80.49 27.68))"
36E,2019-06-10 10:55:00+00:00,2019-06-10 12:55:00+00:00,0.0,45000.0,"POLYGON ((-78.74418212207864 28.30571205617317, -79.06133213016837 26.294299452237617, -79.69623943453458 26.326535858892065, -80.49 27.68, -78.74418212207864 28.30571205617317))"
35E,2019-06-10 10:55:00+00:00,2019-06-10 12:55:00+00:00,0.0,45000.0,"POLYGON ((-83.45732168839922 29.952299972303155, -82.47598538956993 29.598765082791605, -83.24479845150515 27.908848520303266, -84.75074482758868 27.894521238324504, -83.45732168839922 29.952299972303155))"
16C,2019-06-10 10:55:00+00:00,2019-06-10 12:55:00+00:00,0.0,36000.0,"POLYGON ((-101.16812651666069 31.113332600325847, -100.36405945635369 30.128305530125854, -100.8431599478071 29.513684912141553, -102.538802333545 30.02702113079422, -101.16812651666069 31.113332600325847))"
1W,2019-06-10 11:55:00+00:00,2019-06-10 13:55:00+00:00,0.0,45000.0,"POLYGON ((-106.76120838374145 33.27892254058505, -106.79042154714303 31.818981418121204, -108.21119510062402 31.767439145628014, -108.89606388955221 32.57615977719579, -106.76120838374145 33.27892254058505))"
38E,2019-06-10 11:55:00+00:00,2019-06-10 13:55:00+00:00,0.0,44000.0,"POLYGON ((-83.93108579249736 29.278757565572914, -82.52067941317613 29.40795004758333, -82.81298072386241 27.79229556339754, -84.75074482758868 27.894521238324504, -83.93108579249736 29.278757565572914))"
37E,2019-06-10 11:55:00+00:00,2019-06-10 13:55:00+00:00,0.0,45000.0,"POLYGON ((-84.92391409868162 27.064186409077106, -80.27521865206346 27.218719930888287, -78.47537047632721 24.14196710441644, -84.54406692123722 24.56513593622881, -84.92391409868162 27.064186409077106))"
39E,2019-06-10 11:55:00+00:00,2019-06-10 13:55:00+00:00,0.0,45000.0,"POLYGON ((-78.21648200970473 28.48908274740241, -78.43223188454257 25.788324817794567, -79.25895962679549 25.414440217940218, -80.22488237117453 27.444466560901983, -78.21648200970473 28.48908274740241))"
40E,2019-06-10 12:55:00+00:00,2019-06-10 14:55:00+00:00,0.0,45000.0,"POLYGON ((-86.68 28.227723090423897, -82.85058606812389 27.289028124517642, -82.38858985841404 24.810154482990676, -83.54879526248365 24.579901456028278, -86.68 28.227723090423897))"
41E,2019-06-10 12:55:00+00:00,2019-06-10 14:55:00+00:00,0.0,45000.0,"POLYGON ((-83.93108579249736 29.278757565572914, -82.01334220794992 29.126541383276393, -83.67431775540796 27.395492887903274, -84.93895341632934 27.89157954242784, -83.93108579249736 29.278757565572914))"
42E,2019-06-10 12:55:00+00:00,2019-06-10 14:55:00+00:00,0.0,45000.0,"POLYGON ((-78.21648200970473 28.48908274740241, -79.11432033787685 24.736606726236346, -80.28 24.136310442636074, -82.13772611851898 24.46229031708794, -82.58067415382567 25.293824767608015, -78.21648200970473 28.48908274740241))"
17C,2019-06-10 12:55:00+00:00,2019-06-10 14:55:00+00:00,0.0,45000.0,"POLYGON ((-95.90876945537764 28.40648581890977, -94.56734362335169 28.112163378606606, -95.6648007378029 27.37512663884861, -95.90876945537764 28.40648581890977))"
2W,2019-06-10 12:55:00+00:00,2019-06-10 14:55:00+00:00,0.0,39000.0,"POLYGON ((-106.28499923489855 33.276036596749044, -106.55760465874887 32.05498004629535, -108.51582283872203 31.95843191349077, -108.3102850733341 32.86627297652416, -106.28499923489855 33.276036596749044))"
JULIETT 1,2019-06-10 13:25:00+00:00,2019-06-10 17:25:00+00:00,0.0,45000.0,"POLYGON ((-85.15 28.15, -83.45 27.15, -82.45 24.45, -87 26, -85.15 28.15))"
GOLF 1,2019-06-10 13:30:00+00:00,2019-06-10 17:30:00+00:00,0.0,50000.0,"POLYGON ((-130.45 12.15, -124.45 6.15, -130.45 4.3, -135.15 10.3, -130.45 12.15))"
43E,2019-06-10 13:55:00+00:00,2019-06-10 15:55:00+00:00,0.0,45000.0,"POLYGON ((-86.68 28.516864969265686, -83.03851439134937 27.399149113003553, -82.38858985841404 24.810154482990676, -83.54879526248365 24.579901456028278, -86.68 28.516864969265686))"
3W,2019-06-10 13:55:00+00:00,2019-06-10 15:55:00+00:00,0.0,40000.0,"POLYGON ((-105.57561145039462 33.004388337329445, -106.34520486529686 31.953549512726294, -108.24038831820631 32.05713395404898, -108.21800913957013 32.7896802696025, -105.57561145039462 33.004388337329445))"
44E,2019-06-10 13:55:00+00:00,2019-06-10 15:55:00+00:00,0.0,45000.0,"POLYGON ((-83.57932058682388 29.40795004758333, -81.865850203144 28.729986895242956, -83.29955648896772 27.397996788231897, -84.75074482758868 27.894521238324504, -83.57932058682388 29.40795004758333))"
45E,2019-06-10 13:55:00+00:00,2019-06-10 15:55:00+00:00,0.0,45000.0,"POLYGON ((-77.68695586025213 28.670408845141342, -79.11432033787685 24.736606726236346, -80.28 24.136310442636074, -82.13772611851898 24.46229031708794, -82.58067415382567 25.293824767608015, -77.68695586025213 28.670408845141342))"
18C,2019-06-10 13:55:00+00:00,2019-06-10 15:55:00+00:00,0.0,45000.0,"POLYGON ((-96.5988116816614 28.144873699561114, -94.56734362335169 28.112163378606606, -95.59412167759774 27.221068773946314, -96.5988116816614 28.144873699561114))"
KILO 1,2019-06-10 14:25:00+00:00,2019-06-10 18:25:00+00:00,0.0,45000.0,"POLYGON ((-71 39, -70 35.15, -75 35.15, -75.15 36.15, -71 39))"
LIMA 1,2019-06-10 14:30:00+00:00,2019-06-10 18:30:00+00:00,0.0,45000.0,"POLYGON ((-46.15 35.3, -46 33, -50.3 32.15, -52.15 34, -46.15 35.3))"
4W,2019-06-10 14:55:00+00:00,2019-06-10 16:55:00+00:00,0.0,40000.0,"POLYGON ((-105.57561145039462 33.004388337329445, -106.21479513470314 31.953549512726294, -107.97152369261885 31.972803460656284, -107.64556175556075 32.972783332743006, -105.57561145039462 33.004388337329445))"
50E,2019-06-10 14:55:00+00:00,2019-06-10 16:55:00+00:00,0.0,45000.0,"POLYGON ((-72.60903339892053 37.35904184736853, -72.98449992005833 35.13494418784608, -74.47702885257405 35.67489660334179, -74.52955404813159 36.248662422860875, -72.60903339892053 37.35904184736853))"
46E,2019-06-10 14:55:00+00:00,2019-06-10 16:55:00+00:00,0.0,45000.0,"POLYGON ((-82.34468533569468 29.34346912376784, -82.64732656347714 24.905958970233517, -83.62951243450199 24.578947725096327, -85.43223124043838 28.08996728339089, -82.34468533569468 29.34346912376784))"
47E,2019-06-10 14:55:00+00:00,2019-06-10 16:55:00+00:00,0.0,45000.0,"POLYGON ((-78.21648200970473 28.48908274740241, -78.97286876565066 26.675630616850057, -79.37559051258955 23.79906199044408, -82.97904246070244 24.139753076510644, -78.21648200970473 28.48908274740241))"
49E,2019-06-10 14:55:00+00:00,2019-06-10 16:55:00+00:00,0.0,45000.0,"POLYGON ((-78.94647245684156 32.50323761372385, -78.0589769386579 32.874382425693476, -79.3931486732552 29.289021921839478, -80.23148116329597 28.97879293310473, -78.94647245684156 32.50323761372385))"
48E,2019-06-10 14:55:00+00:00,2019-06-10 16:55:00+00:00,0.0,45000.0,"POLYGON ((-85.26726069029438 31.656276482818313, -83.05 30.09910686720918, -83.40399618355332 29.726863603209576, -85.2968089984912 29.573100777403145, -86.14407164843098 30.637896907909322, -85.26726069029438 31.656276482818313))"
51E,2019-06-10 15:55:00+00:00,2019-06-10 17:55:00+00:00,0.0,45000.0,"POLYGON ((-81.87787534838117 29.57442820891434, -82.46192584628776 25.915018749823794, -83.57202643929593 25.243498587988757, -85.23143167472055 28.527115250287924, -81.87787534838117 29.57442820891434))"
54E,2019-06-10 15:55:00+00:00,2019-06-10 17:55:00+00:00,0.0,45000.0,"POLYGON ((-78.83488518173908 32.88422076417895, -77.87 32.90429060579106, -79.61806802467412 29.291709981274753, -80.34627402480527 29.021203537355877, -78.83488518173908 32.88422076417895))"
56E,2019-06-10 15:55:00+00:00,2019-06-10 17:55:00+00:00,0.0,38000.0,"POLYGON ((-84.82361103025022 35.07021342502645, -82.97464416895393 34.81021763025393, -85.68714789065889 32.88311670880168, -86.9 33.52542906057911, -84.82361103025022 35.07021342502645))"
5W,2019-06-10 15:55:00+00:00,2019-06-10 17:55:00+00:00,0.0,40000.0,"POLYGON ((-105.25788749705941 33.11706903776575, -105.93971757833707 31.819547294354663, -107.80545513244071 31.87915097184416, -107.59913147401255 33.16894236606874, -105.25788749705941 33.11706903776575))"
53E,2019-06-10 15:55:00+00:00,2019-06-10 17:55:00+00:00,0.0,45000.0,"POLYGON ((-84.706211821248 32.012246792286305, -81.79058202863 31.28331922360778, -83.05 29.766368955736397, -85.16251131067045 29.691641457176388, -86.14407164843098 30.637896907909322, -84.706211821248 32.012246792286305))"
55E,2019-06-10 15:55:00+00:00,2019-06-10 17:55:00+00:00,0.0,45000.0,"POLYGON ((-72.60903339892053 37.35904184736853, -72.98449992005833 35.13494418784608, -74.47702885257405 35.67489660334179, -74.53604101133865 36.8783989291865, -72.60903339892053 37.35904184736853))"
52E,2019-06-10 15:55:00+00:00,2019-06-10 17:55:00+00:00,0.0,45000.0,"POLYGON ((-78.97286876565066 26.675630616850057, -78.60267983213524 24.261108945577764, -82.97904246070244 24.139753076510644, -82.17325249751944 26.17653939656358, -78.97286876565066 26.675630616850057))"
JULIETT 2,2019-06-10 16:20:00+00:00,2019-06-10 20:20:00+00:00,0.0,43000.0,"POLYGON ((-84.15 28.45, -82.3 26.45, -86.15 24.45, -88 25.15, -84.15 28.45))"
GOLF 2,2019-06-10 16:25:00+00:00,2019-06-10 20:25:00+00:00,0.0,50000.0,"POLYGON ((-133.45 14.15, -125.45 7.45, -129 4, -134 4.15, -133.45 14.15))"
65E,2019-06-10 16:55:00+00:00,2019-06-10 18:55:00+00:00,0.0,40000.0,"POLYGON ((-82.72394388723113 40.2521499904118, -82.0225874096104 40.14861526425747, -81.8516481633115 37.77773802244043, -83.72428277491134 37.33605812315241, -82.72394388723113 40.2521499904118))"
66E,2019-06-10 16:55:00+00:00,2019-06-10 18:55:00+00:00,0.0,40000.0,"POLYGON ((-83.43881637968013 37.24941184401323, -80.89123695885746 37.08986210710667, -83.3 34.8445709394209, -84.16137079025954 35.36542949053553, -83.43881637968013 37.24941184401323))"
57E,2019-06-10 16:55:00+00:00,2019-06-10 18:55:00+00:00,0.0,45000.0,"POLYGON ((-82.34882183588537 28.98479528170361, -81.5722851958344 28.33534824058018, -81.32132621948037 26.938173812553245, -83.91672205719549 26.166634600511614, -85.85706596126884 29.091038052490347, -82.34882183588537 28.98479528170361))"
62E,2019-06-10 16:55:00+00:00,2019-06-10 18:55:00+00:00,0.0,40000.0,"POLYGON ((-84.3323794262503 35.23388786491478, -82.42770332285671 34.24397626731691, -85.07838873377041 32.782798593778566, -86.9 33.52542906057911, -84.3323794262503 35.23388786491478))"
6W,2019-06-10 16:55:00+00:00,2019-06-10 18:55:00+00:00,0.0,40000.0,"POLYGON ((-105.25788749705941 33.11706903776575, -105.93971757833707 31.819547294354663, -107.80545513244071 31.87915097184416, -107.52399183674005 33.07530737065971, -105.25788749705941 33.11706903776575))"
67E,2019-06-10 16:55:00+00:00,2019-06-10 18:55:00+00:00,0.0,45000.0,"POLYGON ((-80.83476472574945 26.678058003974225, -80.9301187995611 25.210354803629514, -82.81112116311739 24.20463046264165, -83.49897002959062 25.217107218672528, -80.83476472574945 26.678058003974225))"
63E,2019-06-10 16:55:00+00:00,2019-06-10 18:55:00+00:00,0.0,45000.0,"POLYGON ((-79.47395303305504 34.293526190676616, -78.29568086546855 33.99634063328835, -81.11 31.494524177054434, -81.6084270401876 28.775017252343357, -83.7713395802896 30.39872461181551, -79.47395303305504 34.293526190676616))"
60E,2019-06-10 16:55:00+00:00,2019-06-10 18:55:00+00:00,0.0,45000.0,"POLYGON ((-78.4030222414804 33.27290691262983, -77.18711036928703 32.96475210855679, -79.01170039983428 29.283601544713342, -80.22598631268453 29.61542223753737, -78.4030222414804 33.27290691262983))"
59E,2019-06-10 16:55:00+00:00,2019-06-10 18:55:00+00:00,0.0,45000.0,"POLYGON ((-84.37844765119132 32.43322743954524, -83.50818392904688 31.657616916745877, -84.12959054430938 29.93870032634315, -84.71621490712701 29.630964751439436, -86.13466574353804 30.358295136734466, -84.37844765119132 32.43322743954524))"
61E,2019-06-10 16:55:00+00:00,2019-06-10 18:55:00+00:00,0.0,45000.0,"POLYGON ((-72.60903339892053 37.35904184736853, -72.98449992005833 35.13494418784608, -74.10202207210175 35.54163455364396, -74.12016973503353 36.871874559671994, -72.60903339892053 37.35904184736853))"
64E,2019-06-10 16:55:00+00:00,2019-06-10 18:55:00+00:00,0.0,45000.0,"POLYGON ((-77.07774916391767 37.96086795358482, -75.45596850153912 35.669609064995846, -77.79302593126216 34.196271027663116, -79.3746285910015 34.46495097595935, -78.28456783436889 37.17773823082048, -77.07774916391767 37.96086795358482))"
58E,2019-06-10 16:55:00+00:00,2019-06-10 18:55:00+00:00,0.0,45000.0,"POLYGON ((-78.97286876565066 26.675630616850057, -78.60267983213524 24.261108945577764, -80.4532068212314 24.07469221014595, -79.91807585821556 26.616229889307714, -78.97286876565066 26.675630616850057))"
74E,2019-06-10 17:55:00+00:00,2019-06-10 19:55:00+00:00,0.0,45000.0,"POLYGON ((-80.82506974096752 35.08770873492564, -77.73640230612165 34.08279511262916, -80.86902970905838 31.955317399558623, -81.23655166097906 29.032808099971728, -83.87788237514063 29.990242575605, -80.82506974096752 35.08770873492564))"
77E,2019-06-10 17:55:00+00:00,2019-06-10 19:55:00+00:00,0.0,40000.0,"POLYGON ((-80.71 37.37914187884179, -80.9169781045083 36.68912136919257, -83.42449594523728 34.802163811557996, -84.22865084365881 35.23169255162722, -83.43881637968013 37.24941184401323, -80.71 37.37914187884179))"
73E,2019-06-10 17:55:00+00:00,2019-06-10 19:55:00+00:00,0.0,45000.0,"POLYGON ((-84.39748126523008 35.212348176683584, -81.79100181380065 33.58211794311643, -82.86229989296405 33.11980648720882, -87.22523196645838 31.898439406737257, -88.22864570020822 33.25440066662654, -84.39748126523008 35.212348176683584))"
68E,2019-06-10 17:55:00+00:00,2019-06-10 19:55:00+00:00,0.0,45000.0,"POLYGON ((-82.37741804946413 29.010101918639464, -80.93959800701167 28.186491202038923, -81.09129487440971 26.783011200950792, -84.1202517009255 25.97955169702576, -85.80676761458878 28.98261148211376, -82.37741804946413 29.010101918639464))"
69E,2019-06-10 17:55:00+00:00,2019-06-10 19:55:00+00:00,0.0,45000.0,"POLYGON ((-79.06133213016837 26.294299452237617, -78.60267983213524 24.261108945577764, -80.4532068212314 24.07469221014595, -79.87709734847402 26.218726895225966, -79.06133213016837 26.294299452237617))"
70E,2019-06-10 17:55:00+00:00,2019-06-10 19:55:00+00:00,0.0,45000.0,"POLYGON ((-82.46396608054296 32.684420047986144, -83.94229171860809 30.046444963365285, -85.0768766276345 28.86093881581106, -86.5011198016139 30.76621046740255, -84.59119698905651 32.27446611431656, -82.46396608054296 32.684420047986144))"
71E,2019-06-10 17:55:00+00:00,2019-06-10 19:55:00+00:00,0.0,45000.0,"POLYGON ((-78.2520935695117 33.58088063478707, -77.33697775851961 33.27290691262983, -79.01170039983428 29.283601544713342, -80.15798964139665 30.120107717012306, -78.2520935695117 33.58088063478707))"
72E,2019-06-10 17:55:00+00:00,2019-06-10 19:55:00+00:00,0.0,45000.0,"POLYGON ((-72.60903339892053 37.35904184736853, -72.79933985502997 35.06616814957474, -75.02669109969132 35.313314744045755, -74.53604101133865 36.8783989291865, -72.60903339892053 37.35904184736853))"
75E,2019-06-10 17:55:00+00:00,2019-06-10 19:55:00+00:00,0.0,43000.0,"POLYGON ((-76.58900616105268 38.50620889701939, -75.59991116145608 35.78803390368189, -77.4669795769372 34.349339694185325, -79.34970378576907 34.84442954319337, -78.0556298283882 36.909508482259476, -76.58900616105268 38.50620889701939))"
76E,2019-06-10 17:55:00+00:00,2019-06-10 19:55:00+00:00,0.0,45000.0,"POLYGON ((-82.1029162420284 40.95860733730292, -80.1 39.40910686720918, -80.82325851285681 37.54434616529908, -83.33727961300407 37.28216488874069, -82.1029162420284 40.95860733730292))"
78E,2019-06-10 17:55:00+00:00,2019-06-10 19:55:00+00:00,0.0,41000.0,"POLYGON ((-80.79299415916647 25.990099428596057, -80.49132920166006 25.338732925408017, -82.81112116311739 24.20463046264165, -83.49897002959062 25.217107218672528, -80.79299415916647 25.990099428596057))"
7W,2019-06-10 17:55:00+00:00,2019-06-10 19:55:00+00:00,0.0,40000.0,"POLYGON ((-105.2174229644551 33.3385698786648, -105.72900754996992 31.34824983201551, -106.67158887235203 31.81940048805411, -108.81272850592548 31.346981460766365, -108.98101465116922 32.50497473818331, -105.2174229644551 33.3385698786648))"
ROMEO 1,2019-06-10 17:56:00+00:00,2019-06-10 22:00:00+00:00,0.0,50000.0,"POLYGON ((-168 8.3, -163.5 6.3, -175.1 1.5, -177.3 5.2, -168 8.3))"
KILO 2,2019-06-10 18:00:00+00:00,2019-06-10 22:00:00+00:00,0.0,44000.0,"POLYGON ((-70.15 38.45, -69.45 35.15, -74 36, -73.45 37.15, -70.15 38.45))"
19C,2019-06-10 18:04:00+00:00,2019-06-10 19:55:00+00:00,0.0,35000.0,"POLYGON ((-92.40435869581079 48.565621260248705, -89.05265925500001 47.55455764729145, -93.58360483535046 46.476466180792755, -93.54037974602575 47.570484993081855, -92.40435869581079 48.565621260248705))"
MIKE 1,2019-06-10 18:35:00+00:00,2019-06-10 22:35:00+00:00,0.0,50000.0,"POLYGON ((-79.15 26, -76.3 25.45, -75 22, -78.45 24, -79.15 26))"
JULIETT 3,2019-06-10 18:40:00+00:00,2019-06-10 22:40:00+00:00,0.0,44000.0,"POLYGON ((-86 27.15, -82.3 26.45, -85.45 24.15, -89.15 24.3, -86 27.15))"
86E,2019-06-10 18:55:00+00:00,2019-06-10 20:55:00+00:00,0.0,43000.0,"POLYGON ((-75.49060188098262 39.31926573916965, -75.67552115067289 35.8500303706391, -77.51978372421385 34.34950138738246, -79.39062138138794 34.763970555974346, -77.18156804334174 38.592782134362395, -75.49060188098262 39.31926573916965))"
84E,2019-06-10 18:55:00+00:00,2019-06-10 20:55:00+00:00,0.0,45000.0,"POLYGON ((-84.16137079025954 35.36542949053553, -81.9136325253928 33.91420979240056, -82.85402235825858 32.96411281310424, -86.63537217853386 32.10895861398745, -87.54030372076038 33.44704850904481, -84.16137079025954 35.36542949053553))"
89E,2019-06-10 18:55:00+00:00,2019-06-10 20:55:00+00:00,0.0,45000.0,"POLYGON ((-87.85454408090588 32.04452043292187, -86.79276996623476 32.05314522476477, -86.68 30.107145302895525, -88.61603713288844 30.195484128068205, -87.85454408090588 32.04452043292187))"
20C,2019-06-10 18:55:00+00:00,2019-06-10 20:55:00+00:00,0.0,35000.0,"POLYGON ((-91.65033717187998 48.55659161744277, -88.95970901882727 47.40050605178972, -93.18691725449506 45.758675831711265, -93.6568432998053 46.96421738968327, -91.65033717187998 48.55659161744277))"
8W,2019-06-10 18:55:00+00:00,2019-06-10 20:55:00+00:00,0.0,40000.0,"POLYGON ((-108.87342696475305 33.885445795380654, -105.13914872186758 33.33892007932399, -105.68175973122321 31.30746434356681, -106.62028242166295 31.819547294354663, -108.87082551627584 31.46800574395262, -108.87342696475305 33.885445795380654))"
85E,2019-06-10 18:55:00+00:00,2019-06-10 20:55:00+00:00,0.0,45000.0,"POLYGON ((-80.54285666960673 35.18931870183628, -77.87 34.35, -80.9600926585421 31.85250184019409, -80.72845148770378 29.299457815648363, -83.75888529016513 29.852783030599475, -80.54285666960673 35.18931870183628))"
87E,2019-06-10 18:55:00+00:00,2019-06-10 20:55:00+00:00,0.0,45000.0,"POLYGON ((-81.68099373956632 41.112466263231795, -79.44290970881671 39.84781423183663, -80.82325851285681 37.54434616529908, -83.33727961300407 37.28216488874069, -81.68099373956632 41.112466263231795))"
81E,2019-06-10 18:55:00+00:00,2019-06-10 20:55:00+00:00,0.0,45000.0,"POLYGON ((-82.53930437815256 32.94089476184316, -83.57845799806871 30.397732665893674, -85.1483644234394 28.706818749071704, -86.13466574353804 30.358295136734466, -85.9907624169976 31.41637955877519, -82.53930437815256 32.94089476184316))"
80E,2019-06-10 18:55:00+00:00,2019-06-10 20:55:00+00:00,0.0,45000.0,"POLYGON ((-78.92007418187025 25.284354710145234, -78.60267983213524 24.261108945577764, -80.11821626746654 23.944023011476602, -79.99858674872327 25.1849103249004, -78.92007418187025 25.284354710145234))"
88E,2019-06-10 18:55:00+00:00,2019-06-10 20:55:00+00:00,0.0,40000.0,"POLYGON ((-80.71 37.422737911472794, -80.13339510732204 36.89760286114037, -83.09764040940539 34.6998327489478, -84.27922584392606 35.13084552944379, -83.33727961300407 37.28216488874069, -80.71 37.422737911472794))"
82E,2019-06-10 18:55:00+00:00,2019-06-10 20:55:00+00:00,0.0,45000.0,"POLYGON ((-78.2520935695117 33.58088063478707, -76.60350539699624 33.28469139114844, -78.43961397804969 29.273439933692682, -80.15798964139665 30.120107717012306, -78.2520935695117 33.58088063478707))"
83E,2019-06-10 18:55:00+00:00,2019-06-10 20:55:00+00:00,0.0,45000.0,"POLYGON ((-72.60903339892053 37.35904184736853, -72.79933985502997 35.06616814957474, -75.02669109969132 35.313314744045755, -74.53604101133865 36.8783989291865, -72.60903339892053 37.35904184736853))"
79E,2019-06-10 18:55:00+00:00,2019-06-10 20:55:00+00:00,0.0,45000.0,"POLYGON ((-83.05 29.6, -80.89196105658775 28.838708377429917, -80.56179368939435 27.52627662910523, -84.1202517009255 25.97955169702576, -85.73542997423891 28.828408371394563, -83.05 29.6))"
21C,2019-06-10 18:55:00+00:00,2019-06-10 20:55:00+00:00,0.0,45000.0,"POLYGON ((-97.81649898515475 27.899488443853752, -94.72092482063596 27.339034912976757, -95.48894834335243 26.60803521734189, -97.19502348912748 25.919882609626494, -98.0650625936352 26.173055034308472, -97.81649898515475 27.899488443853752))"
SIERRA 1,2019-06-10 18:59:00+00:00,2019-06-10 23:00:00+00:00,0.0,50000.0,"POLYGON ((129.5 21, 135.3 21, 130 17.2, 129.5 21))"
MIKE 2,2019-06-10 19:40:00+00:00,2019-06-10 23:40:00+00:00,0.0,50000.0,"POLYGON ((-79.15 26, -72.3 25.45, -73 21.3, -78.45 24, -79.15 26))"
91E,2019-06-10 19:55:00+00:00,2019-06-10 21:55:00+00:00,0.0,45000.0,"POLYGON ((-82.16000000000001 33.13171624231643, -83.51193618424661 30.39732483122391, -84.73175354494207 29.59804805122651, -86.48751258041652 30.429159279823317, -85.59983312185356 31.60459384869084, -82.16000000000001 33.13171624231643))"
93E,2019-06-10 19:55:00+00:00,2019-06-10 21:55:00+00:00,0.0,45000.0,"POLYGON ((-85.15 34.526287181737324, -81.42064994781386 34.16612711437198, -82.02739621020865 33.442796839462325, -86.4504083369306 31.952800763409567, -87.29520197803024 32.86797295169385, -85.15 34.526287181737324))"
95E,2019-06-10 19:55:00+00:00,2019-06-10 21:55:00+00:00,0.0,45000.0,"POLYGON ((-75.9690746296977 40.04537363582763, -75.17258114354674 39.09940709501622, -75.80114895850492 35.95272050189755, -77.51978372421385 34.34950138738246, -79.39062138138794 34.763970555974346, -75.9690746296977 40.04537363582763))"
22C,2019-06-10 19:55:00+00:00,2019-06-10 21:55:00+00:00,0.0,30000.0,"POLYGON ((-91.16389132655605 48.15696010379169, -88.93990058204122 47.367549748946466, -92.06141198711988 45.30744039172937, -94.03 45.77171624231642, -91.16389132655605 48.15696010379169))"
97E,2019-06-10 19:55:00+00:00,2019-06-10 21:55:00+00:00,0.0,40000.0,"POLYGON ((-80.95955970830863 37.47248128599713, -80.0843181503898 37.08835653621229, -83.3 34.36726208852721, -83.90707222766581 34.69849476116072, -82.52968086927974 37.20786087199587, -80.95955970830863 37.47248128599713))"
94E,2019-06-10 19:55:00+00:00,2019-06-10 21:55:00+00:00,0.0,45000.0,"POLYGON ((-80.8062603016737 35.07227442596922, -77.87 34.35, -80.9600926585421 31.85250184019409, -80.83957930427944 29.535008850182635, -83.59373561537444 30.069454276375353, -80.8062603016737 35.07227442596922))"
92E,2019-06-10 19:55:00+00:00,2019-06-10 21:55:00+00:00,0.0,45000.0,"POLYGON ((-72.60903339892053 37.35904184736853, -72.98449992005833 35.13494418784608, -74.47702885257405 35.67489660334179, -74.32809649220896 36.87531786633469, -72.60903339892053 37.35904184736853))"
96E,2019-06-10 19:55:00+00:00,2019-06-10 21:55:00+00:00,0.0,45000.0,"POLYGON ((-80.9088188311496 41.82733526884612, -79.3759247013076 41.72859974644952, -80.95955970830863 37.47248128599713, -82.52968086927974 37.20786087199587, -80.9088188311496 41.82733526884612))"
98E,2019-06-10 19:55:00+00:00,2019-06-10 21:55:00+00:00,0.0,45000.0,"POLYGON ((-86.68 31.49547582294556, -86.68 29.665417309845242, -88.72742467651932 29.960957988443386, -87.50811427913604 31.533211565618476, -86.68 31.49547582294556))"
90E,2019-06-10 19:55:00+00:00,2019-06-10 21:55:00+00:00,0.0,45000.0,"POLYGON ((-82.69600381644669 29.726863603209576, -80.5822297501818 29.107962812107232, -80.49 27.513631044263608, -81.70874468792236 26.68368715822119, -83.34112614395275 28.98486294275094, -82.69600381644669 29.726863603209576))"
23C,2019-06-10 19:55:00+00:00,2019-06-10 21:55:00+00:00,0.0,45000.0,"POLYGON ((-97.81649898515475 27.899488443853752, -95.6648007378029 27.37512663884861, -97.19502348912748 25.919882609626494, -98.0650625936352 26.173055034308472, -97.81649898515475 27.899488443853752))"
9W,2019-06-10 19:55:00+00:00,2019-06-10 21:55:00+00:00,0.0,40000.0,"POLYGON ((-109.29493000825379 34.72731217949309, -105.2174229644551 33.3385698786648, -105.59212595992186 31.229945525360858, -106.67158887235203 31.81940048805411, -108.81272850592548 31.346981460766365, -109.29493000825379 34.72731217949309))"
GOLF 3,2019-06-10 20:10:00+00:00,2019-06-11 00:10:00+00:00,0.0,50000.0,"POLYGON ((-133.45 14.15, -128.45 10.3, -127 6.15, -130.3 3.3, -134 5, -133.45 14.15))"
TANGO 1,2019-06-10 20:24:00+00:00,2019-06-11 00:25:00+00:00,0.0,53000.0,"POLYGON ((-155.5 2.5, -159.4 -3, -164 -3, -164.5 2.1, -155.5 2.5))"
05E,2019-06-10 20:55:00+00:00,2019-06-10 22:55:00+00:00,0.0,35000.0,"POLYGON ((-76.08565520873474 40.88597357588707, -73.98739417050466 40.229097124121274, -75.31511628999286 38.932890646361344, -76.08565520873474 40.88597357588707))"
10W,2019-06-10 20:55:00+00:00,2019-06-10 22:55:00+00:00,0.0,40000.0,"POLYGON ((-109.26407597093005 34.52216447031274, -107.7948231111515 34.704147176456544, -105.09872050822068 33.17310661967893, -105.65274515298195 31.597161656980568, -108.8066147847658 31.334226035473844, -109.26407597093005 34.52216447031274))"
02E,2019-06-10 20:55:00+00:00,2019-06-10 22:55:00+00:00,0.0,45000.0,"POLYGON ((-81.69805054809419 34.56866431361833, -82.51 30.708155221318037, -84.78878348330078 29.47703734748007, -88.1388533192434 30.268697876454265, -85.15 34.294524177054434, -81.69805054809419 34.56866431361833))"
04E,2019-06-10 20:55:00+00:00,2019-06-10 22:55:00+00:00,0.0,45000.0,"POLYGON ((-79.27907210482412 42.30753085996124, -80.36083528785535 36.17673144288763, -83.3 35.03273791147279, -81.57969315256564 38.39621229948763, -80.29 42.02, -79.27907210482412 42.30753085996124))"
03E,2019-06-10 20:55:00+00:00,2019-06-10 22:55:00+00:00,0.0,45000.0,"POLYGON ((-75.75511472641801 38.81086026649829, -75.1599614385435 36.88546799774109, -77.44072004121696 34.702173615973486, -79.50052802618065 35.27964005264144, -78.09231674503435 37.242815771409894, -75.75511472641801 38.81086026649829))"
01E,2019-06-10 20:55:00+00:00,2019-06-10 22:55:00+00:00,0.0,45000.0,"POLYGON ((-79.66 34.72910686720917, -79.12149286945662 33.204978559820304, -80.97494601179777 29.417572682385824, -83.05 28.93452417705443, -81.73398863940416 34.062191442037474, -79.66 34.72910686720917))"
99E,2019-06-10 20:55:00+00:00,2019-06-10 22:55:00+00:00,0.0,45000.0,"POLYGON ((-80.15614644654264 29.29661144503285, -79.79410506873485 27.93292726169233, -81.09129487440971 26.783011200950792, -82.62181160126576 27.553686480206498, -81.63777024981822 29.107962812107232, -80.15614644654264 29.29661144503285))"
24C,2019-06-10 20:55:00+00:00,2019-06-10 22:55:00+00:00,0.0,30000.0,"POLYGON ((-90.34728246843116 47.91167113548173, -89.43 47.50452417705443, -89.46 46.461844778681964, -91.98131516815157 45.251829765536336, -91.53561335930212 47.874039444298504, -90.34728246843116 47.91167113548173))"
25C,2019-06-10 20:55:00+00:00,2019-06-10 22:55:00+00:00,0.0,45000.0,"POLYGON ((-98.1929908513793 27.897953807176233, -96.19204529250652 26.973907030931315, -97.72216160078037 26.046931445803562, -98.0650625936352 26.173055034308472, -98.1929908513793 27.897953807176233))"
ROMEO 2,2019-06-10 21:26:00+00:00,2019-06-11 01:30:00+00:00,0.0,48000.0,"POLYGON ((-168 8.3, -163.5 6.3, -175.1 1.5, -177.3 5.2, -168 8.3))"
27C,2019-06-10 21:55:00+00:00,2019-06-10 23:55:00+00:00,0.0,32000.0,"POLYGON ((-100.35649267734759 47.232428419444844, -99.18404047717294 46.101970696690316, -99.32285987992097 45.95799440204192, -100.49531208009562 47.08845212479645, -100.35649267734759 47.232428419444844))"
26C,2019-06-10 21:55:00+00:00,2019-06-10 23:55:00+00:00,0.0,31000.0,"POLYGON ((-89.10849116696437 46.38439022845926, -89.01077932350819 46.2098840805779, -91.14147547784688 45.01683586071231, -91.23918732130306 45.19134200859367, -89.10849116696437 46.38439022845926))"
12W,2019-06-10 21:55:00+00:00,2019-06-10 23:55:00+00:00,0.0,40000.0,"POLYGON ((-107.67902376402634 34.18073991690335, -107.68252168265579 33.9807705078297, -109.51216488841553 34.01277511835648, -109.50866696978608 34.212744527430125, -107.67902376402634 34.18073991690335))"
07E,2019-06-10 21:55:00+00:00,2019-06-10 23:55:00+00:00,0.0,45000.0,"POLYGON ((-80.3596052046451 35.922068034594325, -78.61242498927234 34.093090724269146, -80.71695700689364 32.15939251784325, -80.96354490269219 29.607329850298168, -83.45606694825167 30.715289850329363, -80.3596052046451 35.922068034594325))"
10E,2019-06-10 21:55:00+00:00,2019-06-10 23:55:00+00:00,0.0,44000.0,"POLYGON ((-79.03386140350233 42.343672700136544, -79.62553914387945 37.12204128770631, -81.30280718489455 36.43714664049143, -80.06605860028843 42.01978236276708, -79.03386140350233 42.343672700136544))"
11E,2019-06-10 21:55:00+00:00,2019-06-10 23:55:00+00:00,0.0,37000.0,"POLYGON ((-75.68 40.91273791147279, -74.26346804373215 40.1272909906029, -75.42871202880268 37.14217759696002, -76.29121268911702 38.09273766515285, -75.68 40.91273791147279))"
09E,2019-06-10 21:55:00+00:00,2019-06-10 23:55:00+00:00,0.0,45000.0,"POLYGON ((-76.87303690640753 37.852081607745575, -75.43384059135515 36.63287074504286, -77.1230510399515 34.602400398072476, -79.09185911066906 35.254776413331065, -78.85315559844388 37.376704518482875, -76.87303690640753 37.852081607745575))"
08E,2019-06-10 21:55:00+00:00,2019-06-10 23:55:00+00:00,0.0,45000.0,"POLYGON ((-81.92914927188356 34.17090021200632, -84.07786910491039 30.164436683270303, -86.97849752670874 31.44447747954094, -87.23159293349036 32.53506400034328, -81.92914927188356 34.17090021200632))"
06E,2019-06-10 21:55:00+00:00,2019-06-10 23:55:00+00:00,0.0,45000.0,"POLYGON ((-79.70700398422596 28.783338289656164, -79.79410506873485 27.93292726169233, -81.56737075659167 26.068727929460575, -82.39015455956361 28.524515941007245, -79.70700398422596 28.783338289656164))"
28C,2019-06-10 21:55:00+00:00,2019-06-10 23:55:00+00:00,0.0,45000.0,"POLYGON ((-97.44 27.9, -97.4508800685603 26.07368762745326, -98.40870393866415 26.29836449827671, -97.44 27.9))"
11W,2019-06-10 21:55:00+00:00,2019-06-10 23:55:00+00:00,0.0,42000.0,"POLYGON ((-105.81480669404013 33.334279764057946, -105.18024216084495 32.86817837655505, -105.49683242450126 31.81760199578816, -108.57529782955933 31.45283912886847, -108.9567468580813 32.884457628350354, -105.81480669404013 33.334279764057946))"
SIERRA 2,2019-06-10 22:22:00+00:00,2019-06-11 02:25:00+00:00,0.0,50000.0,"POLYGON ((132 21, 135 21, 132.2 17.1, 129.5 19.4, 132 21))"
29C,2019-06-10 22:55:00+00:00,2019-06-11 00:55:00+00:00,,,"POLYGON ((-89.23389130534787 45.90909345006201, -89.5171032647711 45.71209273507736, -89.51746936232692 45.71183686451555, -89.74260703711812 45.55373551639317, -89.4028967352289 45.54790726492264, -89.11968477580567 45.74490797990729, -89.62766831246427 45.39006178736207, -89.40253063767307 45.54816313548445, -89.23389130534787 45.90909345006201))"
14W,2019-06-10 22:55:00+00:00,2019-06-11 00:55:00+00:00,0.0,45000.0,"POLYGON ((-110.44676521239128 35.05948801002282, -107.70285140981358 35.03680252576902, -107.28 34.002854697104475, -109.40657303524696 33.885445795380654, -110.44676521239128 35.05948801002282))"
12E,2019-06-10 22:55:00+00:00,2019-06-11 00:55:00+00:00,,,"POLYGON ((-80.34110540109934 27.71244698178315, -80.69373298009249 27.61864580828113, -80.74301238290936 27.58816600150445, -81.72277655906001 26.47768875807607, -80.6423196127674 27.4253670829638, -80.28969203377424 27.51916825646581, -81.57280438610118 26.34536964631211, -80.59304020995053 27.45584688974049, -80.34110540109934 27.71244698178315))"
16E,2019-06-10 22:55:00+00:00,2019-06-11 00:55:00+00:00,0.0,43000.0,"POLYGON ((-75.34156935752527 41.19432818612055, -73.77 40.29726208852722, -74.82949957680789 39.69198101851925, -74.47173060575116 37.52191430013884, -76.099529000863 38.539525966530285, -75.34156935752527 41.19432818612055))"
13E,2019-06-10 22:55:00+00:00,2019-06-11 00:55:00+00:00,0.0,45000.0,"POLYGON ((-78.4000357362542 35.996735410003375, -79.33482452562161 33.476227097624246, -83.94229171860809 30.046444963365285, -87.04779526586864 30.060955930196414, -87.49986435291882 32.21452021656015, -78.4000357362542 35.996735410003375))"
14E,2019-06-10 22:55:00+00:00,2019-06-11 00:55:00+00:00,0.0,45000.0,"POLYGON ((-77.54671996942044 38.02473389545863, -75.88908687503132 36.02436614817622, -76.93560817709788 34.66478773594719, -78.79869658513489 36.89625769469858, -77.54671996942044 38.02473389545863))"
15E,2019-06-10 22:55:00+00:00,2019-06-11 00:55:00+00:00,0.0,44000.0,"POLYGON ((-78.65 42.597262088527216, -79.24 36.58452417705443, -80.54894597320987 35.85765482243549, -79.53573659439061 42.31658366301401, -78.65 42.597262088527216))"
30C,2019-06-10 22:55:00+00:00,2019-06-11 00:55:00+00:00,0.0,40000.0,"POLYGON ((-99.20560227319294 27.01872133360537, -97.09535509399636 26.534540942128007, -97.38 25.92, -98.92245857122617 26.403183741939042, -99.20560227319294 27.01872133360537))"
13W,2019-06-10 22:55:00+00:00,2019-06-11 00:55:00+00:00,0.0,35000.0,"POLYGON ((-105.41655717074562 33.33745759080962, -104.90950567417596 31.81265647901546, -108.20446775732309 31.048965877689326, -108.3102850733341 32.86627297652416, -105.41655717074562 33.33745759080962))"
UNIFORM 1,2019-06-10 23:43:00+00:00,2019-06-11 03:45:00+00:00,0.0,53000.0,"POLYGON ((151.1 8.1, 151.2 4.1, 148 3.1, 147.2 7, 151.1 8.1))"
TANGO 2,2019-06-10 23:51:00+00:00,2019-06-11 03:55:00+00:00,0.0,53000.0,"POLYGON ((-161.3 -0.1, -160.5 -3.5, -164.5 -3.4, -166 -0.1, -161.3 -0.1))"
23E,2019-06-10 23:55:00+00:00,2019-06-11 01:55:00+00:00,,,"POLYGON ((-74.59847146079503 41.20327070740117, -74.4147497791204 39.98964770754033, -74.48668785072644 40.07098407861147, -75.6530645841789 40.39720940086311, -75.59733219720391 40.35717280676478, -74.7448374810401 39.10469431307868, -74.61249675397468 39.95971221128617, -74.79621843564931 41.17333521114702, -75.7069354158211 40.20460116246668, -74.54055868236864 39.87837584021504, -74.91017308663228 38.99215926287891, -75.7626678027961 40.24463775656501, -74.59847146079503 41.20327070740117))"
20E,2019-06-10 23:55:00+00:00,2019-06-11 01:55:00+00:00,0.0,45000.0,"POLYGON ((-83.12310975050987 34.565530994445915, -82.98074677614632 34.42505756802523, -83.5641721164905 33.833784407778396, -83.70653509085405 33.97425783419908, -83.12310975050987 34.565530994445915))"
21E,2019-06-10 23:55:00+00:00,2019-06-11 01:55:00+00:00,0.0,45000.0,"POLYGON ((-77.72886341648189 38.37278280386299, -75.80114895850492 35.95272050189755, -76.55885104149509 35.95272050189755, -78.78 36.44828375768357, -77.72886341648189 38.37278280386299))"
19E,2019-06-10 23:55:00+00:00,2019-06-11 01:55:00+00:00,0.0,40000.0,"POLYGON ((-85.74512503825491 32.52105963484129, -85.62877536258404 32.35838587244773, -86.94624225532924 31.41608981054701, -87.06259193100011 31.578763572940577, -85.74512503825491 32.52105963484129))"
18E,2019-06-10 23:55:00+00:00,2019-06-11 01:55:00+00:00,0.0,45000.0,"POLYGON ((-79.1599281740553 36.17608401255204, -78.35437713068276 34.183070951024256, -84.09481389642242 29.865487412010616, -86.93629782388639 30.29548312859381, -85.93103311357258 31.418006896742103, -79.1599281740553 36.17608401255204))"
31C,2019-06-10 23:55:00+00:00,2019-06-11 01:55:00+00:00,0.0,45000.0,"POLYGON ((-99.10172749952895 27.016904611642328, -98.50248130503626 26.429102005579608, -98.64253279940671 26.28632392979553, -99.2417789938994 26.87412653585825, -99.10172749952895 27.016904611642328))"
22E,2019-06-10 23:55:00+00:00,2019-06-11 01:55:00+00:00,0.0,44000.0,"POLYGON ((-79.37968607107968 42.650823066051515, -78.01218939585274 42.457658886227, -78.9226464540487 36.63475561336929, -80.54894597320987 35.85765482243549, -79.37968607107968 42.650823066051515))"
17E,2019-06-10 23:55:00+00:00,2019-06-11 01:55:00+00:00,0.0,45000.0,"POLYGON ((-80.22373773091545 27.91502661376889, -79.36281421450062 27.675438843385773, -80.67083656346551 25.446556484941148, -81.64837893093764 26.647580179048138, -80.22373773091545 27.91502661376889))"
15W,2019-06-10 23:55:00+00:00,2019-06-11 01:55:00+00:00,0.0,33000.0,"POLYGON ((-105.41655717074562 33.33745759080962, -106.20519673969874 31.666273245701333, -107.98338317594562 31.51092560485138, -108.3102850733341 32.86627297652416, -105.41655717074562 33.33745759080962))"
16W,2019-06-10 23:55:00+00:00,2019-06-11 01:55:00+00:00,0.0,45000.0,"POLYGON ((-110.23798823964638 34.86770303400082, -108.39242037202209 34.67239444467471, -108.43192176354616 33.82975271345669, -109.98851553673096 33.711219686775586, -110.23798823964638 34.86770303400082))"
GOLF 4,2019-06-11 00:00:00+00:00,2019-06-11 04:00:00+00:00,0.0,47000.0,"POLYGON ((-134 13, -129 10.3, -128.3 4.45, -134 4, -134 13))"
1E,2019-06-11 00:55:00+00:00,2019-06-11 02:55:00+00:00,,,"POLYGON ((-80.12282361537626 27.86077254160578, -80.0425201442166 26.75294796289652, -80.31631573186971 25.88816659260798, -79.92396461430596 27.83943952275411, -80.03842651108118 26.77246542913892, -80.50698746666919 25.94853454394444, -80.23319187901608 26.81331591423298, -80.23728551215149 26.79379844799058, -80.12282361537626 27.86077254160578))"
3E,2019-06-11 00:55:00+00:00,2019-06-11 02:55:00+00:00,,,"POLYGON ((-80.85274132368235 35.06145921204812, -81.14555222050937 34.11276769145432, -81.14798614917859 34.10324361303759, -81.22501781452414 33.72523393004918, -81.16893167309564 33.79606471144088, -83.50820471977764 32.71658179591478, -83.54496423682397 32.68753007209821, -84.34357764144406 31.67017446348922, -80.95444777949062 34.05378385788184, -80.6616368826636 35.00247537847564, -81.02904551616695 33.68529825331016, -80.9520138508214 34.06330793629857, -83.42440470427744 32.53498455639235, -81.08513165759544 33.61446747191845, -84.18625859185119 31.54668067159993, -83.3876451872311 32.56403628020892, -80.85274132368235 35.06145921204812))"
6E,2019-06-11 00:55:00+00:00,2019-06-11 02:55:00+00:00,0.0,39000.0,"POLYGON ((-74.81035225608389 40.86522934670728, -74.60376058447733 39.76454544936415, -75.89723388749108 40.17909748376264, -74.81035225608389 40.86522934670728))"
1C,2019-06-11 00:55:00+00:00,2019-06-11 02:55:00+00:00,0.0,45000.0,"POLYGON ((-98.86776662275335 27.107044071094464, -98.41213648741342 25.952361742679084, -98.59817663807576 25.878951509458258, -99.05380677341569 27.033633837873637, -98.86776662275335 27.107044071094464))"
5E,2019-06-11 00:55:00+00:00,2019-06-11 02:55:00+00:00,0.0,37000.0,"POLYGON ((-78.9127581940715 42.12614674484681, -77.33700759991169 41.978834425529676, -78.6293001275345 39.22575896572383, -79.31271810214601 38.65268520873533, -78.9127581940715 42.12614674484681))"
2E,2019-06-11 00:55:00+00:00,2019-06-11 02:55:00+00:00,0.0,45000.0,"POLYGON ((-84.8306234293112 31.467860282199958, -84.35 29.90089313279082, -86.68 29.499048354108847, -87.80987630564246 31.199402798588817, -84.8306234293112 31.467860282199958))"
4E,2019-06-11 00:55:00+00:00,2019-06-11 02:55:00+00:00,0.0,43000.0,"POLYGON ((-78.91742466397575 37.86438352420083, -76.93185816248678 37.62669880121568, -78.78 35.038155221318036, -80.20005279829672 34.93301949383318, -80.59731337772212 36.04841771335938, -78.91742466397575 37.86438352420083))"
1W,2019-06-11 00:55:00+00:00,2019-06-11 02:55:00+00:00,0.0,45000.0,"POLYGON ((-108.90717284276955 34.88089439986366, -107.84593240599047 33.7492819217673, -109.14 33.58815522131804, -110.41470708870986 34.29086471522568, -110.23798823964638 34.86770303400082, -108.90717284276955 34.88089439986366))"
2W,2019-06-11 00:55:00+00:00,2019-06-11 02:55:00+00:00,0.0,33000.0,"POLYGON ((-111.21267384774085 32.714460004929144, -110.32082636750653 32.098636349916916, -110.91 31.26815522131804, -111.6337504862259 31.843274814682438, -111.21267384774085 32.714460004929144))"
ROMEO 3,2019-06-11 01:09:00+00:00,2019-06-11 05:10:00+00:00,0.0,48000.0,"POLYGON ((-167.2 8.1, -165.3 6.2, -176.3 2.3, -179.1 5.1, -167.2 8.1))"
9E,2019-06-11 01:55:00+00:00,2019-06-11 03:55:00+00:00,,,"POLYGON ((-78.77514982507198 35.94679079116809, -81.14668642679224 33.65256658011496, -83.359421857595 32.51537651258671, -80.92323058036406 33.89728120791469, -81.11713638670531 33.67566019958301, -78.64708492758955 35.79316988753576, -80.93445791747732 33.88631879808262, -83.45084134913007 32.69325983549099, -81.23810591832732 33.83044990301924, -81.26765595841425 33.80735628355119, -81.073750152073 34.02897729188287, -81.06252281495975 34.03993970171495, -78.77514982507198 35.94679079116809))"
7E,2019-06-11 01:55:00+00:00,2019-06-11 03:55:00+00:00,0.0,45000.0,"POLYGON ((-74.86226453157153 35.209670665274714, -74.74801282697425 35.045516627868935, -75.8869079409677 34.25284219726935, -76.00115964556498 34.41699623467513, -74.86226453157153 35.209670665274714))"
11E,2019-06-11 01:55:00+00:00,2019-06-11 03:55:00+00:00,0.0,40000.0,"POLYGON ((-78.23050539318331 40.68501942472667, -78.04118725373962 40.62053189044614, -78.63363937584505 38.88125104000252, -78.82295751528873 38.94573857428305, -78.23050539318331 40.68501942472667))"
12E,2019-06-11 01:55:00+00:00,2019-06-11 03:55:00+00:00,0.0,33000.0,"POLYGON ((-74.9406403270192 40.85091211798735, -74.57700396338282 40.85091211798735, -74.57700396338282 40.48727575435099, -74.9406403270192 40.48727575435099, -74.9406403270192 40.85091211798735))"
2C,2019-06-11 01:55:00+00:00,2019-06-11 03:55:00+00:00,0.0,45000.0,"POLYGON ((-99.16819253931509 27.154827284095244, -98.208141991003 26.32485677490279, -98.33894140753671 26.173557361042583, -99.29899195584879 27.003527870235036, -99.16819253931509 27.154827284095244))"
8E,2019-06-11 01:55:00+00:00,2019-06-11 03:55:00+00:00,0.0,45000.0,"POLYGON ((-84.35 30.899106867209174, -85.95008380351696 29.290904068838216, -87.97291012078095 30.72942565123441, -84.35 30.899106867209174))"
10E,2019-06-11 01:55:00+00:00,2019-06-11 03:55:00+00:00,0.0,45000.0,"POLYGON ((-78.6451219639494 37.71907851916679, -76.93317967696534 37.37203560912972, -77.79566251361739 36.57681222544997, -79.8231187839525 35.742487917148814, -78.6451219639494 37.71907851916679))"
3W,2019-06-11 01:55:00+00:00,2019-06-11 03:55:00+00:00,0.0,45000.0,"POLYGON ((-108.7103562304703 34.77217164958298, -108.58229392682102 34.22773358623716, -109.14 33.42178626558165, -110.22841517179121 34.58809449993688, -108.7103562304703 34.77217164958298))"
4W,2019-06-11 01:55:00+00:00,2019-06-11 03:55:00+00:00,0.0,33000.0,"POLYGON ((-110.68338213556379 32.560913038804934, -110.5373327339606 31.330929419644484, -111.32501244560481 31.746401158865154, -111.32823202025155 32.452235126798094, -110.68338213556379 32.560913038804934))"
SIERRA 3,2019-06-11 02:19:00+00:00,2019-06-11 06:20:00+00:00,0.0,50000.0,"POLYGON ((133.2 21, 136.2 21, 132.5 16.4, 131.2 18.3, 133.2 21))"
14E,2019-06-11 02:55:00+00:00,2019-06-11 04:55:00+00:00,0.0,45000.0,"POLYGON ((-84.37810240140988 30.785111952484545, -84.32189759859011 30.593171805199017, -85.94211589412615 30.118731980527382, -85.99832069694591 30.31067212781291, -84.37810240140988 30.785111952484545))"
13E,2019-06-11 02:55:00+00:00,2019-06-11 04:55:00+00:00,0.0,40000.0,"POLYGON ((-87.61483578449116 30.20796548530279, -86.00833903026621 29.586042354778808, -86.08054324441811 29.399530823074446, -87.68703999864306 30.021453953598428, -87.61483578449116 30.20796548530279))"
15E,2019-06-11 02:55:00+00:00,2019-06-11 04:55:00+00:00,0.0,45000.0,"POLYGON ((-79.81491451142891 35.99456190870806, -79.32273329745168 34.897370064589424, -80.5277115543626 33.85889860490909, -81.83001384317647 33.04172981736768, -81.81241538849542 33.70951325302352, -79.81491451142891 35.99456190870806))"
17E,2019-06-11 02:55:00+00:00,2019-06-11 04:55:00+00:00,0.0,45000.0,"POLYGON ((-74.86914782586571 35.2044235180572, -74.74112953268006 35.05076377508645, -75.3090099421102 34.57764648786928, -75.43702823529584 34.731306230840026, -74.86914782586571 35.2044235180572))"
3C,2019-06-11 02:55:00+00:00,2019-06-11 04:55:00+00:00,0.0,45000.0,"POLYGON ((-98.72255239359967 27.283833993671728, -98.47606118805679 26.384136352889414, -98.66895291638617 26.331289582485724, -98.91544412192906 27.230987223268038, -98.72255239359967 27.283833993671728))"
16E,2019-06-11 02:55:00+00:00,2019-06-11 04:55:00+00:00,0.0,45000.0,"POLYGON ((-77.94910106882634 37.49833195662816, -76.87724207845174 37.146250254837206, -78.20959699824057 36.059652943244885, -79.01708528751398 36.33088221041634, -77.94910106882634 37.49833195662816))"
5W,2019-06-11 02:55:00+00:00,2019-06-11 04:55:00+00:00,0.0,41000.0,"POLYGON ((-109.71367183953785 34.88922555469816, -108.85397599602881 34.65494861390663, -109.14 33.920893132790816, -109.88303998988661 34.16308484286046, -109.71367183953785 34.88922555469816))"
UNIFORM 2,2019-06-11 03:23:00+00:00,2019-06-11 07:25:00+00:00,0.0,50000.0,"POLYGON ((150.4 8.3, 150.5 3.4, 147.1 1.4, 144.3 7.2, 150.4 8.3))"
SIERRA 4,2019-06-11 03:36:00+00:00,2019-06-11 07:40:00+00:00,0.0,48000.0,"POLYGON ((134.4 21, 137.5 20.5, 135.3 18.4, 133 18.4, 134.4 21))"
TANGO 3,2019-06-11 03:39:00+00:00,2019-06-11 07:40:00+00:00,0.0,50000.0,"POLYGON ((-164.5 0.5, -163.4 -3, -166.1 -3.1, -167.5 0.3, -164.5 0.5))"
18E,2019-06-11 03:55:00+00:00,2019-06-11 05:55:00+00:00,,,"POLYGON ((-88.2298487631685 30.54678181088612, -88.26100884931172 30.331622742851, -88.1589162031643 30.41724107754496, -86.40483581945482 30.36239708410958, -88.06307380711549 30.30295710016199, -88.03191372097227 30.5181161681971, -86.41108606955343 30.16249477203265, -88.16516645326291 30.21733876546802, -88.2298487631685 30.54678181088612))"
19E,2019-06-11 03:55:00+00:00,2019-06-11 05:55:00+00:00,0.0,45000.0,"POLYGON ((-79.62237571004545 36.04946896298657, -78.78 35.29171624231642, -80.5277115543626 33.85889860490909, -80.91633239380391 34.12706018412702, -79.62237571004545 36.04946896298657))"
4C,2019-06-11 03:55:00+00:00,2019-06-11 05:55:00+00:00,0.0,32000.0,"POLYGON ((-100.53553909960893 42.73468287047953, -100.28794985295717 42.03534753569569, -102.09004556603261 41.37320870301906, -102.31484739887593 41.88411096813628, -100.53553909960893 42.73468287047953))"
7W,2019-06-11 03:55:00+00:00,2019-06-11 05:55:00+00:00,0.0,33000.0,"POLYGON ((-105.8196938416191 37.44999953133413, -105.09225635618023 37.44777241006896, -105.09286867294202 37.2477733474007, -105.82030615838089 37.250000468665874, -105.8196938416191 37.44999953133413))"
6W,2019-06-11 03:55:00+00:00,2019-06-11 05:55:00+00:00,0.0,38000.0,"POLYGON ((-108.64671100885344 34.11010009901653, -108.64671100885344 33.910100099016525, -109.63328899114656 33.910100099016525, -109.63328899114656 34.11010009901653, -108.64671100885344 34.11010009901653))"
20E,2019-06-11 03:55:00+00:00,2019-06-11 05:55:00+00:00,0.0,45000.0,"POLYGON ((-77.61750361048874 37.734908715085794, -76.74026584164622 37.30758198700871, -77.82780764812415 36.18458178617897, -78.78 36.20273791147278, -77.61750361048874 37.734908715085794))"
21E,2019-06-11 04:55:00+00:00,2019-06-11 06:55:00+00:00,,,"POLYGON ((-88.0717709757953 30.36031623292494, -87.99796692766655 30.2054733655063, -88.08807577497787 30.26244692366827, -86.67983849489302 30.26017254557616, -88.17850763250316 30.11942074266941, -88.2523116806319 30.27426361008805, -86.680161505107 30.06017280641532, -88.08839878519184 30.06244718450743, -88.0717709757953 30.36031623292494))"
6C,2019-06-11 04:55:00+00:00,2019-06-11 06:55:00+00:00,,,"POLYGON ((-89.59398165018256 29.10222710614428, -89.88863496824293 29.20974212325742, -89.97727045966829 29.19973662776153, -90.276381080798 29.00603087231285, -89.95719098711736 29.02185898863356, -89.66253766905699 28.91434397152041, -90.1676661168217 28.83815872868076, -89.868555495692 29.03186448412945, -89.59398165018256 29.10222710614428))"
23E,2019-06-11 04:55:00+00:00,2019-06-11 06:55:00+00:00,0.0,36000.0,"POLYGON ((-76.80174062131026 37.9077790614298, -76.71787188324888 36.258795946354205, -78.11885822184625 36.08949023824746, -77.82394570653445 37.33295389838898, -76.80174062131026 37.9077790614298))"
8W,2019-06-11 04:55:00+00:00,2019-06-11 06:55:00+00:00,0.0,29000.0,"POLYGON ((-105.46102258074308 37.33609151101762, -104.56938516708055 37.12116033012568, -104.61625317695254 36.926729392128046, -105.50789059061506 37.14166057301998, -105.46102258074308 37.33609151101762))"
22E,2019-06-11 04:55:00+00:00,2019-06-11 06:55:00+00:00,0.0,43000.0,"POLYGON ((-79.1599642637458 35.996735410003375, -77.64742875842444 35.4826757553513, -80.21645380378237 34.03774256690455, -80.62323180648023 34.21218728841783, -79.1599642637458 35.996735410003375))"
5C,2019-06-11 04:55:00+00:00,2019-06-11 06:55:00+00:00,0.0,28000.0,"POLYGON ((-99.81794541250333 42.26246117036698, -99.37923231345918 41.69376061398301, -101.00506195075862 41.5108345659641, -100.62417737049861 42.097681064228084, -99.81794541250333 42.26246117036698))"
24E,2019-06-11 05:55:00+00:00,2019-06-11 07:55:00+00:00,,,"POLYGON ((-88.31351776339875 30.31616990275234, -87.99268108066974 30.14773597528102, -88.04248398137689 30.15914043026777, -86.6833206641059 30.20429858307099, -88.08564555387224 29.97065518376996, -88.40648223660125 30.13908911124128, -86.67667933589411 30.00440888158644, -88.03584265316509 29.95925072878321, -88.31351776339875 30.31616990275234))"
8C,2019-06-11 05:55:00+00:00,2019-06-11 07:55:00+00:00,,,"POLYGON ((-89.55079873230834 29.08495966252438, -89.94593096535178 29.15977619338192, -90.02064208834923 29.14429872787952, -90.30246247654641 28.95327732259148, -89.9831389634183 28.96326775875408, -89.58800673037486 28.88845122789654, -90.19024822861802 28.78772381896843, -89.90842784042084 28.97874522425647, -89.55079873230834 29.08495966252438))"
25E,2019-06-11 05:55:00+00:00,2019-06-11 07:55:00+00:00,0.0,43000.0,"POLYGON ((-78.94494059036649 35.92521220339277, -77.33375558327246 35.86717516133619, -79.9066895152316 34.02529866195088, -80.15699341702457 34.63790727431845, -78.94494059036649 35.92521220339277))"
7C,2019-06-11 05:55:00+00:00,2019-06-11 07:55:00+00:00,0.0,28000.0,"POLYGON ((-99.8391055626551 42.83703352977863, -98.62334094485892 41.58413135746189, -100.06691371915002 41.55912767266601, -101.16776913533361 42.56396884940853, -99.8391055626551 42.83703352977863))"
29E,2019-06-11 05:55:00+00:00,2019-06-11 07:55:00+00:00,,,"POLYGON ((-77.03124937398323 38.81898048757407, -77.33977507689019 37.57557151594301, -77.54026451130196 37.42055534759086, -76.84622262739677 38.7430522118948, -77.30842930819921 37.61671821267882, -77.66259972050645 37.57877701674175, -77.46211028609468 37.7337931850939, -77.49345605478567 37.69264648835809, -77.03124937398323 38.81898048757407))"
26E,2019-06-11 05:55:00+00:00,2019-06-11 07:55:00+00:00,0.0,36000.0,"POLYGON ((-76.48565181056581 38.02761640341515, -76.59264891464066 36.25929132334866, -77.82780764812415 36.18458178617897, -77.70682032303466 37.37203560912972, -76.48565181056581 38.02761640341515))"
28E,2019-06-11 05:55:00+00:00,2019-06-11 07:55:00+00:00,0.0,45000.0,"POLYGON ((-83.15779352751315 25.093231182681432, -82.05923566011576 24.82505908332018, -82.07870782025289 23.9749247783217, -83.26364094710507 24.582926252780663, -83.15779352751315 25.093231182681432))"
27E,2019-06-11 05:55:00+00:00,2019-06-11 07:55:00+00:00,0.0,34000.0,"POLYGON ((-83.18545576830465 29.717571846496604, -83.454481077942 29.246465056446542, -84.25372948141873 28.47405147731563, -85.00517657939814 29.015021064877867, -83.18545576830465 29.717571846496604))"
30E,2019-06-11 06:55:00+00:00,2019-06-11 08:55:00+00:00,,,"POLYGON ((-89.59376228725935 29.10214677311054, -89.3584819936749 29.01567282079923, -89.4313339982842 29.01416375046457, -86.71835463224889 30.14088695260523, -89.42747673839574 28.82795035224284, -89.66275703198019 28.91442430455415, -86.64164536775112 29.95618262471816, -89.35462473378644 28.8294594225775, -89.59376228725935 29.10214677311054))"
10C,2019-06-11 06:55:00+00:00,2019-06-11 08:55:00+00:00,,,"POLYGON ((-97.41869080011928 27.6542701970328, -97.54631208834506 26.08969523582137, -99.29930550004275 27.0308033733164, -97.22017803431454 27.62992513978189, -97.39975530088667 26.16562873269267, -99.2047046909307 27.20701542430992, -97.45171127923301 26.26590728681489, -97.5982680666914 26.18997378994359, -97.41869080011928 27.6542701970328))"
35E,2019-06-11 06:55:00+00:00,2019-06-11 08:55:00+00:00,,,"POLYGON ((-77.05002291335897 38.74412001170192, -77.31223034555565 37.60852911170861, -77.42612786067667 37.38960374732822, -76.86574053212145 38.66640254927917, -77.30880149087368 37.61582361930708, -77.60355253255025 37.48191022494792, -77.48965501742923 37.70083558932831, -77.4930838721112 37.69354108172983, -77.05002291335897 38.74412001170192))"
32E,2019-06-11 06:55:00+00:00,2019-06-11 08:55:00+00:00,0.0,36000.0,"POLYGON ((-76.47865482307544 37.423940155579984, -76.06213286470181 36.62278798941983, -76.71787188324888 36.258795946354205, -78.0171695705353 36.48095825415831, -76.47865482307544 37.423940155579984))"
33E,2019-06-11 06:55:00+00:00,2019-06-11 08:55:00+00:00,0.0,34000.0,"POLYGON ((-83.11371326571071 29.733550917087637, -83.2846662950411 29.395339440685426, -84.27351796069189 29.151791090745984, -84.98289025291108 29.062812932147345, -83.11371326571071 29.733550917087637))"
31E,2019-06-11 06:55:00+00:00,2019-06-11 08:55:00+00:00,0.0,43000.0,"POLYGON ((-77.63645762399983 36.246590745255496, -76.9040314984609 35.669609064995846, -79.45877657802559 34.229835663820545, -80.40587287355741 34.48241058059234, -77.63645762399983 36.246590745255496))"
34E,2019-06-11 06:55:00+00:00,2019-06-11 08:55:00+00:00,0.0,45000.0,"POLYGON ((-82.71166105579938 25.41072961911324, -81.94037902966744 24.89734458233867, -81.8 24.090893132790825, -83.26364094710507 24.582926252780663, -82.71166105579938 25.41072961911324))"
9C,2019-06-11 06:55:00+00:00,2019-06-11 08:55:00+00:00,0.0,28000.0,"POLYGON ((-99.99 42.90273791147279, -98.69 42.96910686720918, -97.73365862332534 41.56935836135006, -100.82142473214184 42.31232057530748, -99.99 42.90273791147279))"
UNIFORM 3,2019-06-11 07:14:00+00:00,2019-06-11 11:25:00+00:00,0.0,53000.0,"POLYGON ((151.3 8.4, 148.1 0.4, 140.3 0.1, 143.4 8.4, 151.3 8.4))"
36E,2019-06-11 07:55:00+00:00,2019-06-11 09:55:00+00:00,,,"POLYGON ((-77.05002291335897 38.74412001170192, -77.31223034555565 37.60852911170861, -77.42612786067667 37.38960374732822, -76.86574053212145 38.66640254927917, -77.30880149087368 37.61582361930708, -77.60355253255025 37.48191022494792, -77.48965501742923 37.70083558932831, -77.4930838721112 37.69354108172983, -77.05002291335897 38.74412001170192))"
39E,2019-06-11 07:55:00+00:00,2019-06-11 09:55:00+00:00,0.0,41000.0,"POLYGON ((-82.57488417181274 25.81221170199911, -81.6168826323132 24.99058746653026, -81.8 24.30085812115821, -82.53606265362508 24.864833209594003, -82.57488417181274 25.81221170199911))"
11C,2019-06-11 07:55:00+00:00,2019-06-11 09:55:00+00:00,0.0,28000.0,"POLYGON ((-97.97873074104491 43.643736635067626, -97.33224720519284 43.482693714814815, -98.91358233014047 42.06908350488517, -99.99 42.280858121158204, -97.97873074104491 43.643736635067626))"
12C,2019-06-11 07:55:00+00:00,2019-06-11 09:55:00+00:00,,,"POLYGON ((-97.41869080011928 27.6542701970328, -97.54631208834506 26.08969523582137, -99.29930550004275 27.0308033733164, -97.22017803431454 27.62992513978189, -97.39975530088667 26.16562873269267, -99.2047046909307 27.20701542430992, -97.45171127923301 26.26590728681489, -97.5982680666914 26.18997378994359, -97.41869080011928 27.6542701970328))"
38E,2019-06-11 07:55:00+00:00,2019-06-11 09:55:00+00:00,0.0,45000.0,"POLYGON ((-73.17035179369353 36.44423637183433, -72.67399383088501 36.208824888541756, -77.0382851343027 32.656419589869714, -76.75806151953049 33.962967262902886, -73.17035179369353 36.44423637183433))"
37E,2019-06-11 07:55:00+00:00,2019-06-11 09:55:00+00:00,0.0,31000.0,"POLYGON ((-76.94496343712746 36.512234208800045, -76.49337412248816 35.64477060827414, -79.66 33.89726208852722, -80.62323180648023 34.21218728841783, -76.94496343712746 36.512234208800045))"
ALFA 1,2019-06-11 08:00:00+00:00,2019-06-11 12:00:00+00:00,0.0,48000.0,"POLYGON ((-68.45 23.15, -66 21.45, -68.3 19.15, -70.15 20.3, -68.45 23.15))"
HOTEL 1,2019-06-11 08:00:00+00:00,2019-06-11 12:00:00+00:00,0.0,48000.0,"POLYGON ((-138.3 7.45, -133.3 7.15, -133 3.45, -138.3 3.45, -138.3 7.45))"
41E,2019-06-11 08:55:00+00:00,2019-06-11 10:55:00+00:00,,,"POLYGON ((-76.45762898991377 36.80427785484901, -80.18120084719027 33.00833054545394, -79.41075710072329 34.14430386046682, -76.08219994122182 36.18102027024933, -76.45762898991377 36.80427785484901))"
44E,2019-06-11 08:55:00+00:00,2019-06-11 10:55:00+00:00,0.0,36000.0,"POLYGON ((-82.08740564373687 25.861840458951395, -81.67805333467174 24.857083098290975, -82.24007899110359 24.423386294777707, -82.59151615448968 25.30351415153013, -82.08740564373687 25.861840458951395))"
43E,2019-06-11 08:55:00+00:00,2019-06-11 10:55:00+00:00,0.0,40000.0,"POLYGON ((-79.71781664049831 32.673645290488736, -79.63425730179321 32.49193718138194, -80.55590343261188 32.068113822094894, -80.63946277131699 32.24982193120169, -79.71781664049831 32.673645290488736))"
13C,2019-06-11 08:55:00+00:00,2019-06-11 10:55:00+00:00,0.0,30000.0,"POLYGON ((-97.33530770655743 43.814633041840786, -96.93224589141553 43.3827664283904, -98.35000000000001 41.81371281826269, -98.87091433759353 42.414532765847774, -97.33530770655743 43.814633041840786))"
14C,2019-06-11 08:55:00+00:00,2019-06-11 10:55:00+00:00,0.0,45000.0,"POLYGON ((-98.07949548028265 26.630769811605976, -98.05160694909472 26.432723782036636, -98.91190646140906 26.311577754356527, -98.93979499259699 26.509623783925868, -98.07949548028265 26.630769811605976))"
40E,2019-06-11 08:55:00+00:00,2019-06-11 10:55:00+00:00,0.0,35000.0,"POLYGON ((-74.43000000000002 40.31910686720918, -74.26495133937493 39.512473060004794, -75.72214128159322 38.34980889982949, -76.29672601563607 38.602042680796096, -74.43000000000002 40.31910686720918))"
42E,2019-06-11 08:55:00+00:00,2019-06-11 10:55:00+00:00,0.0,45000.0,"POLYGON ((-73.02800505405024 36.32362951557459, -72.79933985502997 35.06616814957474, -77.18711036928703 32.96475210855679, -76.0565913501922 34.33663054389656, -73.02800505405024 36.32362951557459))"
49E,2019-06-11 09:55:00+00:00,2019-06-11 11:55:00+00:00,0.0,45000.0,"POLYGON ((-82.81317172298142 28.11448550112552, -82.67219753229728 27.97261838879519, -83.82741524277597 26.82467170035104, -83.96838943346012 26.96653881268137, -82.81317172298142 28.11448550112552))"
48E,2019-06-11 09:55:00+00:00,2019-06-11 11:55:00+00:00,0.0,37000.0,"POLYGON ((-79.41552640238088 32.96479701519732, -79.2871591877262 32.81142864100693, -79.97581639267267 32.23503205522123, -80.10418360732734 32.388400429411625, -79.41552640238088 32.96479701519732))"
16C,2019-06-11 09:55:00+00:00,2019-06-11 11:55:00+00:00,0.0,45000.0,"POLYGON ((-97.73944053918376 26.67404000435686, -97.63921853360077 26.50096328842742, -98.22343069647836 26.162668710007967, -98.32365270206135 26.335745425937407, -97.73944053918376 26.67404000435686))"
15C,2019-06-11 09:55:00+00:00,2019-06-11 11:55:00+00:00,0.0,29000.0,"POLYGON ((-96.63895845082357 43.547686112956754, -96.32724969523802 42.84770234845753, -97.81461786819713 41.54473580354133, -98.14533832453127 42.63468739605638, -96.63895845082357 43.547686112956754))"
47E,2019-06-11 09:55:00+00:00,2019-06-11 11:55:00+00:00,0.0,45000.0,"POLYGON ((-72.418413134897 37.29047722444652, -72.79933985502997 35.06616814957474, -77.68267016581326 32.040179807225364, -77.4970903957822 34.47676820911989, -72.418413134897 37.29047722444652))"
45E,2019-06-11 09:55:00+00:00,2019-06-11 11:55:00+00:00,0.0,36000.0,"POLYGON ((-73.97272127277296 40.69348950278737, -73.78018349087188 39.81818754548213, -75.11732462182594 38.476679070166306, -75.44312974746015 39.09823337344355, -73.97272127277296 40.69348950278737))"
46E,2019-06-11 09:55:00+00:00,2019-06-11 11:55:00+00:00,0.0,32000.0,"POLYGON ((-76.12055553057371 36.7362686627007, -75.41503656287256 36.512234208800045, -77.00777798108662 35.052829008980844, -77.21158953263324 36.255570941751046, -76.12055553057371 36.7362686627007))"
BRAVO 1,2019-06-11 10:00:00+00:00,2019-06-11 14:00:00+00:00,0.0,46000.0,"POLYGON ((-76.45 26, -73.3 23.15, -75.3 22.15, -78.15 24, -76.45 26))"
54E,2019-06-11 10:55:00+00:00,2019-06-11 12:55:00+00:00,0.0,45000.0,"POLYGON ((-82.62123633369191 28.251526093696956, -82.48771347297523 28.102624630755738, -83.9801574476155 26.764320862497968, -84.11368030833218 26.913222325439186, -82.62123633369191 28.251526093696956))"
55E,2019-06-11 10:55:00+00:00,2019-06-11 12:55:00+00:00,0.0,37000.0,"POLYGON ((-81.59513389705812 26.129182563131256, -81.08287755621247 25.797795738054837, -81.3488290158478 24.998234947041666, -82.08740564373687 25.861840458951395, -81.59513389705812 26.129182563131256))"
17C,2019-06-11 10:55:00+00:00,2019-06-11 12:55:00+00:00,0.0,30000.0,"POLYGON ((-96.21099902901706 44.05750337042283, -94.82269588806682 43.935321044029074, -96.80999088283467 41.49701254323751, -97.08315497650693 43.11533267874578, -96.21099902901706 44.05750337042283))"
53E,2019-06-11 10:55:00+00:00,2019-06-11 12:55:00+00:00,0.0,34000.0,"POLYGON ((-78.44318395178261 34.81922906041311, -78.2417785523423 34.22210457092042, -79.34412565937605 32.2998675212049, -79.88783191951273 33.19731767266768, -78.44318395178261 34.81922906041311))"
50E,2019-06-11 10:55:00+00:00,2019-06-11 12:55:00+00:00,0.0,28000.0,"POLYGON ((-73.34564426347121 41.39775273029635, -73.34700633415761 39.8149655787288, -75.11732462182594 38.476679070166306, -74.17963691030708 40.280846528183645, -73.34564426347121 41.39775273029635))"
52E,2019-06-11 10:55:00+00:00,2019-06-11 12:55:00+00:00,0.0,45000.0,"POLYGON ((-72.418413134897 37.29047722444652, -72.79933985502997 35.06616814957474, -77.68267016581326 32.040179807225364, -78.57749948130325 33.759758054480585, -72.418413134897 37.29047722444652))"
51E,2019-06-11 10:55:00+00:00,2019-06-11 12:55:00+00:00,0.0,32000.0,"POLYGON ((-76.12055553057371 36.7362686627007, -75.41503656287256 36.512234208800045, -77.00777798108662 35.052829008980844, -77.21158953263324 36.255570941751046, -76.12055553057371 36.7362686627007))"
18C,2019-06-11 10:55:00+00:00,2019-06-11 12:55:00+00:00,0.0,45000.0,"POLYGON ((-95.26184559306928 28.373957959668086, -94.72092482063596 27.339034912976757, -96.52320933364567 26.235811923653003, -97.0237194970218 26.688087754764904, -95.26184559306928 28.373957959668086))"
UNIFORM 4,2019-06-11 11:21:00+00:00,2019-06-11 15:25:00+00:00,0.0,53000.0,"POLYGON ((151.3 8.4, 148.1 0.4, 140.3 0.1, 143.4 8.4, 151.3 8.4))"
ALFA 2,2019-06-11 11:30:00+00:00,2019-06-11 15:30:00+00:00,0.0,47000.0,"POLYGON ((-68.15 23.15, -66.15 22, -68.3 19.45, -69.45 20.45, -68.15 23.15))"
BRAVO 2,2019-06-11 11:30:00+00:00,2019-06-11 15:30:00+00:00,0.0,45000.0,"POLYGON ((-76.45 26, -75 23.45, -75.45 22.3, -78.15 24, -76.45 26))"
HOTEL 2,2019-06-11 11:30:00+00:00,2019-06-11 15:30:00+00:00,0.0,47000.0,"POLYGON ((-138.15 8, -133.3 7.15, -133.3 3.3, -138.15 3.3, -138.15 8))"
61E,2019-06-11 11:55:00+00:00,2019-06-11 13:55:00+00:00,0.0,39000.0,"POLYGON ((-81.59513389705812 26.129182563131256, -81.21122953406169 26.017738104960138, -81.02004213063793 25.521504637156102, -81.8 25.312854697104473, -81.59513389705812 26.129182563131256))"
60E,2019-06-11 11:55:00+00:00,2019-06-11 13:55:00+00:00,0.0,45000.0,"POLYGON ((-82.5980673039646 28.26707371002909, -82.51088250270254 28.087077014423603, -84.13470442776807 27.300548176515903, -84.22188922903013 27.480544872121392, -82.5980673039646 28.26707371002909))"
19C,2019-06-11 11:55:00+00:00,2019-06-11 13:55:00+00:00,0.0,29000.0,"POLYGON ((-95.27350332124342 44.572137355227994, -94.38417395675323 44.24626761455052, -95.74 41.74828375768357, -96.2529376132116 42.71381456870989, -95.27350332124342 44.572137355227994))"
21C,2019-06-11 11:55:00+00:00,2019-06-11 13:55:00+00:00,0.0,45000.0,"POLYGON ((-100.74126405936526 38.59764733736254, -99.45595557811711 38.74335254526898, -99.43342745938659 38.54462538591107, -100.71873594063474 38.39892017800462, -100.74126405936526 38.59764733736254))"
59E,2019-06-11 11:55:00+00:00,2019-06-11 13:55:00+00:00,0.0,38000.0,"POLYGON ((-78.57749948130325 33.759758054480585, -78.65320077223997 32.882346770485604, -79.589734327649 31.966962443600607, -79.73459231110617 33.50444888269803, -78.57749948130325 33.759758054480585))"
56E,2019-06-11 11:55:00+00:00,2019-06-11 13:55:00+00:00,0.0,30000.0,"POLYGON ((-72.94493505783313 41.4786022307517, -73.23596497331097 39.43186283948943, -74.8 38.434524177054435, -73.56766491267068 40.56615670678372, -72.94493505783313 41.4786022307517))"
58E,2019-06-11 11:55:00+00:00,2019-06-11 13:55:00+00:00,0.0,45000.0,"POLYGON ((-72.58141744893663 37.314117035316904, -72.79933985502997 35.06616814957474, -77.68267016581326 32.040179807225364, -78.2417785523423 34.22210457092042, -72.58141744893663 37.314117035316904))"
57E,2019-06-11 11:55:00+00:00,2019-06-11 13:55:00+00:00,0.0,32000.0,"POLYGON ((-75.30920760041043 37.592531976888395, -74.12016973503353 36.871874559671994, -76.18 35.59452417705443, -76.3704646894019 36.19618233216185, -75.30920760041043 37.592531976888395))"
20C,2019-06-11 11:55:00+00:00,2019-06-11 13:55:00+00:00,0.0,45000.0,"POLYGON ((-95.64277059200786 28.17015933080258, -94.39425047683054 28.04616856105403, -95.83444405140816 26.484788496089298, -97.38 26.75184477868197, -95.64277059200786 28.17015933080258))"
62E,2019-06-11 12:55:00+00:00,2019-06-11 14:55:00+00:00,,,"POLYGON ((-72.01167506392699 40.35231769269183, -75.34932093985434 36.2571281646834, -74.20260933718744 37.9155020828172, -69.55315354088383 40.40231920109773, -72.01167506392699 40.35231769269183))"
22C,2019-06-11 12:55:00+00:00,2019-06-11 14:55:00+00:00,0.0,45000.0,"POLYGON ((-95.93420177397621 27.95808388111926, -95.15510191809048 27.732825765152626, -95.12985261060098 25.90262881879305, -96.18749294777852 26.35771296768757, -95.93420177397621 27.95808388111926))"
64E,2019-06-11 12:55:00+00:00,2019-06-11 14:55:00+00:00,0.0,45000.0,"POLYGON ((-75.48162719054064 34.874613397761685, -73.90021744915809 34.35593367745108, -76.89048327355702 32.347912658677075, -77.86242363578312 32.10709887104252, -75.48162719054064 34.874613397761685))"
63E,2019-06-11 12:55:00+00:00,2019-06-11 14:55:00+00:00,0.0,43000.0,"POLYGON ((-75.76735108535935 36.25929132334866, -74.47702885257405 35.67489660334179, -76.18 35.095417309845246, -75.76735108535935 36.25929132334866))"
VICTOR 1,2019-06-11 13:22:00+00:00,2019-06-11 17:25:00+00:00,0.0,54000.0,"POLYGON ((155.1 4, 159.4 3.4, 160 0.2, 154.4 0, 155.1 4))"
BRAVO 3,2019-06-11 13:25:00+00:00,2019-06-11 17:25:00+00:00,0.0,45000.0,"POLYGON ((-75.15 25, -71.45 21.3, -74.15 21, -75.3 22.15, -78 24, -75.15 25))"
UNIFORM 5,2019-06-11 13:25:00+00:00,2019-06-11 17:25:00+00:00,0.0,54000.0,"POLYGON ((140.4 4.5, 145.5 3.4, 145.4 0, 140.5 0, 140.4 4.5))"
65E,2019-06-11 13:55:00+00:00,2019-06-11 15:55:00+00:00,,,"POLYGON ((-70.03 40.55435373232874, -75.29273068878442 36.88655126071671, -74.20260933718744 37.9155020828172, -70.03 40.16362112665959, -70.03 40.55435373232874))"
67E,2019-06-11 13:55:00+00:00,2019-06-11 15:55:00+00:00,0.0,45000.0,"POLYGON ((-75.40549622175546 34.72043723247394, -73.90021744915809 34.35593367745108, -75.63977936421509 32.44741231928447, -77.86242363578312 32.10709887104252, -75.40549622175546 34.72043723247394))"
66E,2019-06-11 13:55:00+00:00,2019-06-11 15:55:00+00:00,0.0,43000.0,"POLYGON ((-75.35471714455537 36.25716535586847, -73.29229546766555 36.225287081814514, -75.55804420623159 35.02874193222278, -75.35471714455537 36.25716535586847))"
23C,2019-06-11 13:55:00+00:00,2019-06-11 15:55:00+00:00,0.0,45000.0,"POLYGON ((-95.08790042247497 28.308838757771724, -94.60576465615877 25.893594265854997, -96.08520567672318 25.914248203128036, -95.8780275270073 27.837084685876338, -95.08790042247497 28.308838757771724))"
CHARLIE 1,2019-06-11 14:50:00+00:00,2019-06-11 18:50:00+00:00,0.0,43000.0,"POLYGON ((-65.3 41, -63.45 37, -68.15 37.15, -72.45 35, -72.3 39.15, -65.3 41))"
DELTA 1,2019-06-11 14:55:00+00:00,2019-06-11 18:55:00+00:00,0.0,46000.0,"POLYGON ((-93.45 28.3, -93.3 26, -95.45 26, -95.45 28.15, -93.45 28.3))"
68E,2019-06-11 14:55:00+00:00,2019-06-11 16:55:00+00:00,0.0,45000.0,"POLYGON ((-72.418413134897 37.29047722444652, -72.42995685017227 34.927774552075284, -76.81696033297256 32.19359480289175, -74.66500063800791 35.74109072870559, -72.418413134897 37.29047722444652))"
70E,2019-06-11 15:55:00+00:00,2019-06-11 17:55:00+00:00,0.0,45000.0,"POLYGON ((-81.56873322948637 29.13324163591779, -81.32132621948037 26.938173812553245, -81.5518887743559 26.325364458655777, -82.68 28.48828375768358, -81.56873322948637 29.13324163591779))"
69E,2019-06-11 15:55:00+00:00,2019-06-11 17:55:00+00:00,0.0,45000.0,"POLYGON ((-72.418413134897 37.29047722444652, -72.98449992005833 35.13494418784608, -75.17879359740719 34.257627423980296, -76.37158947890458 34.850221536084156, -72.418413134897 37.29047722444652))"
24C,2019-06-11 15:55:00+00:00,2019-06-11 17:55:00+00:00,0.0,45000.0,"POLYGON ((-96.45482589539067 28.45251307634666, -95.26184559306928 28.373957959668086, -94.98287760533132 27.577120497528707, -97.38 26.585475822945575, -96.45482589539067 28.45251307634666))"
VICTOR 2,2019-06-11 16:35:00+00:00,2019-06-11 20:35:00+00:00,0.0,55000.0,"POLYGON ((159.1 7.1, 161.4 6, 159.5 0.1, 152.3 0.5, 159.1 7.1))"
72E,2019-06-11 16:55:00+00:00,2019-06-11 18:55:00+00:00,0.0,45000.0,"POLYGON ((-81.38042069572057 29.535008850182635, -80.60519661227653 26.488071277098406, -81.51756487337525 26.294478746678934, -82.68663535408376 28.830980964979066, -81.38042069572057 29.535008850182635))"
71E,2019-06-11 16:55:00+00:00,2019-06-11 18:55:00+00:00,0.0,42000.0,"POLYGON ((-74.28936930317946 35.60841081246331, -72.79933985502997 35.06616814957474, -74.8803724193057 33.63990760342029, -76.18302069669227 34.91145307117172, -74.28936930317946 35.60841081246331))"
25C,2019-06-11 16:55:00+00:00,2019-06-11 18:55:00+00:00,0.0,45000.0,"POLYGON ((-96.0422135367056 28.5244548834196, -94.91416845680416 28.243499346776428, -97.51092902299679 26.03758178010782, -97.86862355413474 26.97710893728381, -96.0422135367056 28.5244548834196))"
UNIFORM 6,2019-06-11 16:56:00+00:00,2019-06-11 20:55:00+00:00,0.0,57000.0,"POLYGON ((135.4 6.2, 143.5 3.2, 141 3.3, 135.4 3.3, 135.4 6.2))"
ECHO 1,2019-06-11 17:10:00+00:00,2019-06-11 21:10:00+00:00,0.0,45000.0,"POLYGON ((-83.45 27.3, -82.3 26.45, -84.3 24, -86 24, -86.15 25.15, -83.45 27.3))"
BRAVO 4,2019-06-11 17:15:00+00:00,2019-06-11 21:15:00+00:00,0.0,45000.0,"POLYGON ((-73.15 24.15, -71.3 21.45, -74.15 21, -75.45 22.45, -73.15 24.15))"
28C,2019-06-11 17:55:00+00:00,2019-06-11 19:55:00+00:00,,,"POLYGON ((-101.5353838290078 48.21483396401776, -102.9195684201738 46.9333515442169, -102.7581362761078 46.89544579182463, -102.1390705831236 45.26385734894109, -102.7836965175331 46.78659042513971, -101.3995119263671 48.06807284494057, -102.3260629686149 45.19290773464843, -102.9451286615991 46.82449617753198, -101.5353838290078 48.21483396401776))"
74E,2019-06-11 17:55:00+00:00,2019-06-11 19:55:00+00:00,0.0,45000.0,"POLYGON ((-81.98183272904858 29.93024461129542, -80.75726741663492 29.606217821017584, -80.57539121450807 26.67917511534555, -81.65603816754435 26.797078632470786, -82.68 28.48828375768358, -81.98183272904858 29.93024461129542))"
75E,2019-06-11 17:55:00+00:00,2019-06-11 19:55:00+00:00,0.0,40000.0,"POLYGON ((-82.00111542142939 31.5389924952312, -81.11 31.58171624231642, -81.51 30.34, -85.17364922592283 29.681826095438794, -82.00111542142939 31.5389924952312))"
27C,2019-06-11 17:55:00+00:00,2019-06-11 19:55:00+00:00,0.0,38000.0,"POLYGON ((-94.73124588536147 47.88284025748007, -94.70019290919292 47.68526568251893, -98.22826806004466 47.130754892849865, -98.25932103621321 47.328329467811, -94.73124588536147 47.88284025748007))"
73E,2019-06-11 17:55:00+00:00,2019-06-11 19:55:00+00:00,0.0,42000.0,"POLYGON ((-72.67399383088501 36.208824888541756, -72.79933985502997 35.06616814957474, -73.7612320341291 34.23553982536499, -75.40549622175546 34.72043723247394, -72.67399383088501 36.208824888541756))"
76E,2019-06-11 17:55:00+00:00,2019-06-11 19:55:00+00:00,0.0,45000.0,"POLYGON ((-82.61437021666094 32.78693689305337, -80.04 32.557262088527224, -81.2599073414579 31.85250184019409, -82.92566848424089 31.892249954311076, -82.61437021666094 32.78693689305337))"
26C,2019-06-11 17:55:00+00:00,2019-06-11 19:55:00+00:00,0.0,45000.0,"POLYGON ((-96.13477339315044 28.69622034753071, -95.08790042247497 28.308838757771724, -97.09535509399636 26.534540942128007, -97.80810934579802 26.841598529642358, -96.13477339315044 28.69622034753071))"
BRAVO 5,2019-06-11 18:35:00+00:00,2019-06-11 22:35:00+00:00,0.0,45000.0,"POLYGON ((-77.3 27.15, -71.15 22.15, -73.45 20.3, -75.15 22, -78.45 24.3, -77.3 27.15))"
CHARLIE 2,2019-06-11 18:45:00+00:00,2019-06-11 22:45:00+00:00,0.0,45000.0,"POLYGON ((-65.15 40.3, -63.15 38.15, -73.15 34, -75.3 34.3, -69.45 39.3, -65.15 40.3))"
30C,2019-06-11 18:55:00+00:00,2019-06-11 20:55:00+00:00,,,"POLYGON ((-94.76740076880974 47.67963735997009, -97.34431803417118 47.79194559706438, -97.43619376056398 47.74041362927576, -98.62657411549667 45.58665854887918, -97.35302624764327 47.5921352694581, -94.77610898228183 47.47982703236381, -98.45153087618316 45.48991215685015, -97.26115052125047 47.64366723724672, -94.76740076880974 47.67963735997009))"
77E,2019-06-11 18:55:00+00:00,2019-06-11 20:55:00+00:00,0.0,45000.0,"POLYGON ((-82.7911186327097 32.68707384669692, -80.28292058260874 32.685310891326715, -81.11 32.0154290605791, -82.99190034777105 31.94800536386035, -82.7911186327097 32.68707384669692))"
79E,2019-06-11 18:55:00+00:00,2019-06-11 20:55:00+00:00,0.0,40000.0,"POLYGON ((-81.66186988362043 31.537201426245545, -81.2726043746807 30.5442397950527, -81.41665201459715 29.410299566996994, -84.23160156913924 30.297719513657494, -81.66186988362043 31.537201426245545))"
34C,2019-06-11 18:55:00+00:00,2019-06-11 20:55:00+00:00,0.0,37000.0,"POLYGON ((-99.12817385698898 45.19618580037367, -96.78 44.66199657594626, -100.00585984739547 44.12276378351332, -99.12817385698898 45.19618580037367))"
32C,2019-06-11 18:55:00+00:00,2019-06-11 20:55:00+00:00,0.0,37000.0,"POLYGON ((-94.25090704785553 48.88386249980313, -94.19095109067332 48.69306081428027, -95.48979536335241 48.28492263989413, -95.54975132053463 48.475724325416984, -94.25090704785553 48.88386249980313))"
78E,2019-06-11 18:55:00+00:00,2019-06-11 20:55:00+00:00,0.0,45000.0,"POLYGON ((-80.81619450344027 29.914497914051633, -79.90380683657273 26.679878623000164, -80.67083656346551 25.446556484941148, -82.68 28.741844778681966, -80.81619450344027 29.914497914051633))"
33C,2019-06-11 18:55:00+00:00,2019-06-11 20:55:00+00:00,0.0,31000.0,"POLYGON ((-101.38541877295027 45.31479413237064, -100.59972205132092 43.62062502360564, -103.48 42.888213734418365, -106.2219127985575 45.425159223820096, -101.38541877295027 45.31479413237064))"
29C,2019-06-11 18:55:00+00:00,2019-06-11 20:55:00+00:00,0.0,45000.0,"POLYGON ((-97.01304559912371 29.01284678973706, -95.43600408756237 28.43885608175693, -97.19502348912748 25.919882609626494, -98.03728810715624 26.50671793071436, -97.01304559912371 29.01284678973706))"
31C,2019-06-11 18:55:00+00:00,2019-06-11 20:55:00+00:00,0.0,36000.0,"POLYGON ((-101.29 47.76089313279083, -102.73211223481867 45.78141118654599, -106.31505111748488 45.764595195825954, -107.15570205206484 46.373663817632284, -101.29 47.76089313279083))"
BRAVO 6,2019-06-11 19:25:00+00:00,2019-06-11 23:25:00+00:00,0.0,45000.0,"POLYGON ((-78.3 27.45, -71 22.15, -73.3 20.15, -75.15 22, -79 24.45, -78.3 27.45))"
80E,2019-06-11 19:55:00+00:00,2019-06-11 21:55:00+00:00,0.0,45000.0,"POLYGON ((-80.17137550351174 32.62279901513675, -81.36989218354584 31.62546963664202, -82.18307555883923 32.20741522283966, -80.17137550351174 32.62279901513675))"
82E,2019-06-11 19:55:00+00:00,2019-06-11 21:55:00+00:00,0.0,40000.0,"POLYGON ((-81.92438854355039 31.538665777521754, -81.09958975667175 30.69228113154956, -81.6084270401876 28.775017252343357, -85.59174900599385 29.94845976319732, -81.92438854355039 31.538665777521754))"
81E,2019-06-11 19:55:00+00:00,2019-06-11 21:55:00+00:00,0.0,45000.0,"POLYGON ((-80.40322886812616 29.55280592310109, -79.95847702015321 26.562298839719954, -80.9301187995611 25.210354803629514, -82.20334685953063 27.526904711845656, -80.40322886812616 29.55280592310109))"
VICTOR 3,2019-06-11 20:09:00+00:00,2019-06-12 00:10:00+00:00,0.0,53000.0,"POLYGON ((160 7.5, 163.3 6.4, 155.4 4.3, 160 7.5))"
41C,2019-06-11 20:11:00+00:00,2019-06-11 21:55:00+00:00,0.0,38000.0,"POLYGON ((-97.97424571351664 40.656792457140845, -97.8516803276597 40.498749025800784, -99.12880826650425 39.50831445167186, -99.2513736523612 39.66635788301192, -97.97424571351664 40.656792457140845))"
36C,2019-06-11 20:11:00+00:00,2019-06-11 21:55:00+00:00,0.0,38000.0,"POLYGON ((-93.88390043423745 47.80049247389293, -94.37233661288738 46.58477197865612, -99.79200229081697 45.411176988259584, -97.19 47.61726208852722, -93.88390043423745 47.80049247389293))"
39C,2019-06-11 20:11:00+00:00,2019-06-11 21:55:00+00:00,0.0,31000.0,"POLYGON ((-102.17699048678249 45.84762142472055, -100.16000000000001 43.55815522131804, -102.52122838026271 42.59188240713217, -105.365912258928 44.31331963721201, -102.17699048678249 45.84762142472055))"
40C,2019-06-11 20:11:00+00:00,2019-06-11 21:55:00+00:00,0.0,37000.0,"POLYGON ((-95.39978662340067 44.9307987432688, -95.92670327639699 43.90150155603103, -99.50674866127301 43.91756624633237, -99.51261719865124 44.579175522044686, -95.39978662340067 44.9307987432688))"
42C,2019-06-11 20:11:00+00:00,2019-06-11 21:55:00+00:00,0.0,33000.0,"POLYGON ((-90.31006318566294 46.215073506095024, -88.3547727647122 44.44224077568904, -89.07817252824252 42.52900670127524, -91.48 44.567262088527215, -90.31006318566294 46.215073506095024))"
35C,2019-06-11 20:11:00+00:00,2019-06-11 21:55:00+00:00,0.0,40000.0,"POLYGON ((-97.01304559912371 29.01284678973706, -95.7830367784161 28.949977610162957, -97.19502348912748 25.919882609626494, -98.03728810715624 26.50671793071436, -97.01304559912371 29.01284678973706))"
38C,2019-06-11 20:11:00+00:00,2019-06-11 21:55:00+00:00,0.0,37000.0,"POLYGON ((-92.94425966996336 48.69639590106215, -91.43845866903683 48.02715493620668, -96.03553299808473 48.26257424381014, -92.94425966996336 48.69639590106215))"
37C,2019-06-11 20:11:00+00:00,2019-06-11 21:55:00+00:00,0.0,36000.0,"POLYGON ((-99.27180571873788 47.692716440903475, -100.39355180058202 46.2985505531951, -106.39091032006844 45.30861974006429, -107.42669261371935 45.803788719491365, -99.27180571873788 47.692716440903475))"
UNIFORM 7,2019-06-11 20:13:00+00:00,2019-06-12 00:15:00+00:00,0.0,55000.0,"POLYGON ((140.3 7.3, 140.4 3.3, 134.3 6.3, 140.3 7.3))"
ECHO 2,2019-06-11 20:25:00+00:00,2019-06-12 00:25:00+00:00,0.0,44000.0,"POLYGON ((-84.1 26.55, -83.3 25.2, -85 24, -87.15 24.2, -84.1 26.55))"
85E,2019-06-11 20:55:00+00:00,2019-06-11 22:55:00+00:00,0.0,45000.0,"POLYGON ((-80.28111788812674 29.297441204416582, -79.97569403524858 26.577727176276053, -80.84530087005747 25.28777385273359, -81.94702017527639 27.62000264914065, -80.28111788812674 29.297441204416582))"
48C,2019-06-11 20:55:00+00:00,2019-06-11 22:55:00+00:00,0.0,38000.0,"POLYGON ((-97.2025409422578 40.28484560382431, -97.11018246636726 40.1074479941133, -98.3691792090201 39.45197681560087, -98.46153768491064 39.62937442531188, -97.2025409422578 40.28484560382431))"
83E,2019-06-11 20:55:00+00:00,2019-06-11 22:55:00+00:00,0.0,45000.0,"POLYGON ((-73.35575740293993 35.27164877728828, -72.79933985502997 35.06616814957474, -76.05057862301025 32.80714986095124, -76.96425744252087 32.50218772195476, -73.35575740293993 35.27164877728828))"
84E,2019-06-11 20:55:00+00:00,2019-06-11 22:55:00+00:00,0.0,40000.0,"POLYGON ((-80.04 32.72363104426361, -81.37917723862456 29.064448955009638, -85.59174900599385 29.94845976319732, -81.66874200178677 32.62933585885613, -80.04 32.72363104426361))"
45C,2019-06-11 20:55:00+00:00,2019-06-11 22:55:00+00:00,0.0,36000.0,"POLYGON ((-99.27180571873788 47.692716440903475, -99.21303915744222 46.75075420740385, -104.13874429528784 43.15091100893687, -107.42303681563926 45.45424854210649, -99.27180571873788 47.692716440903475))"
44C,2019-06-11 20:55:00+00:00,2019-06-11 22:55:00+00:00,0.0,38000.0,"POLYGON ((-92.40435869581079 48.565621260248705, -94.25242002932674 46.28611756471879, -100.16000000000001 44.72273791147279, -96.44484159753758 47.94758997215339, -92.40435869581079 48.565621260248705))"
43C,2019-06-11 20:55:00+00:00,2019-06-11 22:55:00+00:00,0.0,41000.0,"POLYGON ((-96.84921685976629 29.229491785461253, -95.74066541144518 28.758806892330902, -97.45069548411487 25.76627798944375, -98.16954681085284 26.623699920561336, -96.84921685976629 29.229491785461253))"
49C,2019-06-11 20:55:00+00:00,2019-06-11 22:55:00+00:00,0.0,33000.0,"POLYGON ((-89.92157551467054 46.397603755053915, -88.58479919753727 45.37198160444486, -88.28 43.619106867209176, -90.41160143459608 45.626049581068806, -89.92157551467054 46.397603755053915))"
46C,2019-06-11 20:55:00+00:00,2019-06-11 22:55:00+00:00,0.0,43000.0,"POLYGON ((-100.16000000000001 43.72452417705442, -99.7287118508384 43.03081913894418, -101.57115988084978 42.55912941728114, -102.9592986761308 42.81106330888244, -100.16000000000001 43.72452417705442))"
47C,2019-06-11 20:55:00+00:00,2019-06-11 22:55:00+00:00,0.0,39000.0,"POLYGON ((-95.13 44.969106867209184, -95.92670327639699 43.90150155603103, -99.72027794867908 43.62062502360564, -96.64917447952163 44.905647688094234, -95.13 44.969106867209184))"
54C,2019-06-11 21:55:00+00:00,2019-06-11 23:55:00+00:00,0.0,39000.0,"POLYGON ((-95.4429821330574 45.00383976070589, -94.52224454448302 44.468388580185774, -100.57891303617532 42.56849213608385, -102.0273866995596 43.26016777780611, -95.4429821330574 45.00383976070589))"
55C,2019-06-11 21:55:00+00:00,2019-06-11 23:55:00+00:00,0.0,38000.0,"POLYGON ((-96.78710072162932 40.11715782155406, -96.67955668610088 39.94853314832308, -97.78080185299325 39.2461902047636, -97.88834588852168 39.41481487799458, -96.78710072162932 40.11715782155406))"
50C,2019-06-11 21:55:00+00:00,2019-06-11 23:55:00+00:00,0.0,45000.0,"POLYGON ((-96.8959397971132 29.26987114650441, -95.69926385132922 28.979926375369953, -97.95079007084976 26.430015754052395, -99.42 27.046287181737316, -96.8959397971132 29.26987114650441))"
51C,2019-06-11 21:55:00+00:00,2019-06-11 23:55:00+00:00,0.0,43000.0,"POLYGON ((-93.81458528259716 48.67994225900353, -90.03827451113688 47.759477728599784, -94.41622283132463 46.23869912682671, -97.78318074862975 45.82741337040101, -93.81458528259716 48.67994225900353))"
56C,2019-06-11 21:55:00+00:00,2019-06-11 23:55:00+00:00,0.0,33000.0,"POLYGON ((-89.46 46.497425636525364, -87.98800524648746 45.939576857429024, -87.88222970746286 44.02531974756319, -89.46 45.19628718173732, -89.46 46.497425636525364))"
86E,2019-06-11 21:55:00+00:00,2019-06-11 23:55:00+00:00,0.0,45000.0,"POLYGON ((-72.79933985502997 35.06616814957474, -75.91327822438343 32.68738613299373, -77.41230822478333 33.42691662199826, -72.79933985502997 35.06616814957474))"
87E,2019-06-11 21:55:00+00:00,2019-06-11 23:55:00+00:00,0.0,45000.0,"POLYGON ((-80.04 33.056368955736396, -81.24474312523867 29.18229177031713, -85.86397386026239 30.121598034629237, -80.04 33.056368955736396))"
88E,2019-06-11 21:55:00+00:00,2019-06-11 23:55:00+00:00,0.0,43000.0,"POLYGON ((-79.41794339793215 28.61699225679675, -80.28 25.467262088527217, -81.13132408181599 25.479191370833874, -82.39015455956361 28.524515941007245, -79.41794339793215 28.61699225679675))"
53C,2019-06-11 21:55:00+00:00,2019-06-11 23:55:00+00:00,0.0,34000.0,"POLYGON ((-96.78 42.81815522131805, -96.36964182850062 41.63885506453588, -98.12827627576506 41.37978720272614, -96.78 42.81815522131805))"
52C,2019-06-11 21:55:00+00:00,2019-06-11 23:55:00+00:00,0.0,38000.0,"POLYGON ((-99.80190713126727 47.34494651177467, -97.42194361462514 45.41607843615473, -103.48 42.888213734418365, -105.58494888251512 45.764595195825954, -99.80190713126727 47.34494651177467))"
61C,2019-06-11 22:55:00+00:00,2019-06-12 00:55:00+00:00,0.0,38000.0,"POLYGON ((-96.25979891823089 39.85300550588529, -96.1602010817691 39.679568857589345, -97.43859959261812 38.94543494144448, -97.5381974290799 39.11887158974043, -96.25979891823089 39.85300550588529))"
62C,2019-06-11 22:55:00+00:00,2019-06-12 00:55:00+00:00,0.0,33000.0,"POLYGON ((-88.23775609267587 46.34694094880501, -87.4 45.77171624231642, -87.75729899253437 44.86586725917397, -88.23775609267587 46.34694094880501))"
57C,2019-06-11 22:55:00+00:00,2019-06-12 00:55:00+00:00,0.0,45000.0,"POLYGON ((-96.8959397971132 29.26987114650441, -95.69926385132922 28.979926375369953, -97.95079007084976 26.430015754052395, -99.42 27.046287181737316, -96.8959397971132 29.26987114650441))"
91E,2019-06-11 22:55:00+00:00,2019-06-12 00:55:00+00:00,0.0,43000.0,"POLYGON ((-82.01334220794992 29.126541383276393, -79.93818753645583 25.92693358338929, -80.63132054734965 25.031054795294956, -82.55 26.56815522131804, -82.01334220794992 29.126541383276393))"
89E,2019-06-11 22:55:00+00:00,2019-06-12 00:55:00+00:00,0.0,45000.0,"POLYGON ((-72.79933985502997 35.06616814957474, -76.46471044237626 33.165535224984644, -77.41230822478333 33.42691662199826, -72.79933985502997 35.06616814957474))"
90E,2019-06-11 22:55:00+00:00,2019-06-12 00:55:00+00:00,0.0,45000.0,"POLYGON ((-81.24914204767305 32.27756450007442, -81.73027672641336 29.878700770027603, -85.2968089984912 29.573100777403145, -84.29 31.327262088527213, -81.24914204767305 32.27756450007442))"
58C,2019-06-11 22:55:00+00:00,2019-06-12 00:55:00+00:00,0.0,43000.0,"POLYGON ((-90.8024637202382 47.77978614018951, -94.03 45.51815522131804, -97.49013026610682 45.67129918929541, -95.70606581449205 47.768959840439436, -90.8024637202382 47.77978614018951))"
59C,2019-06-11 22:55:00+00:00,2019-06-12 00:55:00+00:00,0.0,38000.0,"POLYGON ((-98.43319646791687 47.184812737030946, -97.5406302115641 44.8287748691332, -101.1231492316347 43.38794686891666, -105.49494495709858 45.610564387615476, -98.43319646791687 47.184812737030946))"
60C,2019-06-11 22:55:00+00:00,2019-06-12 00:55:00+00:00,0.0,39000.0,"POLYGON ((-94.10367164692012 44.612069097511, -97.21441171028903 42.88064655251599, -99.03868566623787 43.0842942227913, -95.99530243202437 44.721409344839785, -94.10367164692012 44.612069097511))"
94E,2019-06-11 23:55:00+00:00,2019-06-12 01:55:00+00:00,0.0,45000.0,"POLYGON ((-81.60733458483817 29.29907881838295, -79.98301434104536 25.91034808500411, -80.39344768262768 25.69772891429584, -82.4481954132247 28.114260155857515, -81.60733458483817 29.29907881838295))"
93E,2019-06-11 23:55:00+00:00,2019-06-12 01:55:00+00:00,0.0,45000.0,"POLYGON ((-80.67465565042056 32.66709678441642, -81.11 31.437145302895534, -83.30587754700232 30.13401911025411, -84.29 31.804570939420895, -80.67465565042056 32.66709678441642))"
92E,2019-06-11 23:55:00+00:00,2019-06-12 01:55:00+00:00,0.0,42000.0,"POLYGON ((-75.25093426281414 34.322109841705334, -76.89048327355702 32.347912658677075, -77.41230822478333 33.42691662199826, -75.25093426281414 34.322109841705334))"
ECHO 3,2019-06-12 00:00:00+00:00,2019-06-12 04:00:00+00:00,0.0,42000.0,"POLYGON ((-84.1 26.55, -83.15 25, -85.55 24.05, -87.5 26.35, -84.1 26.55))"
FOXTROT 1,2019-06-12 00:05:00+00:00,2019-06-12 04:05:00+00:00,0.0,46000.0,"POLYGON ((-64.25 39.45, -63.15 38.5, -67.25 37.4, -67.4 38.25, -64.25 39.45))"
69C,2019-06-12 00:06:00+00:00,2019-06-12 01:55:00+00:00,0.0,45000.0,"POLYGON ((-98.62993414517027 39.70103309731069, -98.46861256436293 39.582815723097674, -99.73305163371484 37.85733915199016, -99.89437321452218 37.97555652620318, -98.62993414517027 39.70103309731069))"
70C,2019-06-12 00:06:00+00:00,2019-06-12 01:55:00+00:00,0.0,40000.0,"POLYGON ((-96.30465559210738 41.67598206499108, -96.26859647886475 41.479259569195214, -97.36864297018816 41.27762171968377, -97.40470208343079 41.47434421547964, -96.30465559210738 41.67598206499108))"
71C,2019-06-12 00:06:00+00:00,2019-06-12 01:55:00+00:00,0.0,37000.0,"POLYGON ((-100.44016999772079 41.24941523197309, -100.35019448446685 41.070797184131635, -100.975282894562 40.75592054536484, -101.06525840781593 40.93453859320629, -100.44016999772079 41.24941523197309))"
67C,2019-06-12 00:06:00+00:00,2019-06-12 01:55:00+00:00,0.0,38000.0,"POLYGON ((-95.91438083515973 39.60924573620519, -95.78831465008423 39.45398042462366, -97.03432955946649 38.44229053347548, -97.16039574454199 38.59755584505701, -95.91438083515973 39.60924573620519))"
68C,2019-06-12 00:06:00+00:00,2019-06-12 01:55:00+00:00,0.0,33000.0,"POLYGON ((-87.78778972574736 46.45999529536222, -87.01377716867538 46.23869912682671, -87.4 45.62714530289553, -87.78778972574736 46.45999529536222))"
63C,2019-06-12 00:06:00+00:00,2019-06-12 01:55:00+00:00,0.0,45000.0,"POLYGON ((-97.09174978251947 28.026895518482068, -98.58080251356293 26.36071197444865, -99.06364776186669 26.711022765552116, -98.00474625301811 27.898849006115082, -97.09174978251947 28.026895518482068))"
64C,2019-06-12 00:06:00+00:00,2019-06-12 01:55:00+00:00,0.0,43000.0,"POLYGON ((-91.43845866903683 48.02715493620668, -90.3019578072026 47.578472089657886, -94.54987938303658 45.24454595962799, -95.66624803159976 45.92034753095151, -91.43845866903683 48.02715493620668))"
65C,2019-06-12 00:06:00+00:00,2019-06-12 01:55:00+00:00,0.0,38000.0,"POLYGON ((-97.75153316564135 47.00113852153804, -97.60096026152543 44.235283917443205, -100.828241123569 42.821619203865964, -102.15193310164798 44.23146475589418, -97.75153316564135 47.00113852153804))"
66C,2019-06-12 00:06:00+00:00,2019-06-12 01:55:00+00:00,0.0,39000.0,"POLYGON ((-94.10367164692012 44.612069097511, -96.78 42.48541730984526, -97.78785411008795 42.46646254687813, -96.4243897693851 44.264271939311, -94.10367164692012 44.612069097511))"
3E,2019-06-12 00:55:00+00:00,2019-06-12 02:55:00+00:00,0.0,45000.0,"POLYGON ((-81.11 29.444570939420892, -80.57698565895464 25.91034808500411, -82.5642076123221 28.01217868503657, -81.11 29.444570939420892))"
1E,2019-06-12 00:55:00+00:00,2019-06-12 02:55:00+00:00,0.0,42000.0,"POLYGON ((-73.7612320341291 34.23553982536499, -76.32629249359711 33.046225507906435, -76.57372982515872 33.89749217730992, -73.7612320341291 34.23553982536499))"
2E,2019-06-12 00:55:00+00:00,2019-06-12 02:55:00+00:00,0.0,45000.0,"POLYGON ((-80.19111578532655 32.582499321541114, -81.51 30.173631044263608, -85.1483644234394 28.706818749071704, -84.65165299778081 31.78682344377124, -80.19111578532655 32.582499321541114))"
4C,2019-06-12 00:59:00+00:00,2019-06-12 02:55:00+00:00,,,"POLYGON ((-93.57311573179058 44.87471398783736, -96.82248400323444 43.34979423824566, -96.82409536766077 43.34902038063694, -98.43140359417576 42.55935476493629, -98.44994216807575 42.54755682570583, -96.72413988272088 43.93417390235889, -96.68992327175408 43.95209614832971, -93.55904905915011 44.88006443696899, -96.73751599676557 43.16874055041605, -93.48814772532171 44.69366030000774, -98.34321285885422 42.37984879232411, -96.73590463233923 43.16951440802477, -96.59887199959935 43.77826380820764, -98.32467428495423 42.39164673155457, -93.50221439796218 44.68830985087611, -96.63308861056615 43.76034156223682, -93.57311573179058 44.87471398783736))"
9C,2019-06-12 00:59:00+00:00,2019-06-12 02:55:00+00:00,0.0,45000.0,"POLYGON ((-101.3475495852759 34.548699600803516, -100.98391322163953 34.548699600803516, -100.98391322163953 34.18506323716716, -101.3475495852759 34.18506323716716, -101.3475495852759 34.548699600803516))"
1C,2019-06-12 00:59:00+00:00,2019-06-12 02:55:00+00:00,0.0,45000.0,"POLYGON ((-97.89409459650267 28.065230351611735, -97.11283046443451 27.899613711942116, -98.12426885458959 26.194722247160662, -98.98711063930139 26.544369055341324, -97.89409459650267 28.065230351611735))"
5C,2019-06-12 00:59:00+00:00,2019-06-12 02:55:00+00:00,0.0,30000.0,"POLYGON ((-97.37926735442277 41.47570840777588, -96.08806420101773 41.379829343029535, -96.10287454579115 41.18037846264118, -97.39407769919619 41.27625752738753, -97.37926735442277 41.47570840777588))"
7C,2019-06-12 00:59:00+00:00,2019-06-12 02:55:00+00:00,0.0,45000.0,"POLYGON ((-98.05161865821013 39.73060659635597, -95.52563747944163 38.673986146547314, -98.253671472658 37.52678068640859, -100.08653106688963 37.407107372595725, -98.05161865821013 39.73060659635597))"
8C,2019-06-12 00:59:00+00:00,2019-06-12 02:55:00+00:00,0.0,28000.0,"POLYGON ((-102.77 46.36089313279083, -104.16593508946131 43.97417310994623, -105.5309532037066 45.275516792125295, -102.77 46.36089313279083))"
3C,2019-06-12 00:59:00+00:00,2019-06-12 02:55:00+00:00,0.0,39000.0,"POLYGON ((-98.37 45.75273791147279, -97.84774010986139 43.96338077120431, -100.89359062017347 42.56645013138365, -102.15926186620929 43.72216869164239, -98.37 45.75273791147279))"
2C,2019-06-12 00:59:00+00:00,2019-06-12 02:55:00+00:00,0.0,37000.0,"POLYGON ((-90.97835432733909 47.61705584813174, -90.81568960335912 47.22043668234937, -94.54987938303658 45.24454595962799, -96.30047273361616 45.28756313289555, -90.97835432733909 47.61705584813174))"
6E,2019-06-12 01:55:00+00:00,2019-06-12 03:55:00+00:00,0.0,45000.0,"POLYGON ((-81.76503288598398 29.80548800675234, -80.64075106751562 27.62459352227129, -82.10317097335238 26.529635772066744, -81.76503288598398 29.80548800675234))"
12C,2019-06-12 01:55:00+00:00,2019-06-12 03:55:00+00:00,0.0,30000.0,"POLYGON ((-92.7835389849262 46.632539183547216, -92.7649744888361 45.67042143605392, -95.4429821330574 45.00383976070589, -92.7835389849262 46.632539183547216))"
14C,2019-06-12 01:55:00+00:00,2019-06-12 03:55:00+00:00,0.0,36000.0,"POLYGON ((-96.80999088283467 41.49701254323751, -95.59360376827914 40.90277484459019, -97.67410442326727 40.86687831785946, -96.80999088283467 41.49701254323751))"
13C,2019-06-12 01:55:00+00:00,2019-06-12 03:55:00+00:00,0.0,30000.0,"POLYGON ((-95.20455985310784 42.982973005676264, -95.19828846157822 42.7830713557374, -96.32411399947321 42.7477515234881, -96.33038539100284 42.947653173426964, -95.20455985310784 42.982973005676264))"
10C,2019-06-12 01:55:00+00:00,2019-06-12 03:55:00+00:00,0.0,45000.0,"POLYGON ((-97.89409459650267 28.065230351611735, -96.05883859152364 28.22550341932625, -97.38 26.64285469710447, -98.19373452035047 27.62132626974454, -97.89409459650267 28.065230351611735))"
18C,2019-06-12 01:55:00+00:00,2019-06-12 03:55:00+00:00,0.0,45000.0,"POLYGON ((-101.17240956348664 34.549822267065096, -100.80877319985026 34.549822267065096, -100.80877319985026 34.186185903428736, -101.17240956348664 34.186185903428736, -101.17240956348664 34.549822267065096))"
4E,2019-06-12 01:55:00+00:00,2019-06-12 03:55:00+00:00,0.0,45000.0,"POLYGON ((-73.7612320341291 34.23553982536499, -75.91327822438343 32.68738613299373, -78.94647245684156 32.50323761372385, -73.7612320341291 34.23553982536499))"
5E,2019-06-12 01:55:00+00:00,2019-06-12 03:55:00+00:00,0.0,45000.0,"POLYGON ((-79.62137657444289 32.536380255278786, -80.41962987995191 31.569920933761267, -85.00517657939814 29.015021064877867, -85.33676763534807 32.2161945303844, -79.62137657444289 32.536380255278786))"
15C,2019-06-12 01:55:00+00:00,2019-06-12 03:55:00+00:00,0.0,31000.0,"POLYGON ((-97.52059011285787 46.55703665589619, -96.85 46.41726208852722, -99.14108569063013 42.46911561052133, -100.33925630395564 43.18429236797235, -97.52059011285787 46.55703665589619))"
17C,2019-06-12 01:55:00+00:00,2019-06-12 03:55:00+00:00,0.0,28000.0,"POLYGON ((-102.73211223481867 45.78141118654599, -102.15193310164798 44.23146475589418, -104.0027115572538 44.68157950488295, -102.73211223481867 45.78141118654599))"
11C,2019-06-12 01:55:00+00:00,2019-06-12 03:55:00+00:00,0.0,35000.0,"POLYGON ((-90.6452206207638 47.340036453426784, -88.5198571397951 46.662889249355835, -89.46 46.12910686720918, -90.6452206207638 47.340036453426784))"
16C,2019-06-12 01:55:00+00:00,2019-06-12 03:55:00+00:00,0.0,45000.0,"POLYGON ((-98.03371825682873 39.69779818122586, -96.12131409553726 38.83614668254183, -98.65588502800706 36.93595379844198, -99.8437340630403 37.21081906156151, -98.03371825682873 39.69779818122586))"
8E,2019-06-12 02:55:00+00:00,2019-06-12 04:55:00+00:00,0.0,45000.0,"POLYGON ((-80.55649611229603 32.888938456919085, -78.71753971984795 31.75852631188312, -79.41519412349672 29.897873042671513, -82.06009214262404 32.48840183444376, -80.55649611229603 32.888938456919085))"
20C,2019-06-12 02:55:00+00:00,2019-06-12 04:55:00+00:00,0.0,30000.0,"POLYGON ((-98.69 43.481996575946255, -97.69870486250983 43.36968602035354, -99.71146608442895 42.77411755926258, -98.69 43.481996575946255))"
22C,2019-06-12 02:55:00+00:00,2019-06-12 04:55:00+00:00,0.0,28000.0,"POLYGON ((-97.03148150873588 37.7487289996929, -98.58145653973605 36.126875693084585, -100.08653106688963 37.407107372595725, -97.03148150873588 37.7487289996929))"
7E,2019-06-12 02:55:00+00:00,2019-06-12 04:55:00+00:00,0.0,41000.0,"POLYGON ((-73.7612320341291 34.23553982536499, -75.91327822438343 32.68738613299373, -77.87 32.51994148689968, -73.7612320341291 34.23553982536499))"
9E,2019-06-12 02:55:00+00:00,2019-06-12 04:55:00+00:00,0.0,41000.0,"POLYGON ((-82.81079977832894 32.15446777021161, -81.25645509730782 29.607329850298168, -85.0768766276345 28.86093881581106, -86.38530161259438 30.21484687132116, -82.81079977832894 32.15446777021161))"
21C,2019-06-12 02:55:00+00:00,2019-06-12 04:55:00+00:00,0.0,36000.0,"POLYGON ((-95.74 41.502737911472785, -95.97322728974082 38.26066383426322, -98.55614103556194 38.06431569425654, -98.35000000000001 40.38178626558165, -95.74 41.502737911472785))"
19C,2019-06-12 02:55:00+00:00,2019-06-12 04:55:00+00:00,0.0,34000.0,"POLYGON ((-97.96268250573681 28.090013686473597, -95.51021222494123 28.051803752612216, -97.72654322250287 27.284884539101476, -97.96268250573681 28.090013686473597))"
11E,2019-06-12 03:55:00+00:00,2019-06-12 05:55:00+00:00,0.0,45000.0,"POLYGON ((-80.90081463095711 32.88705132565269, -78.83640804659295 31.861952177682728, -79.50005438534882 30.324629942214255, -81.83149102543187 31.538208894580187, -80.90081463095711 32.88705132565269))"
13E,2019-06-12 03:55:00+00:00,2019-06-12 05:55:00+00:00,0.0,41000.0,"POLYGON ((-79.02077934539074 27.67225072788221, -78.63388253181961 26.672576536490382, -79.19049584944513 27.009114035463508, -79.02077934539074 27.67225072788221))"
10E,2019-06-12 03:55:00+00:00,2019-06-12 05:55:00+00:00,0.0,41000.0,"POLYGON ((-74.1928798678024 34.607809212417685, -74.99261868552031 33.32038023264338, -76.10336051628764 33.7287119884993, -74.1928798678024 34.607809212417685))"
24C,2019-06-12 03:55:00+00:00,2019-06-12 05:55:00+00:00,0.0,29000.0,"POLYGON ((-97.3238211246485 45.12833040975669, -97.14615750866284 45.03648467194109, -97.88989893305208 43.597813766159824, -98.06756254903775 43.68965950397543, -97.3238211246485 45.12833040975669))"
12E,2019-06-12 03:55:00+00:00,2019-06-12 05:55:00+00:00,0.0,41000.0,"POLYGON ((-85.36901924384196 31.273458639239355, -82.51 31.04089313279082, -82.37741804946413 29.010101918639464, -85.21964188647294 28.552661215843553, -86.68 29.998155221318033, -85.36901924384196 31.273458639239355))"
23C,2019-06-12 03:55:00+00:00,2019-06-12 05:55:00+00:00,0.0,34000.0,"POLYGON ((-95.64277059200786 28.17015933080258, -96.38420950841589 26.954859640686184, -97.78825021748051 28.026895518482068, -95.64277059200786 28.17015933080258))"
25C,2019-06-12 03:55:00+00:00,2019-06-12 05:55:00+00:00,0.0,36000.0,"POLYGON ((-95.33083012187957 41.29661008844055, -96.4076313962207 38.12620694403504, -98.55614103556194 38.06431569425654, -98.69103832746747 39.74861924585445, -95.33083012187957 41.29661008844055))"
26C,2019-06-12 03:55:00+00:00,2019-06-12 05:55:00+00:00,0.0,28000.0,"POLYGON ((-99.56131946057883 36.95439777152948, -97.33219024655155 36.81912644947907, -98.64484961576666 35.75960187105838, -99.56131946057883 36.95439777152948))"
WHISKEY 1,2019-06-12 04:33:00+00:00,2019-06-12 08:35:00+00:00,,,"POLYGON ((130 21, 130 21, 134.3 21, 130 21))"
28C,2019-06-12 04:55:00+00:00,2019-06-12 06:55:00+00:00,,,"POLYGON ((-96.75004145927173 46.41796559753367, -96.71739764272425 43.90693324866955, -98.35900587320825 42.5890568671573, -96.94995854072826 46.41220707846209, -96.87995854072827 43.98203440246634, -98.48421058775975 42.74501769382245, -96.84260235727575 44.0628940753347, -96.68004145927173 43.98779292153792, -96.75004145927173 46.41796559753367))"
14E,2019-06-12 04:55:00+00:00,2019-06-12 06:55:00+00:00,0.0,35000.0,"POLYGON ((-74.31471401118571 34.71201081880977, -73.95012675500534 34.39904436804375, -74.99261868552031 33.32038023264338, -75.24395294149245 34.32196093311128, -74.31471401118571 34.71201081880977))"
30C,2019-06-12 04:55:00+00:00,2019-06-12 06:55:00+00:00,0.0,45000.0,"POLYGON ((-96.06613027455181 36.733948241753836, -97.6 35.68914187884179, -98.30942721391717 35.397926119161184, -98.63798482395198 36.347852422817446, -96.06613027455181 36.733948241753836))"
16E,2019-06-12 04:55:00+00:00,2019-06-12 06:55:00+00:00,0.0,35000.0,"POLYGON ((-77.94910106882634 37.49833195662816, -76.87724207845174 37.146250254837206, -78.20959699824057 36.059652943244885, -79.01708528751398 36.33088221041634, -77.94910106882634 37.49833195662816))"
17E,2019-06-12 04:55:00+00:00,2019-06-12 06:55:00+00:00,0.0,37000.0,"POLYGON ((-79.58388697946158 29.291325761486394, -78.8209924521177 29.280485096039094, -78.36017565993521 27.306171963528065, -79.05441703746935 27.05824119087265, -79.58388697946158 29.291325761486394))"
18E,2019-06-12 04:55:00+00:00,2019-06-12 06:55:00+00:00,0.0,42000.0,"POLYGON ((-85.49207857834335 31.511455019267643, -84.01427877350721 31.424422285093417, -84.631942538442 29.01762300345135, -86.68 28.168096708217718, -86.38530161259438 30.21484687132116, -85.49207857834335 31.511455019267643))"
15E,2019-06-12 04:55:00+00:00,2019-06-12 06:55:00+00:00,0.0,45000.0,"POLYGON ((-81.27877833718229 33.39867376919635, -77.0382851343027 32.656419589869714, -78.26180803897103 30.28843962988686, -81.61134260057081 31.218523656469078, -81.27877833718229 33.39867376919635))"
29C,2019-06-12 04:55:00+00:00,2019-06-12 06:55:00+00:00,0.0,45000.0,"POLYGON ((-94.85598223949316 41.16662043876397, -94.88086753747407 38.14201787786918, -98.54777952768227 37.42770268714906, -98.53648952788578 39.63227837167451, -94.85598223949316 41.16662043876397))"
27C,2019-06-12 04:55:00+00:00,2019-06-12 06:55:00+00:00,0.0,41000.0,"POLYGON ((-96.9052142558366 28.369529555461696, -95.24596869650843 27.814712502074258, -95.71101042993071 27.25255799744366, -97.29632645471655 27.592515801743094, -96.9052142558366 28.369529555461696))"
32C,2019-06-12 05:55:00+00:00,2019-06-12 07:55:00+00:00,,,"POLYGON ((-96.75004145927173 46.41796559753367, -96.71739764272425 43.90693324866955, -98.35900587320825 42.5890568671573, -96.94995854072826 46.41220707846209, -96.87995854072827 43.98203440246634, -98.48421058775975 42.74501769382245, -96.84260235727575 44.0628940753347, -96.68004145927173 43.98779292153792, -96.75004145927173 46.41796559753367))"
21E,2019-06-12 05:55:00+00:00,2019-06-12 07:55:00+00:00,,,"POLYGON ((-80.31364062316781 29.65305415680432, -80.43537434412605 29.33339152097429, -80.24714887380902 29.32971148702009, -79.70187543196216 27.7101828489112, -80.2484685274589 29.26221416716016, -80.12673480650066 29.58187680299019, -79.89142055592906 27.64636556300546, -80.43669399777592 29.26589420111436, -80.31364062316781 29.65305415680432))"
19E,2019-06-12 05:55:00+00:00,2019-06-12 07:55:00+00:00,0.0,32000.0,"POLYGON ((-74.1928798678024 34.607809212417685, -73.58826108461409 34.08500452436534, -74.83479736120981 33.2612421071671, -75.94403379326634 34.33491921597224, -74.1928798678024 34.607809212417685))"
31C,2019-06-12 05:55:00+00:00,2019-06-12 07:55:00+00:00,0.0,41000.0,"POLYGON ((-95.54080766984451 29.559164146416876, -93.11 28.838861545211955, -96.25484343725542 25.91565662606867, -98.92585072700302 26.410600769141197, -95.54080766984451 29.559164146416876))"
33C,2019-06-12 05:55:00+00:00,2019-06-12 07:55:00+00:00,0.0,41000.0,"POLYGON ((-94.85657693717796 40.8899924823604, -93.7174257292498 37.66605061224992, -97.92 36.78371281826268, -98.14869799574696 39.337719389854165, -94.85657693717796 40.8899924823604))"
20E,2019-06-12 05:55:00+00:00,2019-06-12 07:55:00+00:00,0.0,45000.0,"POLYGON ((-81.05 33.86, -77.11256866433175 32.810607855650346, -78.26180803897103 30.28843962988686, -81.61134260057081 31.218523656469078, -81.05 33.86))"
22E,2019-06-12 05:55:00+00:00,2019-06-12 07:55:00+00:00,0.0,45000.0,"POLYGON ((-84.65066312875568 31.53215948732113, -81.80695552770243 30.954484094797632, -82.37741804946413 29.010101918639464, -86.68 28.00172775248132, -87.19331025105335 29.75305350671482, -84.65066312875568 31.53215948732113))"
34C,2019-06-12 05:55:00+00:00,2019-06-12 07:55:00+00:00,0.0,45000.0,"POLYGON ((-95.05215662392719 37.27754885407108, -94.53259610233023 36.24929158266429, -97.98686518843313 34.6308569964195, -98.54654492866938 35.71464630311198, -95.05215662392719 37.27754885407108))"
25E,2019-06-12 06:55:00+00:00,2019-06-12 08:55:00+00:00,0.0,45000.0,"POLYGON ((-84.52967475444048 31.4553217977527, -81.49871845233596 31.35800827846842, -82.68 27.91, -87.80334458681243 27.115906730480607, -87.12669200303864 29.89427044895461, -84.52967475444048 31.4553217977527))"
35C,2019-06-12 06:55:00+00:00,2019-06-12 08:55:00+00:00,0.0,40000.0,"POLYGON ((-95.54080766984451 29.559164146416876, -93.11 28.838861545211955, -96.25484343725542 25.91565662606867, -98.92585072700302 26.410600769141197, -95.54080766984451 29.559164146416876))"
37C,2019-06-12 06:55:00+00:00,2019-06-12 08:55:00+00:00,0.0,38000.0,"POLYGON ((-94.85657693717796 40.8899924823604, -93.7174257292498 37.66605061224992, -97.92 36.78371281826268, -98.14869799574696 39.337719389854165, -94.85657693717796 40.8899924823604))"
24E,2019-06-12 06:55:00+00:00,2019-06-12 08:55:00+00:00,0.0,45000.0,"POLYGON ((-79.77520385406847 30.328550203727264, -78.44146809343414 30.228466654828352, -78.74418212207864 28.30571205617317, -79.77520385406847 30.328550203727264))"
23E,2019-06-12 06:55:00+00:00,2019-06-12 08:55:00+00:00,0.0,45000.0,"POLYGON ((-80.64071367605554 34.574786402780354, -76.46471044237626 33.165535224984644, -78.26180803897103 30.28843962988686, -81.40881801168469 31.544829034357047, -80.64071367605554 34.574786402780354))"
38C,2019-06-12 06:55:00+00:00,2019-06-12 08:55:00+00:00,0.0,45000.0,"POLYGON ((-95.05215662392719 37.27754885407108, -94.53259610233023 36.24929158266429, -97.98686518843313 34.6308569964195, -98.54654492866938 35.71464630311198, -95.05215662392719 37.27754885407108))"
36C,2019-06-12 06:55:00+00:00,2019-06-12 08:55:00+00:00,0.0,35000.0,"POLYGON ((-95.73501478465494 46.42622964852336, -95.1368905805141 46.026304835288336, -95.82938700960149 44.4678660282882, -96.60311394670572 43.95727381978883, -96.30182597824066 45.826446468202796, -95.73501478465494 46.42622964852336))"
XRAY 1,2019-06-12 07:49:00+00:00,2019-06-12 11:50:00+00:00,0.0,56000.0,"POLYGON ((145 5.4, 149 1, 143.2 5.3, 145 5.4))"
WHISKEY 2,2019-06-12 07:51:00+00:00,2019-06-12 12:00:00+00:00,,,"POLYGON ((130 21, 130 21, 135.5 21, 130 21))"
WHISKEY 3,2019-06-12 07:55:00+00:00,2019-06-12 12:00:00+00:00,,,"POLYGON ((130 21, 130 21, 135.5 21, 130 21))"
28E,2019-06-12 07:55:00+00:00,2019-06-12 09:55:00+00:00,0.0,43000.0,"POLYGON ((-82.92253743608212 31.186415761406696, -82.09751765502585 28.53789820755231, -87.59362690402669 26.9215498051789, -87.36084317142596 30.240016139093544, -82.92253743608212 31.186415761406696))"
27E,2019-06-12 07:55:00+00:00,2019-06-12 09:55:00+00:00,0.0,36000.0,"POLYGON ((-79.89775140197627 30.903112759593455, -77.90182995378836 30.407647758682796, -78.56848498931308 28.36706140272879, -79.89775140197627 30.903112759593455))"
26E,2019-06-12 07:55:00+00:00,2019-06-12 09:55:00+00:00,0.0,45000.0,"POLYGON ((-80.23235148554505 34.699235056375336, -75.45232160042883 34.326234603038515, -77.90182995378836 30.407647758682796, -81.40881801168469 31.544829034357047, -80.23235148554505 34.699235056375336))"
41C,2019-06-12 07:55:00+00:00,2019-06-12 09:55:00+00:00,0.0,45000.0,"POLYGON ((-98.78852338315694 35.64100309940781, -97.2468467065039 34.056271153794164, -98.36087830660472 33.52867273131372, -101.26397506642294 35.16208455698264, -98.78852338315694 35.64100309940781))"
39C,2019-06-12 07:55:00+00:00,2019-06-12 09:55:00+00:00,0.0,45000.0,"POLYGON ((-94.98536704089454 29.19097370021501, -93.11 28.642679398372472, -96.08520567672318 25.914248203128036, -98.58080251356293 26.36071197444865, -94.98536704089454 29.19097370021501))"
40C,2019-06-12 07:55:00+00:00,2019-06-12 09:55:00+00:00,0.0,45000.0,"POLYGON ((-94.06969475160663 40.67070790644474, -92.93353794394818 36.59081121853718, -97.3557218809157 34.14619337455214, -100.136316542488 37.03708362194396, -94.06969475160663 40.67070790644474))"
30E,2019-06-12 08:55:00+00:00,2019-06-12 10:55:00+00:00,0.0,36000.0,"POLYGON ((-79.54183971230937 31.597071804388605, -77.892818250259 31.031500211905364, -78.62368584384397 29.276975590273747, -79.58669192396428 28.738111873952228, -79.54183971230937 31.597071804388605))"
31E,2019-06-12 08:55:00+00:00,2019-06-12 10:55:00+00:00,0.0,44000.0,"POLYGON ((-82.31441440147731 31.940549647531416, -82.1628306217102 28.537520148810056, -87.91610761118203 27.220003992665735, -87.85069193788175 29.660476257162006, -82.31441440147731 31.940549647531416))"
29E,2019-06-12 08:55:00+00:00,2019-06-12 10:55:00+00:00,0.0,45000.0,"POLYGON ((-75.17879359740719 34.257627423980296, -77.57646203349829 30.748220972592204, -81.11 31.827262088527213, -80.81873747107582 34.320898992310774, -75.17879359740719 34.257627423980296))"
44C,2019-06-12 08:55:00+00:00,2019-06-12 10:55:00+00:00,0.0,45000.0,"POLYGON ((-100.29 35.36821373441836, -97.17 34.21, -98.22843508842287 32.864381406522625, -101.6791766169211 34.16090029316504, -100.29 35.36821373441836))"
42C,2019-06-12 08:55:00+00:00,2019-06-12 10:55:00+00:00,0.0,44000.0,"POLYGON ((-93.99580577507679 29.818693376637544, -93.11 28.642679398372472, -96.08520567672318 25.914248203128036, -98.58080251356293 26.36071197444865, -93.99580577507679 29.818693376637544))"
43C,2019-06-12 08:55:00+00:00,2019-06-12 10:55:00+00:00,0.0,45000.0,"POLYGON ((-95.5981583951737 39.72782108572522, -93.01219216111737 36.74475392361326, -96.60414113318079 33.73813637090367, -98.92982575170316 36.017900142804685, -95.5981583951737 39.72782108572522))"
34E,2019-06-12 09:55:00+00:00,2019-06-12 11:55:00+00:00,0.0,44000.0,"POLYGON ((-81.17544826396902 32.29354929173296, -82.42832149922083 28.44403568420533, -88.02908150213516 27.32401081631419, -87.06339876133848 30.028038465582657, -81.17544826396902 32.29354929173296))"
46C,2019-06-12 09:55:00+00:00,2019-06-12 11:55:00+00:00,0.0,38000.0,"POLYGON ((-95.3003809754417 39.28865691145, -94.86529839614623 37.04887929201473, -96.04402730147034 36.40418606498418, -97.06568436773385 37.33997149550803, -95.3003809754417 39.28865691145))"
33E,2019-06-12 09:55:00+00:00,2019-06-12 11:55:00+00:00,0.0,38000.0,"POLYGON ((-79.53692753570145 31.025526094634234, -77.57646203349829 30.748220972592204, -78.05829211406056 29.265312143249012, -79.41794339793215 28.61699225679675, -79.53692753570145 31.025526094634234))"
32E,2019-06-12 09:55:00+00:00,2019-06-12 11:55:00+00:00,0.0,45000.0,"POLYGON ((-74.31958095363107 34.7161654317201, -77.57646203349829 30.748220972592204, -81.13821053819136 31.107998669914657, -80.26366398338948 34.228520994242764, -74.31958095363107 34.7161654317201))"
45C,2019-06-12 09:55:00+00:00,2019-06-12 11:55:00+00:00,0.0,45000.0,"POLYGON ((-92.22419422492321 29.818693376637544, -96.08520567672318 25.914248203128036, -98.23679066635434 26.235811923653003, -95.56944537883241 29.498703567718135, -92.22419422492321 29.818693376637544))"
47C,2019-06-12 09:55:00+00:00,2019-06-12 11:55:00+00:00,0.0,45000.0,"POLYGON ((-95.63158280574169 36.5073055265705, -94.42560158176954 35.082490370974774, -99.86 32.14726208852721, -102.41356476018713 34.14633648612905, -95.63158280574169 36.5073055265705))"
XRAY 2,2019-06-12 10:47:00+00:00,2019-06-12 14:50:00+00:00,0.0,56000.0,"POLYGON ((144.5 5.1, 147.4 0.4, 142.4 4.4, 144.5 5.1))"
36E,2019-06-12 10:55:00+00:00,2019-06-12 12:55:00+00:00,0.0,40000.0,"POLYGON ((-79.6402655661014 30.990602060866415, -77.892818250259 31.031500211905364, -78.48228792066723 30.214796034030904, -79.58669192396428 28.738111873952228, -79.6402655661014 30.990602060866415))"
35E,2019-06-12 10:55:00+00:00,2019-06-12 12:55:00+00:00,0.0,44000.0,"POLYGON ((-79.28762511997101 34.356770747099226, -73.90021744915809 34.35593367745108, -77.57646203349829 30.748220972592204, -82.09746256391789 31.186415761406696, -79.28762511997101 34.356770747099226))"
37E,2019-06-12 10:55:00+00:00,2019-06-12 12:55:00+00:00,0.0,45000.0,"POLYGON ((-82.28477702359267 32.000917392040066, -81.81677113187385 29.55280592310109, -84.2371486005722 27.32825693463806, -88.00314972877277 28.399676889285463, -82.28477702359267 32.000917392040066))"
49C,2019-06-12 10:55:00+00:00,2019-06-12 12:55:00+00:00,0.0,34000.0,"POLYGON ((-94.14583369759065 39.09748809249021, -94.55961492448581 36.60211901382818, -96.52444204560375 36.78596614588535, -95.72846621187776 38.967478339823195, -94.14583369759065 39.09748809249021))"
48C,2019-06-12 10:55:00+00:00,2019-06-12 12:55:00+00:00,0.0,44000.0,"POLYGON ((-91.97843995183646 29.89004076223679, -96.08520567672318 25.914248203128036, -98.11989867621277 25.918121787845177, -95.35 29.460893132790822, -91.97843995183646 29.89004076223679))"
50C,2019-06-12 10:55:00+00:00,2019-06-12 12:55:00+00:00,0.0,45000.0,"POLYGON ((-92.28932923227913 36.5482291312977, -98.35792696959226 32.03738773806416, -101.83360987364969 33.546271609780256, -95.9803189477681 36.13618266342416, -92.28932923227913 36.5482291312977))"
GOLF 1,2019-06-12 11:30:00+00:00,2019-06-12 15:30:00+00:00,0.0,48000.0,"POLYGON ((-85 29.3, -83.45 27, -86.45 24.45, -89.45 27, -85 29.3))"
40E,2019-06-12 11:55:00+00:00,2019-06-12 13:55:00+00:00,0.0,45000.0,"POLYGON ((-82.51 32.26285469710447, -80.16680397083512 31.82455031286532, -84.18375025401885 27.34859675495519, -88.12517537346132 28.446296890053762, -82.51 32.26285469710447))"
39E,2019-06-12 11:55:00+00:00,2019-06-12 13:55:00+00:00,0.0,40000.0,"POLYGON ((-79.29457135854977 31.35073339322147, -77.57646203349829 30.748220972592204, -78.0819286218926 30.3481669607459, -79.15791280685917 29.986136100543057, -79.29457135854977 31.35073339322147))"
38E,2019-06-12 11:55:00+00:00,2019-06-12 13:55:00+00:00,0.0,45000.0,"POLYGON ((-78.6169489600485 34.602400398072476, -73.90021744915809 34.35593367745108, -77.57646203349829 30.748220972592204, -83.10327335294569 32.49781391611565, -78.6169489600485 34.602400398072476))"
52C,2019-06-12 11:55:00+00:00,2019-06-12 13:55:00+00:00,0.0,36000.0,"POLYGON ((-94.74 39.123631044263604, -93.58211133784178 38.97236201089942, -94.19910309177428 36.40367885366363, -95.79 36.699106867209174, -94.74 39.123631044263604))"
51C,2019-06-12 11:55:00+00:00,2019-06-12 13:55:00+00:00,0.0,42000.0,"POLYGON ((-91.52058705363996 30.018699733930546, -96.08520567672318 25.914248203128036, -98.0650625936352 26.173055034308472, -95.17270199551376 29.896214669760766, -91.52058705363996 30.018699733930546))"
53C,2019-06-12 11:55:00+00:00,2019-06-12 13:55:00+00:00,0.0,45000.0,"POLYGON ((-91.71348640191444 36.36224755172515, -98.16980147557979 31.338508877722262, -102.28926149462067 32.93089498094689, -94.73888947804934 36.24840607562531, -91.71348640191444 36.36224755172515))"
HOTEL 1,2019-06-12 12:40:00+00:00,2019-06-12 16:40:00+00:00,0.0,48000.0,"POLYGON ((-94.15 27.15, -92.45 25.15, -96.3 24, -96.3 25.3, -94.15 27.15))"
42E,2019-06-12 12:55:00+00:00,2019-06-12 14:55:00+00:00,0.0,39000.0,"POLYGON ((-81.83001384317647 33.04172981736768, -79.69566773051851 32.88952820025339, -79.853938560634 31.711192093884115, -81.66186988362043 31.537201426245545, -81.83001384317647 33.04172981736768))"
55C,2019-06-12 12:55:00+00:00,2019-06-12 14:55:00+00:00,0.0,32000.0,"POLYGON ((-93.33 37.50457093942089, -93.76146259059328 36.2494650571513, -95.07339320881488 36.19786417736763, -94.69610825208954 37.32490904133451, -93.33 37.50457093942089))"
41E,2019-06-12 12:55:00+00:00,2019-06-12 14:55:00+00:00,0.0,41000.0,"POLYGON ((-76.0565913501922 34.33663054389656, -74.95457283026558 33.79440484970139, -77.57646203349829 30.748220972592204, -79.29457135854977 31.35073339322147, -76.0565913501922 34.33663054389656))"
43E,2019-06-12 12:55:00+00:00,2019-06-12 14:55:00+00:00,0.0,45000.0,"POLYGON ((-82.28699111313405 31.078691792340248, -82.47598538956993 29.598765082791605, -84.93895341632934 27.89157954242784, -85.69167217971712 27.877257263148433, -85.56446082960115 29.33561597820869, -82.28699111313405 31.078691792340248))"
54C,2019-06-12 12:55:00+00:00,2019-06-12 14:55:00+00:00,0.0,43000.0,"POLYGON ((-95.35 29.12815522131804, -92.60016230244482 29.063081009224742, -93.11 28.30994148689969, -96.32512154323537 26.857295350419385, -97.29632645471655 27.592515801743094, -95.35 29.12815522131804))"
56C,2019-06-12 12:55:00+00:00,2019-06-12 14:55:00+00:00,0.0,45000.0,"POLYGON ((-99.73007728562416 34.55972590121787, -96.9842781190843 34.14619337455214, -100.64885763950687 32.47753989378691, -101.35110790260343 32.71308672245375, -99.73007728562416 34.55972590121787))"
HOTEL 2,2019-06-12 13:30:00+00:00,2019-06-12 17:30:00+00:00,0.0,50000.0,"POLYGON ((-93.3 28.15, -91.3 28.15, -91.3 25.3, -96.15 24, -96.3 25.3, -93.3 28.15))"
XRAY 3,2019-06-12 13:31:00+00:00,2019-06-12 17:35:00+00:00,0.0,57000.0,"POLYGON ((143.4 4.4, 146.2 0.4, 141.1 4, 143.4 4.4))"
INDIA 1,2019-06-12 13:40:00+00:00,2019-06-12 17:40:00+00:00,0.0,45000.0,"POLYGON ((-76 29.15, -72 28.45, -73.45 20.45, -78.45 24.3, -76 29.15))"
44E,2019-06-12 13:55:00+00:00,2019-06-12 15:55:00+00:00,0.0,38000.0,"POLYGON ((-74.80513867927289 35.127593646571825, -75.04601162215474 33.98397013779786, -75.62604391091948 33.554927391438945, -76.29414701755915 34.33990408480639, -74.80513867927289 35.127593646571825))"
58C,2019-06-12 13:55:00+00:00,2019-06-12 15:55:00+00:00,0.0,45000.0,"POLYGON ((-99.6410189280408 34.58958825228857, -97.53950105470537 33.902764200602306, -99.3730524581406 32.88797176922415, -100.45171119610688 34.3145687387046, -99.6410189280408 34.58958825228857))"
46E,2019-06-12 13:55:00+00:00,2019-06-12 15:55:00+00:00,0.0,45000.0,"POLYGON ((-81.88178946180865 31.107998669914657, -82.06385355345738 29.29661144503285, -84.18606389676764 27.90181228263276, -83.57845799806871 30.397732665893674, -81.88178946180865 31.107998669914657))"
45E,2019-06-12 13:55:00+00:00,2019-06-12 15:55:00+00:00,0.0,34000.0,"POLYGON ((-81.42995018728168 33.09089146932307, -79.44562953648484 32.888594215718825, -79.51557544084564 31.812969064738827, -80.81118198831533 31.544829034357047, -81.42995018728168 33.09089146932307))"
57C,2019-06-12 13:55:00+00:00,2019-06-12 15:55:00+00:00,0.0,39000.0,"POLYGON ((-94.84104837561198 28.883088123032397, -92.45646156159316 28.75503802079858, -96.32512154323537 26.857295350419385, -97.224792045639 27.43871838206908, -94.84104837561198 28.883088123032397))"
49E,2019-06-12 14:55:00+00:00,2019-06-12 16:55:00+00:00,0.0,45000.0,"POLYGON ((-81.11 31.58171624231642, -81.79684377679895 28.705210130387602, -83.7342443244253 27.518716560187617, -83.05 30.178283757683584, -81.11 31.58171624231642))"
59C,2019-06-12 14:55:00+00:00,2019-06-12 16:55:00+00:00,0.0,40000.0,"POLYGON ((-94.9907395094358 28.75359363493655, -92.41646648327627 28.668950387233526, -95.88796761695178 26.465597116069656, -97.25288596466929 27.499175345956978, -94.9907395094358 28.75359363493655))"
60C,2019-06-12 14:55:00+00:00,2019-06-12 16:55:00+00:00,0.0,44000.0,"POLYGON ((-99.39807451848546 34.26398546982608, -98.22144725396396 33.6827687637044, -99.3730524581406 32.88797176922415, -100.53709788993677 34.16529736216625, -99.39807451848546 34.26398546982608))"
48E,2019-06-12 14:55:00+00:00,2019-06-12 16:55:00+00:00,0.0,40000.0,"POLYGON ((-81.42995018728168 33.09089146932307, -79.24751256817511 32.88750085565589, -79.51557544084564 31.812969064738827, -80.81118198831533 31.544829034357047, -81.42995018728168 33.09089146932307))"
47E,2019-06-12 14:55:00+00:00,2019-06-12 16:55:00+00:00,0.0,38000.0,"POLYGON ((-75.25408200029028 34.411943802892225, -74.8803724193057 33.63990760342029, -75.29134565535617 33.431553251189904, -75.45232160042883 34.326234603038515, -75.25408200029028 34.411943802892225))"
YANKEE 1,2019-06-12 15:09:00+00:00,2019-06-12 19:10:00+00:00,0.0,55000.0,"POLYGON ((135.5 21, 142.1 21, 137.1 20, 135.5 21))"
GOLF 2,2019-06-12 15:10:00+00:00,2019-06-12 19:10:00+00:00,0.0,48000.0,"POLYGON ((-85 28.3, -84 26.15, -87.3 24.3, -89 26, -85 28.3))"
50E,2019-06-12 15:55:00+00:00,2019-06-12 17:55:00+00:00,0.0,45000.0,"POLYGON ((-80.04 32.31171624231643, -81.46899570065575 27.197492708541496, -83.89790233811804 26.895605256516205, -81.83149102543187 31.538208894580187, -80.04 32.31171624231643))"
62C,2019-06-12 15:55:00+00:00,2019-06-12 17:55:00+00:00,0.0,30000.0,"POLYGON ((-99.11308607152121 33.988893195519246, -98.22144725396396 33.6827687637044, -99.38412620085222 32.64507977296659, -100.29 33.93628718173731, -99.11308607152121 33.988893195519246))"
61C,2019-06-12 15:55:00+00:00,2019-06-12 17:55:00+00:00,0.0,45000.0,"POLYGON ((-91.84955358391116 28.531968360228927, -95.66178901995272 26.546515973738497, -97.224792045639 27.43871838206908, -96.5988116816614 28.144873699561114, -91.84955358391116 28.531968360228927))"
64C,2019-06-12 16:55:00+00:00,2019-06-12 18:55:00+00:00,0.0,34000.0,"POLYGON ((-95.74 41.74828375768357, -94.06104296918653 41.745951736053364, -95.3857292546237 41.05880693072547, -95.74 41.74828375768357))"
52E,2019-06-12 16:55:00+00:00,2019-06-12 18:55:00+00:00,0.0,45000.0,"POLYGON ((-84.14089538932461 31.352503542364197, -82.51867088692461 29.789941789856222, -84.28195952825253 29.148646149510487, -85.31441910659896 30.39645733599175, -84.14089538932461 31.352503542364197))"
51E,2019-06-12 16:55:00+00:00,2019-06-12 18:55:00+00:00,0.0,45000.0,"POLYGON ((-79.81134727215415 33.35090680421309, -78.45511452833776 32.88000418259385, -81.42178211179476 27.298075897506365, -84.10008087615607 26.81844441120513, -79.81134727215415 33.35090680421309))"
63C,2019-06-12 16:55:00+00:00,2019-06-12 18:55:00+00:00,0.0,45000.0,"POLYGON ((-93.11 28.30994148689969, -94.96931179796591 26.791335704482158, -97.224792045639 27.43871838206908, -96.5988116816614 28.144873699561114, -93.11 28.30994148689969))"
XRAY 4,2019-06-12 17:10:00+00:00,2019-06-12 21:10:00+00:00,0.0,54000.0,"POLYGON ((142.1 5.5, 145.3 0, 141 3.5, 142.1 5.5))"
YANKEE 2,2019-06-12 17:13:00+00:00,2019-06-12 21:15:00+00:00,0.0,53000.0,"POLYGON ((142.2 21, 142.1 19.3, 137.5 21, 142.2 21))"
HOTEL 3,2019-06-12 17:15:00+00:00,2019-06-12 21:15:00+00:00,0.0,48000.0,"POLYGON ((-93.45 28.15, -88.3 28.15, -93.15 24.3, -96 26, -95 27.45, -93.45 28.15))"
INDIA 2,2019-06-12 17:30:00+00:00,2019-06-12 21:30:00+00:00,0.0,48000.0,"POLYGON ((-75.15 29.3, -72.45 29.15, -74.45 21.3, -79 24.45, -75.15 29.3))"
55E,2019-06-12 17:55:00+00:00,2019-06-12 19:55:00+00:00,,,"POLYGON ((-79.78253112074471 26.55788082221114, -80.03269988629047 25.69940868974053, -79.84233721066974 25.704551144331, -79.7486939372247 25.43776842940121, -79.84068672847924 25.64345382196872, -79.59051796293348 26.50192595443933, -79.93740613065494 25.37152865244845, -80.03104940409997 25.63831136737824, -79.78253112074471 26.55788082221114))"
56E,2019-06-12 17:55:00+00:00,2019-06-12 19:55:00+00:00,,,"POLYGON ((-81.30417208696092 28.55952211174584, -80.64404665517476 27.53267845144269, -81.52846890440551 26.40412974620993, -81.46565353502329 28.44152320526075, -80.80349689603496 27.53536215603553, -81.68588793806353 26.52749606188068, -80.80146568883278 27.65604476711344, -80.64201544797258 27.65336106252061, -81.30417208696092 28.55952211174584))"
53E,2019-06-12 17:55:00+00:00,2019-06-12 19:55:00+00:00,0.0,45000.0,"POLYGON ((-77.87 33.351786265581644, -81.48452624875601 28.23251377770355, -82.82368665377606 27.60251577030055, -81.41287774722005 32.77445916717388, -77.87 33.351786265581644))"
54E,2019-06-12 17:55:00+00:00,2019-06-12 19:55:00+00:00,0.0,45000.0,"POLYGON ((-84.14089538932461 31.352503542364197, -82.64267831160078 29.952299972303155, -84.10663405095258 29.213816273932444, -85.12154200193127 30.397732665893674, -84.14089538932461 31.352503542364197))"
65C,2019-06-12 17:55:00+00:00,2019-06-12 19:55:00+00:00,0.0,34000.0,"POLYGON ((-95.2686221611597 41.521963919710615, -93.4280714094229 41.43978675304901, -94.81230774942601 40.46041230537348, -96.05144023002036 40.934298475774966, -95.2686221611597 41.521963919710615))"
61E,2019-06-12 18:55:00+00:00,2019-06-12 20:55:00+00:00,,,"POLYGON ((-86.62081115147711 35.84531373545438, -86.92175401716915 33.8395236203865, -86.77105827839159 33.91022245223497, -85.49116736767536 33.13509418404713, -86.72396782222503 33.80984835982277, -86.423024956533 35.81563847489065, -85.59477265028636 32.96402125978646, -86.87466356100259 33.7391495279743, -86.62081115147711 35.84531373545438))"
67C,2019-06-12 18:55:00+00:00,2019-06-12 20:55:00+00:00,,,"POLYGON ((-90.33768910062642 42.52287847481188, -89.89300740818759 41.17466135168524, -92.34742664376553 40.10227146552517, -90.52287123594513 42.44732996881208, -90.0256359024685 41.22852226916876, -92.42750149700863 40.285541806492, -89.97308226143069 41.35793169265207, -89.84045376714978 41.30407077516856, -90.33768910062642 42.52287847481188))"
68C,2019-06-12 18:55:00+00:00,2019-06-12 20:55:00+00:00,0.0,27000.0,"POLYGON ((-88.09684820017395 43.17517893425133, -87.96366278281182 41.438799624379456, -89.73637410221632 40.892774877227815, -88.09684820017395 43.17517893425133))"
66C,2019-06-12 18:55:00+00:00,2019-06-12 20:55:00+00:00,0.0,34000.0,"POLYGON ((-95.16384470607835 41.16856447908933, -92.59 40.41914187884179, -93.45989486242229 39.8501142021697, -96.03527128246229 40.144543692167474, -95.16384470607835 41.16856447908933))"
57E,2019-06-12 18:55:00+00:00,2019-06-12 20:55:00+00:00,0.0,45000.0,"POLYGON ((-80.43624930418609 32.88937520203755, -78.94647245684156 32.50323761372385, -79.96793375336792 30.330953028327283, -81.83828093619633 32.41258180212665, -80.43624930418609 32.88937520203755))"
59E,2019-06-12 18:55:00+00:00,2019-06-12 20:55:00+00:00,0.0,45000.0,"POLYGON ((-75.55804420623159 35.02874193222278, -74.1793894752955 34.596247650832055, -77.87 33.351786265581644, -77.87 34.35, -75.55804420623159 35.02874193222278))"
60E,2019-06-12 18:55:00+00:00,2019-06-12 20:55:00+00:00,0.0,45000.0,"POLYGON ((-79.96793375336792 30.330953028327283, -81.09434440796339 26.273695139628867, -82.15726879309493 28.100013270334887, -81.12446117245825 30.33943451593939, -79.96793375336792 30.330953028327283))"
58E,2019-06-12 18:55:00+00:00,2019-06-12 20:55:00+00:00,0.0,45000.0,"POLYGON ((-83.34946255558243 32.07482178501174, -82.34111470983488 29.852783030599475, -83.75531466430532 29.34346912376784, -84.70594675799578 30.272184121928948, -83.34946255558243 32.07482178501174))"
GOLF 3,2019-06-12 19:00:00+00:00,2019-06-12 23:00:00+00:00,0.0,45000.0,"POLYGON ((-85.45 28, -84 26.3, -88.15 24.3, -89.3 26, -85.45 28))"
70C,2019-06-12 19:55:00+00:00,2019-06-12 21:55:00+00:00,,,"POLYGON ((-90.27353289481213 42.55610702769181, -89.61201879648016 41.23726372006583, -91.35112809220121 39.81522963258976, -90.44693019240681 42.45644069843831, -89.76201792964159 41.26484533877709, -91.47772906092939 39.97005919926579, -89.73861976520834 41.39209328674185, -89.58862063204691 41.36451166803059, -90.27353289481213 42.55610702769181))"
66E,2019-06-12 19:55:00+00:00,2019-06-12 21:55:00+00:00,,,"POLYGON ((-86.492856676738 36.18462518555297, -87.26606779826913 34.64773693968697, -87.10929564306767 34.67663017532992, -85.40893578479731 33.1235530648153, -87.08740457481333 34.55785116448099, -86.3141934532822 36.09473941034698, -85.54381687174444 32.97588081832343, -87.2441767300148 34.52895792883804, -86.492856676738 36.18462518555297))"
63E,2019-06-12 19:55:00+00:00,2019-06-12 21:55:00+00:00,0.0,45000.0,"POLYGON ((-82.18307555883923 32.20741522283966, -82.2798257061243 29.874401186930204, -84.35 29.821716242316416, -83.16634297194972 32.28016295420759, -82.18307555883923 32.20741522283966))"
68E,2019-06-12 19:55:00+00:00,2019-06-12 21:55:00+00:00,0.0,45000.0,"POLYGON ((-81.44817553669628 32.56627656446023, -80.90272099124175 32.56627656446023, -80.90272099124175 32.020822019005685, -81.44817553669628 32.020822019005685, -81.44817553669628 32.56627656446023))"
67E,2019-06-12 19:55:00+00:00,2019-06-12 21:55:00+00:00,0.0,45000.0,"POLYGON ((-80.25179776514963 26.67990834546578, -80.15682081545293 26.06708033017096, -80.61975967462241 25.49292443151951, -80.87452603568174 26.02008999815083, -80.25179776514963 26.67990834546578))"
69C,2019-06-12 19:55:00+00:00,2019-06-12 21:55:00+00:00,0.0,37000.0,"POLYGON ((-95.20015466930629 40.75982695520589, -92.37419073275557 39.729100696904766, -93.8060529358665 39.28626929374069, -95.85134774262198 39.531613080414424, -95.20015466930629 40.75982695520589))"
72C,2019-06-12 19:55:00+00:00,2019-06-12 21:55:00+00:00,0.0,45000.0,"POLYGON ((-91.98332820959065 42.187230638901006, -92.73529090998834 40.39704167484675, -93.65 41.2954290605791, -91.98332820959065 42.187230638901006))"
71C,2019-06-12 19:55:00+00:00,2019-06-12 21:55:00+00:00,0.0,27000.0,"POLYGON ((-87.72955392049835 43.284657715839046, -87.75175059592524 41.7227721341091, -89.31758520353347 41.36413385252145, -87.72955392049835 43.284657715839046))"
64E,2019-06-12 19:55:00+00:00,2019-06-12 21:55:00+00:00,0.0,45000.0,"POLYGON ((-75.16936097829462 35.43224824078843, -74.31958095363107 34.7161654317201, -76.74267961425703 33.40369288731016, -77.87 34.183631044263606, -75.16936097829462 35.43224824078843))"
65E,2019-06-12 19:55:00+00:00,2019-06-12 21:55:00+00:00,0.0,45000.0,"POLYGON ((-79.60266010499161 30.857001422156422, -78.97913111692964 30.047082757571303, -80.77961877590428 26.933000350378148, -82.03151578496121 27.20804198493829, -79.60266010499161 30.857001422156422))"
62E,2019-06-12 19:55:00+00:00,2019-06-12 21:55:00+00:00,0.0,45000.0,"POLYGON ((-77.87 33.019048354108854, -76.74368634706377 32.03923455358845, -77.7103738594001 30.868429992317218, -79.589734327649 31.966962443600607, -77.87 33.019048354108854))"
73C,2019-06-12 19:55:00+00:00,2019-06-12 21:55:00+00:00,0.0,45000.0,"POLYGON ((-93.21066134485365 39.12415958345098, -92.22 38.81, -92.93353794394818 36.59081121853718, -94.32849503136146 37.96247935218371, -93.21066134485365 39.12415958345098))"
71E,2019-06-12 20:55:00+00:00,2019-06-12 22:55:00+00:00,,,"POLYGON ((-80.23439965852288 32.96881954162609, -81.10989628705693 32.06000005378188, -81.37363898104603 32.05972651832469, -80.11149501838472 32.81103979187186, -81.04854767993092 32.08111012512288, -81.37384640693217 32.25972641076092, -81.11010371294307 32.25999994621811, -81.17145232006908 32.23888987487711, -80.23439965852288 32.96881954162609))"
75E,2019-06-12 20:55:00+00:00,2019-06-12 22:55:00+00:00,,,"POLYGON ((-85.44023313125568 35.14114457049889, -85.53534998869793 34.74625708188999, -85.33842193439591 34.73046873541339, -85.20438557247924 32.97865375405764, -85.34091101634169 34.69942241493213, -85.24579415889944 35.09430990354103, -85.40380270872704 32.96339578005298, -85.53783907064371 34.71521076140873, -85.44023313125568 35.14114457049889))"
74E,2019-06-12 20:55:00+00:00,2019-06-12 22:55:00+00:00,0.0,45000.0,"POLYGON ((-80.15199008213247 26.813552672873755, -80.28 25.8, -80.73262609557923 25.390392131449328, -81.32458304495547 26.12036921315133, -80.15199008213247 26.813552672873755))"
77E,2019-06-12 20:55:00+00:00,2019-06-12 22:55:00+00:00,0.0,37000.0,"POLYGON ((-84.73688012374478 44.66711522435714, -83.67540679428987 44.24518964739563, -85.48910092475735 43.33465540655067, -85.6276157116273 44.536407544469284, -84.73688012374478 44.66711522435714))"
72E,2019-06-12 20:55:00+00:00,2019-06-12 22:55:00+00:00,0.0,45000.0,"POLYGON ((-81.9012649535951 32.43416365365805, -81.57401721258921 30.206418276454894, -82.6983549824623 29.292855333611957, -84.35 29.821716242316416, -83.65000000000002 32.256287181737314, -81.9012649535951 32.43416365365805))"
73E,2019-06-12 20:55:00+00:00,2019-06-12 22:55:00+00:00,0.0,45000.0,"POLYGON ((-80.33745077959463 30.334769376460603, -79.26012456264637 29.95114985645965, -80.27641007961128 27.080576602942866, -81.78 26.819141878841787, -80.33745077959463 30.334769376460603))"
74C,2019-06-12 20:55:00+00:00,2019-06-12 22:55:00+00:00,0.0,37000.0,"POLYGON ((-87.47553267406413 40.86597407700024, -87.59669525155016 39.600135432584445, -90.23 38.10371281826268, -89.80001556926068 39.73620912368423, -87.47553267406413 40.86597407700024))"
78C,2019-06-12 20:55:00+00:00,2019-06-12 22:55:00+00:00,0.0,37000.0,"POLYGON ((-96.13770816597669 40.06641136066326, -91.6566196337173 39.849391066405474, -92.7330252002244 38.64290231880947, -95.17257522532977 38.489325327432645, -96.13770816597669 40.06641136066326))"
80C,2019-06-12 20:55:00+00:00,2019-06-12 22:55:00+00:00,0.0,45000.0,"POLYGON ((-95.9759438500132 37.77084196759305, -93.87565551924625 37.35874677808657, -94.81673546751372 36.85270059906422, -96.5710122761696 37.4137413568798, -95.9759438500132 37.77084196759305))"
79C,2019-06-12 20:55:00+00:00,2019-06-12 22:55:00+00:00,0.0,45000.0,"POLYGON ((-90.82252305617844 38.74884961253526, -92.02365304117882 36.105210351059846, -93.87565551924625 37.35874677808657, -92.7330252002244 38.64290231880947, -90.82252305617844 38.74884961253526))"
76C,2019-06-12 20:55:00+00:00,2019-06-12 22:55:00+00:00,0.0,30000.0,"POLYGON ((-89.80906299319572 41.49696015071396, -89.6660813665368 41.357116472136894, -91.20850918667054 39.78007816071147, -91.35149081332946 39.919921839288534, -89.80906299319572 41.49696015071396))"
70E,2019-06-12 20:55:00+00:00,2019-06-12 22:55:00+00:00,0.0,45000.0,"POLYGON ((-76.93560817709788 34.66478773594719, -76.81696033297256 32.19359480289175, -77.57646203349829 30.748220972592204, -79.12806886424768 32.568355169818716, -76.93560817709788 34.66478773594719))"
76E,2019-06-12 20:55:00+00:00,2019-06-12 22:55:00+00:00,0.0,37000.0,"POLYGON ((-82.63738286037945 39.21899598136912, -82.77806431958969 38.159403722977956, -84.31839842295123 37.02981778732473, -83.84347573913568 39.016868325683724, -82.63738286037945 39.21899598136912))"
69E,2019-06-12 20:55:00+00:00,2019-06-12 22:55:00+00:00,0.0,45000.0,"POLYGON ((-74.11705479269541 36.242286206557836, -72.61449218536606 34.997111206835285, -73.7612320341291 34.23553982536499, -75.63474990650363 35.18282238171873, -74.11705479269541 36.242286206557836))"
75C,2019-06-12 20:55:00+00:00,2019-06-12 22:55:00+00:00,0.0,27000.0,"POLYGON ((-87.43419620944036 43.37155981411079, -87.48723256563433 41.861926530555344, -90.06130501466006 41.5119642580819, -89.58520308185031 43.24245668157649, -87.43419620944036 43.37155981411079))"
77C,2019-06-12 20:55:00+00:00,2019-06-12 22:55:00+00:00,0.0,45000.0,"POLYGON ((-90.91835483954843 42.46347811783078, -91.93010037896319 39.84818561523695, -93.19139520981113 39.93744237814408, -92.40281849536122 42.10549501979, -90.91835483954843 42.46347811783078))"
HOTEL 4,2019-06-12 21:05:00+00:00,2019-06-13 01:05:00+00:00,0.0,42000.0,"POLYGON ((-91.55 28.15, -88.5 28.1, -90 24.3, -93.5 24.55, -91.55 28.15))"
INDIA 3,2019-06-12 21:10:00+00:00,2019-06-13 01:10:00+00:00,0.0,46000.0,"POLYGON ((-74.3 31, -73.15 23.3, -74.4 21.4, -78.3 24.25, -74.3 31))"
84E,2019-06-12 21:55:00+00:00,2019-06-12 23:55:00+00:00,,,"POLYGON ((-86.21689697915804 36.8367883508413, -86.66366048332179 33.68357558702912, -86.48326199362332 33.72765137362377, -84.2686126396455 30.62556102684375, -86.46563822463384 33.65551876853302, -86.01887472047008 36.80873153234521, -84.43138736035449 30.50935263515835, -86.64603671433231 33.61144298193837, -86.21689697915804 36.8367883508413))"
86E,2019-06-12 21:55:00+00:00,2019-06-12 23:55:00+00:00,0.0,29000.0,"POLYGON ((-84.11233635288325 44.95887230942483, -83.53295270950133 44.34768365632618, -84.81960038847485 43.7489214566247, -85.36200839466105 44.72517080683079, -84.11233635288325 44.95887230942483))"
80E,2019-06-12 21:55:00+00:00,2019-06-12 23:55:00+00:00,0.0,45000.0,"POLYGON ((-79.72148011674906 33.0002461946522, -80.86902970905838 31.955317399558623, -83.97653536646101 31.548967045717415, -82.61935226660862 32.68578639421314, -79.72148011674906 33.0002461946522))"
85E,2019-06-12 21:55:00+00:00,2019-06-12 23:55:00+00:00,0.0,32000.0,"POLYGON ((-83.25372170974947 39.63696235227416, -82.3159065097736 39.28391758975932, -82.68074602949493 38.23705444012832, -83.76040360543843 37.6973198015194, -83.25372170974947 39.63696235227416))"
83C,2019-06-12 21:55:00+00:00,2019-06-12 23:55:00+00:00,0.0,36000.0,"POLYGON ((-92.60106137211392 42.86638187195628, -90.71 42.4, -91.28000000000002 39.70542906057911, -92.87718782243037 39.59537932577007, -92.60106137211392 42.86638187195628))"
82C,2019-06-12 21:55:00+00:00,2019-06-12 23:55:00+00:00,0.0,27000.0,"POLYGON ((-89.66587599271223 41.36970797750165, -89.51412400728778 41.239433901340135, -90.93860260549381 39.5801056463126, -91.09035459091827 39.710379722474116, -89.66587599271223 41.36970797750165))"
86C,2019-06-12 21:55:00+00:00,2019-06-12 23:55:00+00:00,0.0,28000.0,"POLYGON ((-95.40937481249108 37.56051465097644, -93.7142722574464 37.0526961127479, -94.50178814866086 36.55607561742066, -96.10699670217932 37.1565440344166, -95.40937481249108 37.56051465097644))"
2W,2019-06-12 21:55:00+00:00,2019-06-12 23:55:00+00:00,0.0,45000.0,"POLYGON ((-117.6104629818449 44.53349061462889, -117.54462208376879 44.3446388840556, -119.05421067090593 43.81833887080788, -119.12005156898205 44.00719060138117, -117.6104629818449 44.53349061462889))"
83E,2019-06-12 21:55:00+00:00,2019-06-12 23:55:00+00:00,0.0,45000.0,"POLYGON ((-80.09 27.17910686720918, -80.10936895936231 25.736233821048863, -81.13132408181599 25.479191370833874, -81.25188172531213 26.99958848212218, -80.09 27.17910686720918))"
79E,2019-06-12 21:55:00+00:00,2019-06-12 23:55:00+00:00,0.0,45000.0,"POLYGON ((-76.55987715820574 34.78869940334471, -75.91327822438343 32.68738613299373, -76.45303518777929 31.421377468498545, -79.20604317188123 32.18138456379657, -76.55987715820574 34.78869940334471))"
81E,2019-06-12 21:55:00+00:00,2019-06-12 23:55:00+00:00,0.0,45000.0,"POLYGON ((-82.90040970420019 31.5394070077945, -81.51 30.83910686720918, -81.51610198412087 29.65230753044143, -82.75887385604724 28.98486294275094, -84.35 29.73452417705442, -82.90040970420019 31.5394070077945))"
82E,2019-06-12 21:55:00+00:00,2019-06-12 23:55:00+00:00,0.0,45000.0,"POLYGON ((-78.97913111692964 30.047082757571303, -79.80343188575256 27.2945315003023, -81.42178211179476 27.298075897506365, -80.22598631268453 29.61542223753737, -78.97913111692964 30.047082757571303))"
78E,2019-06-12 21:55:00+00:00,2019-06-12 23:55:00+00:00,0.0,43000.0,"POLYGON ((-72.67399383088501 36.208824888541756, -72.61449218536606 34.997111206835285, -73.7612320341291 34.23553982536499, -75.45232160042883 34.326234603038515, -74.11705479269541 36.242286206557836, -72.67399383088501 36.208824888541756))"
81C,2019-06-12 21:55:00+00:00,2019-06-12 23:55:00+00:00,0.0,27000.0,"POLYGON ((-87.40832729691151 41.174328534907474, -87.25 39.98910686720918, -88.7385531450642 38.24428950742302, -89.46132499276402 39.929450924000875, -87.40832729691151 41.174328534907474))"
85C,2019-06-12 21:55:00+00:00,2019-06-12 23:55:00+00:00,0.0,37000.0,"POLYGON ((-91.120953665011 38.85824844143621, -91.18781996206134 36.57088014937359, -92.18 35.67821373441835, -93.48954805360304 37.052482923472624, -93.5717906209856 37.820869202567536, -91.120953665011 38.85824844143621))"
84C,2019-06-12 21:55:00+00:00,2019-06-12 23:55:00+00:00,0.0,39000.0,"POLYGON ((-91.28000000000002 39.68363104426361, -91.120953665011 38.85824844143621, -93.5717906209856 37.820869202567536, -95.27585081831934 38.52205021385549, -95.81475270641053 39.28505953289656, -91.28000000000002 39.68363104426361))"
3W,2019-06-12 21:55:00+00:00,2019-06-12 23:55:00+00:00,0.0,45000.0,"POLYGON ((-119.56612328473547 44.62233374943523, -120.02867722827635 42.841918309369156, -122.10487802645622 43.065401693484795, -121.94582971630264 44.439184437158985, -119.56612328473547 44.62233374943523))"
1W,2019-06-12 21:55:00+00:00,2019-06-12 23:55:00+00:00,0.0,45000.0,"POLYGON ((-112.21717939396444 45.014234117914995, -114.49000000000001 43.81095164589114, -114.2591787572366 44.712449670021016, -112.21717939396444 45.014234117914995))"
GOLF 4,2019-06-12 22:30:00+00:00,2019-06-13 02:30:00+00:00,0.0,46000.0,"POLYGON ((-85.4 28.3, -83.45 25.35, -89.35 25.45, -88.55 27.3, -85.4 28.3))"
92E,2019-06-12 22:55:00+00:00,2019-06-13 00:55:00+00:00,,,"POLYGON ((-80.16854286372842 27.8960641139226, -79.93621414374067 26.63090889382964, -80.18391833287593 25.7722815360696, -80.36494084146369 27.85827741862528, -80.13049479973238 26.63973401011139, -80.37608166712407 25.82771846393041, -80.1283774779888 26.68634582169045, -79.9340968219971 26.67752070540871, -80.16854286372842 27.8960641139226))"
93E,2019-06-12 22:55:00+00:00,2019-06-13 00:55:00+00:00,,,"POLYGON ((-85.34478156274409 37.84443064547528, -85.23782534931426 33.31014296280026, -85.25521188437611 33.36417281247353, -84.02224473695547 31.55837450403054, -85.43776973165477 33.30542661140653, -85.5447259450846 37.83971429408155, -84.18741604917228 31.44559845329026, -85.42038319659292 33.25139676173325, -85.34478156274409 37.84443064547528))"
88C,2019-06-12 22:55:00+00:00,2019-06-13 00:55:00+00:00,,,"POLYGON ((-91.1555806166566 43.9844340001602, -91.00164952864084 42.34884510562027, -91.63746526187606 41.26312973146109, -91.35446396507233 43.96332917315447, -91.18738311826621 42.38882689176061, -91.81004909271107 41.3641981307475, -91.17423335947585 42.44991350490668, -90.98849976985048 42.40993171876634, -91.1555806166566 43.9844340001602))"
91E,2019-06-12 22:55:00+00:00,2019-06-13 00:55:00+00:00,0.0,45000.0,"POLYGON ((-78.36252219180106 31.447590748595843, -77.54323215293455 30.71832348992393, -79.20685074925281 28.798575949269697, -80.04533213853725 30.215820689740948, -78.36252219180106 31.447590748595843))"
89C,2019-06-12 22:55:00+00:00,2019-06-13 00:55:00+00:00,0.0,39000.0,"POLYGON ((-91.9757016164809 40.85158671350324, -90.19364324442986 39.393916218095335, -91.11521125213825 36.054561659464404, -95.77891872100993 38.26294988058969, -93.70945577716542 38.95349750043532, -91.9757016164809 40.85158671350324))"
90E,2019-06-12 22:55:00+00:00,2019-06-13 00:55:00+00:00,0.0,45000.0,"POLYGON ((-81.51 30.672737911472797, -80.54617241639168 30.336465830354832, -82.06385355345738 29.29661144503285, -83.93108579249736 29.278757565572914, -81.51 30.672737911472797))"
87E,2019-06-12 22:55:00+00:00,2019-06-13 00:55:00+00:00,0.0,43000.0,"POLYGON ((-72.67399383088501 36.208824888541756, -72.61449218536606 34.997111206835285, -74.03960245309027 34.47617000801013, -75.45232160042883 34.326234603038515, -74.11705479269541 36.242286206557836, -72.67399383088501 36.208824888541756))"
89E,2019-06-12 22:55:00+00:00,2019-06-13 00:55:00+00:00,0.0,45000.0,"POLYGON ((-81.45770010703598 33.11980648720882, -79.48968410151325 33.07979535164336, -80.68617845248335 31.04326247893941, -83.05214640291862 31.729856691630072, -81.45770010703598 33.11980648720882))"
88E,2019-06-12 22:55:00+00:00,2019-06-13 00:55:00+00:00,0.0,45000.0,"POLYGON ((-76.72525009349638 35.18282238171873, -75.10928185556631 33.36391611371047, -76.45303518777929 31.421377468498545, -78.7939420029141 31.825042268081663, -76.72525009349638 35.18282238171873))"
87C,2019-06-12 22:55:00+00:00,2019-06-13 00:55:00+00:00,0.0,27000.0,"POLYGON ((-87.1410692438233 41.512403750883266, -86.82030868294656 40.09861560884242, -88.05749703939473 39.991909033510744, -88.32 41.05089313279082, -87.1410692438233 41.512403750883266))"
5W,2019-06-12 22:55:00+00:00,2019-06-13 00:55:00+00:00,0.0,45000.0,"POLYGON ((-116.85736044436003 44.57716754455555, -120.0922663058021 42.61657572777786, -122.10487802645622 43.065401693484795, -121.62978588314526 44.48480808063139, -116.85736044436003 44.57716754455555))"
4W,2019-06-12 22:55:00+00:00,2019-06-13 00:55:00+00:00,0.0,45000.0,"POLYGON ((-112.331429222587 45.31345835788801, -111.94198074492041 44.55080292822353, -114.49000000000001 43.478213734418354, -114.2591787572366 44.712449670021016, -112.331429222587 45.31345835788801))"
90C,2019-06-12 23:55:00+00:00,2019-06-13 01:55:00+00:00,,,"POLYGON ((-90.06828346733163 43.61328477469484, -91.0140027293619 42.46329395104451, -91.02323366162076 42.45000913765576, -91.69646783810975 41.29113787041589, -90.85952891766011 42.33625914676503, -89.91380965562983 43.48624997041536, -91.52353216189024 41.19067269291391, -90.85029798540126 42.34954396015377, -90.06828346733163 43.61328477469484))"
96E,2019-06-12 23:55:00+00:00,2019-06-13 01:55:00+00:00,0.0,42000.0,"POLYGON ((-81.67076407848872 33.300126195925685, -79.40216614617954 33.10968155047395, -80.26630783981624 30.776715557400117, -82.00111542142939 31.5389924952312, -81.67076407848872 33.300126195925685))"
01E,2019-06-12 23:55:00+00:00,2019-06-13 01:55:00+00:00,0.0,39000.0,"POLYGON ((-85.03361466809962 37.603553575930235, -84.8363417810372 37.5706384117948, -85.38618019272417 34.27525120227033, -85.58345307978658 34.308166366405764, -85.03361466809962 37.603553575930235))"
02E,2019-06-12 23:55:00+00:00,2019-06-13 01:55:00+00:00,0.0,34000.0,"POLYGON ((-82.80843412500039 40.550493832774755, -82.88299669884549 38.47027014585068, -84.4875708701815 38.61910844694945, -84.1856375669269 40.55704115919584, -82.80843412500039 40.550493832774755))"
98E,2019-06-12 23:55:00+00:00,2019-06-13 01:55:00+00:00,0.0,45000.0,"POLYGON ((-79.42176176617433 28.721130054814907, -79.22748095508125 28.67364356788429, -79.69360591450364 26.766592930096937, -79.88788672559672 26.814079417027553, -79.42176176617433 28.721130054814907))"
99E,2019-06-12 23:55:00+00:00,2019-06-13 01:55:00+00:00,0.0,45000.0,"POLYGON ((-83.80880238598145 32.74522488321456, -82.7504194033939 31.744229364295585, -83.811696855156 31.25019924335483, -84.772531624024 32.068001113887796, -83.80880238598145 32.74522488321456))"
91C,2019-06-12 23:55:00+00:00,2019-06-13 01:55:00+00:00,0.0,37000.0,"POLYGON ((-89.73197228959936 40.01336942851551, -90.29055390065137 35.886891637570486, -91.55457083736545 35.189541308570945, -94.47853740940674 36.2494650571513, -94.66837952682026 39.423544214488686, -89.73197228959936 40.01336942851551))"
94E,2019-06-12 23:55:00+00:00,2019-06-13 01:55:00+00:00,0.0,43000.0,"POLYGON ((-72.67399383088501 36.208824888541756, -72.61449218536606 34.997111206835285, -73.7612320341291 34.23553982536499, -74.74260663020704 35.07494773982172, -73.91083226975601 36.2385671361986, -72.67399383088501 36.208824888541756))"
97E,2019-06-12 23:55:00+00:00,2019-06-13 01:55:00+00:00,0.0,44000.0,"POLYGON ((-81.51 30.83910686720918, -80.07781633330929 30.841531081602895, -81.11 29.632737911472784, -83.40310348959841 29.47219943584568, -81.51 30.83910686720918))"
95E,2019-06-12 23:55:00+00:00,2019-06-13 01:55:00+00:00,0.0,45000.0,"POLYGON ((-74.60118707224883 34.955516670633756, -77.17672267238457 30.38677481867236, -78.8209924521177 29.280485096039094, -78.40326322893375 32.30632635237686, -76.55987715820574 34.78869940334471, -74.60118707224883 34.955516670633756))"
7W,2019-06-12 23:55:00+00:00,2019-06-13 01:55:00+00:00,0.0,45000.0,"POLYGON ((-112.31656535082938 45.99459050817757, -110.73 44.94095164589113, -114.49000000000001 43.478213734418354, -114.08 45.68547582294558, -112.31656535082938 45.99459050817757))"
6W,2019-06-12 23:55:00+00:00,2019-06-13 01:55:00+00:00,0.0,42000.0,"POLYGON ((-110.37463148418965 44.224272709214844, -109.10255491352852 42.86897352973937, -110.28208188292363 42.27246112527226, -111.36887194231834 43.799224655390915, -110.37463148418965 44.224272709214844))"
8W,2019-06-12 23:55:00+00:00,2019-06-13 01:55:00+00:00,0.0,45000.0,"POLYGON ((-116.86165592929758 44.959151105735785, -118.07856372394201 42.52614411156787, -122.10487802645622 43.065401693484795, -121.56875913966076 44.71080117283765, -116.86165592929758 44.959151105735785))"
5E,2019-06-13 00:55:00+00:00,2019-06-13 02:55:00+00:00,0.0,40000.0,"POLYGON ((-81.51 30.77371281826269, -81.00746429379815 30.339039231886876, -81.11 29.58914187884179, -82.74311007759157 29.48899722219242, -81.51 30.77371281826269))"
3E,2019-06-13 00:55:00+00:00,2019-06-13 02:55:00+00:00,0.0,35000.0,"POLYGON ((-79.30032971061323 28.834096137655695, -79.11337178789239 28.7630557608837, -79.6442922891831 27.365825079382734, -79.83125021190394 27.43686545615473, -79.30032971061323 28.834096137655695))"
4E,2019-06-13 00:55:00+00:00,2019-06-13 02:55:00+00:00,0.0,44000.0,"POLYGON ((-79.46020082685045 33.829139375640274, -80.73400419422445 30.614333829394287, -81.47105246910289 31.852805846331467, -81.67076407848872 33.300126195925685, -79.46020082685045 33.829139375640274))"
8E,2019-06-13 00:55:00+00:00,2019-06-13 02:55:00+00:00,0.0,41000.0,"POLYGON ((-84.55150297273853 32.19399812054296, -82.99190034777105 31.94800536386035, -83.6927717043872 31.147473050320073, -84.55150297273853 32.19399812054296))"
6E,2019-06-13 00:55:00+00:00,2019-06-13 02:55:00+00:00,0.0,33000.0,"POLYGON ((-82.42836755895556 41.41855179079693, -81.34449910331475 40.184793964076796, -82.68074602949493 38.23705444012832, -84.4875708701815 38.61910844694945, -84.04 40.86828375768358, -82.42836755895556 41.41855179079693))"
7E,2019-06-13 00:55:00+00:00,2019-06-13 02:55:00+00:00,0.0,36000.0,"POLYGON ((-84.9451545950889 38.09870726699549, -84.74516450450577 38.09671637057518, -84.78172188077109 34.42444446522804, -84.98171197135422 34.42643536164835, -84.9451545950889 38.09870726699549))"
1C,2019-06-13 00:55:00+00:00,2019-06-13 02:55:00+00:00,0.0,30000.0,"POLYGON ((-91.1232817830853 42.09257436004088, -90.21818774361068 38.655253165980845, -92.07853043043956 38.54278228688097, -94.22349722163592 39.122882947038015, -91.1232817830853 42.09257436004088))"
3W,2019-06-13 00:55:00+00:00,2019-06-13 02:55:00+00:00,0.0,45000.0,"POLYGON ((-121.30000000000001 44.972854697104474, -116.51886653935536 44.23531670710122, -117.86999999999999 42.300858121158214, -122.21123648400399 42.98902372464677, -121.30000000000001 44.972854697104474))"
4W,2019-06-13 00:55:00+00:00,2019-06-13 02:55:00+00:00,0.0,40000.0,"POLYGON ((-119.8568647006503 39.80653384599185, -118.21064445933817 38.237258202685254, -118.34864219617614 38.092494171836435, -119.99486243748828 39.66176981514303, -119.8568647006503 39.80653384599185))"
1E,2019-06-13 00:55:00+00:00,2019-06-13 02:55:00+00:00,0.0,43000.0,"POLYGON ((-72.67399383088501 36.208824888541756, -72.61449218536606 34.997111206835285, -76.38968157471629 33.83174298847364, -76.93560817709788 34.66478773594719, -72.67399383088501 36.208824888541756))"
2E,2019-06-13 00:55:00+00:00,2019-06-13 02:55:00+00:00,0.0,45000.0,"POLYGON ((-77.41230822478333 33.42691662199826, -76.74267961425703 33.40369288731016, -77.90182995378836 30.407647758682796, -78.62090868383004 30.168248924699977, -77.41230822478333 33.42691662199826))"
2C,2019-06-13 00:55:00+00:00,2019-06-13 02:55:00+00:00,0.0,30000.0,"POLYGON ((-91.62007555013886 38.33789878705725, -89.32 36.1863689557364, -91.05336744560324 35.056824231255355, -95.34784337607283 37.27754885407108, -91.62007555013886 38.33789878705725))"
1W,2019-06-13 00:55:00+00:00,2019-06-13 02:55:00+00:00,0.0,42000.0,"POLYGON ((-110.37463148418965 44.224272709214844, -109.10255491352852 42.86897352973937, -110.28208188292363 42.27246112527226, -111.36887194231834 43.799224655390915, -110.37463148418965 44.224272709214844))"
5W,2019-06-13 00:55:00+00:00,2019-06-13 02:55:00+00:00,0.0,43000.0,"POLYGON ((-105.21057237025578 38.03274323767305, -104.87 36.98910686720917, -106.79765750532248 37.988635050861966, -105.21057237025578 38.03274323767305))"
2W,2019-06-13 00:55:00+00:00,2019-06-13 02:55:00+00:00,0.0,45000.0,"POLYGON ((-113.06213249352761 46.28625608869751, -109.94773614110636 44.861097788918535, -114.49000000000001 43.478213734418354, -115.66315566724184 45.69093846030251, -113.06213249352761 46.28625608869751))"
GOLF 5,2019-06-13 01:05:00+00:00,2019-06-13 05:05:00+00:00,0.0,48000.0,"POLYGON ((-90.3 26.45, -84.45 26.45, -84.55 25.1, -91 25.25, -90.3 26.45))"
10E,2019-06-13 01:55:00+00:00,2019-06-13 03:55:00+00:00,0.0,39000.0,"POLYGON ((-77.1324569062869 33.73442157498012, -76.88793019501988 32.342563492319755, -78.01359667905405 30.370772404533813, -77.87 32.75971966637016, -77.1324569062869 33.73442157498012))"
13E,2019-06-13 01:55:00+00:00,2019-06-13 03:55:00+00:00,0.0,33000.0,"POLYGON ((-83.37 41.63171624231643, -81.85 41.42, -81.08777688114007 40.22414651748383, -82.68074602949493 38.23705444012832, -84.04 39.85628718173733, -83.37 41.63171624231643))"
6W,2019-06-13 01:55:00+00:00,2019-06-13 03:55:00+00:00,0.0,40000.0,"POLYGON ((-109.73170097240353 43.60565642187402, -108.99828319073431 42.946728832492326, -110.11 42.29085812115821, -110.47343030697016 42.69007616184744, -109.73170097240353 43.60565642187402))"
9E,2019-06-13 01:55:00+00:00,2019-06-13 03:55:00+00:00,0.0,45000.0,"POLYGON ((-75.05268916765571 36.50247390278333, -73.08616631909956 36.2201531071537, -74.95457283026558 33.79440484970139, -76.25804524564349 34.33943617623588, -75.05268916765571 36.50247390278333))"
12E,2019-06-13 01:55:00+00:00,2019-06-13 03:55:00+00:00,0.0,44000.0,"POLYGON ((-85.36901924384196 31.273458639239355, -82.51 31.04089313279082, -82.37741804946413 29.010101918639464, -85.21964188647294 28.552661215843553, -86.68 29.998155221318033, -85.36901924384196 31.273458639239355))"
14E,2019-06-13 01:55:00+00:00,2019-06-13 03:55:00+00:00,0.0,36000.0,"POLYGON ((-83.94914711544816 38.429380624971486, -83.21752607443453 37.73251502509626, -84.44 34.29547582294557, -85.59314934811667 33.817939894501365, -85.64999020425351 36.13559036143849, -83.94914711544816 38.429380624971486))"
11E,2019-06-13 01:55:00+00:00,2019-06-13 03:55:00+00:00,0.0,30000.0,"POLYGON ((-79.282603940839 28.73352261360218, -78.21648200970473 28.48908274740241, -78.36017565993521 27.306171963528065, -79.36281421450062 27.675438843385773, -79.282603940839 28.73352261360218))"
3C,2019-06-13 01:55:00+00:00,2019-06-13 03:55:00+00:00,0.0,30000.0,"POLYGON ((-91.98013874390044 36.92909292811939, -88.74850564720835 36.20964549582819, -90.26812548498647 35.25494108293, -94.04089690822575 36.40367885366363, -91.98013874390044 36.92909292811939))"
9W,2019-06-13 01:55:00+00:00,2019-06-13 03:55:00+00:00,0.0,41000.0,"POLYGON ((-115.77143672122487 40.002230782610994, -115.04844539043054 39.236164839753364, -119.03667319165994 37.993206818939285, -119.46053485428291 39.59349627696597, -115.77143672122487 40.002230782610994))"
7W,2019-06-13 01:55:00+00:00,2019-06-13 03:55:00+00:00,0.0,45000.0,"POLYGON ((-112.67652300036553 46.6077004517188, -108.92517546607021 44.53425061977762, -114.08 44.021786265581646, -114.75122449379401 45.48860742763622, -112.67652300036553 46.6077004517188))"
8W,2019-06-13 01:55:00+00:00,2019-06-13 03:55:00+00:00,0.0,45000.0,"POLYGON ((-121.30000000000001 45.081844778681976, -116.19 43.71636895573639, -117.86999999999999 42.25726208852722, -121.75299632707134 42.101259517111146, -121.30000000000001 45.081844778681976))"
10W,2019-06-13 01:55:00+00:00,2019-06-13 03:55:00+00:00,0.0,40000.0,"POLYGON ((-104.82097473296646 38.162017412356676, -104.7109850579772 36.79730441391463, -106.79765750532248 37.988635050861966, -104.82097473296646 38.162017412356676))"
14W,2019-06-13 02:55:00+00:00,2019-06-13 04:55:00+00:00,0.0,38000.0,"POLYGON ((-104.76982672615209 38.178859717585816, -104.33053544035198 36.48878578176173, -106.75949369403027 37.91539993584408, -104.76982672615209 38.178859717585816))"
13W,2019-06-13 02:55:00+00:00,2019-06-13 04:55:00+00:00,0.0,45000.0,"POLYGON ((-118.42164531622029 44.838367631930005, -116.19 43.4054290605791, -118.42180118094859 42.17976253571044, -122.00048990810322 42.75303859365651, -118.42164531622029 44.838367631930005))"
11W,2019-06-13 02:55:00+00:00,2019-06-13 04:55:00+00:00,0.0,41000.0,"POLYGON ((-109.2242589157982 43.73291312895746, -108.99828319073431 42.946728832492326, -109.81200325434939 42.045347400464, -111.64459446434907 43.67969126589484, -109.2242589157982 43.73291312895746))"
16E,2019-06-13 02:55:00+00:00,2019-06-13 04:55:00+00:00,0.0,37000.0,"POLYGON ((-79.96579815306842 33.61480023112467, -78.65320077223997 32.882346770485604, -80.75705420755645 29.426869312067325, -81.51 30.00726208852722, -79.96579815306842 33.61480023112467))"
18E,2019-06-13 02:55:00+00:00,2019-06-13 04:55:00+00:00,0.0,30000.0,"POLYGON ((-83.71527602259764 38.697518366774, -82.92621756800199 38.04071865631651, -83.96844459165408 35.74626960234814, -85.52567732039249 35.086755193544505, -84.98603941801056 36.320924300493395, -83.71527602259764 38.697518366774))"
15E,2019-06-13 02:55:00+00:00,2019-06-13 04:55:00+00:00,0.0,45000.0,"POLYGON ((-75.45596850153912 35.669609064995846, -73.72826481178812 35.40721542071722, -73.90021744915809 34.35593367745108, -76.25804524564349 34.33943617623588, -75.45596850153912 35.669609064995846))"
17E,2019-06-13 02:55:00+00:00,2019-06-13 04:55:00+00:00,0.0,23000.0,"POLYGON ((-83.57953212021857 42.85224717803844, -82.89616742566581 41.856099924934846, -81.12829137886939 40.25487352357875, -82.22691088497842 38.686168113093, -84.71999954013063 41.33197033095816, -83.57953212021857 42.85224717803844))"
12W,2019-06-13 02:55:00+00:00,2019-06-13 04:55:00+00:00,0.0,44000.0,"POLYGON ((-112.13431279558654 46.302441673377, -110.011775178015 44.837420542850964, -114.08 44.520893132790825, -114.75122449379401 45.48860742763622, -112.13431279558654 46.302441673377))"
22E,2019-06-13 03:55:00+00:00,2019-06-13 05:55:00+00:00,0.0,34000.0,"POLYGON ((-82.52019795784453 37.81400715351357, -83.3545849597012 35.89881173666279, -85.47638896974979 35.07021342502645, -84.87217416713737 36.414192204980985, -82.52019795784453 37.81400715351357))"
21E,2019-06-13 03:55:00+00:00,2019-06-13 05:55:00+00:00,0.0,26000.0,"POLYGON ((-85.16544413558768 44.001519276033065, -82.72 43.26, -83.09485731332562 42.005216431895285, -85.71943231053254 40.81281257039232, -85.16544413558768 44.001519276033065))"
17W,2019-06-13 03:55:00+00:00,2019-06-13 05:55:00+00:00,0.0,45000.0,"POLYGON ((-117.97624574441244 44.957520190068884, -116.21 44.27089313279082, -116.41904732689363 42.13513993101227, -121.86266572494836 42.79358003067654, -117.97624574441244 44.957520190068884))"
18W,2019-06-13 03:55:00+00:00,2019-06-13 05:55:00+00:00,0.0,38000.0,"POLYGON ((-103.98690504844771 37.566052895301496, -104.66247710936061 36.89051908481228, -105.63813725689734 37.3498608018776, -103.98690504844771 37.566052895301496))"
20E,2019-06-13 03:55:00+00:00,2019-06-13 05:55:00+00:00,0.0,37000.0,"POLYGON ((-78.91862436135952 33.973100784095685, -78.58406964409272 32.372222172806104, -80.0485238224346 29.677802702842087, -80.20535714427434 31.83844689022277, -78.91862436135952 33.973100784095685))"
19E,2019-06-13 03:55:00+00:00,2019-06-13 05:55:00+00:00,0.0,45000.0,"POLYGON ((-75.2307883377674 35.93791113212833, -73.72826481178812 35.40721542071722, -74.03960245309027 34.47617000801013, -76.25804524564349 34.33943617623588, -75.2307883377674 35.93791113212833))"
15W,2019-06-13 03:55:00+00:00,2019-06-13 05:55:00+00:00,0.0,38000.0,"POLYGON ((-108.98759696955459 43.457940000710224, -109.27721893154497 42.05082917011303, -109.6334002890859 42.226087198708484, -110.24541635206265 43.25605096952405, -108.98759696955459 43.457940000710224))"
16W,2019-06-13 03:55:00+00:00,2019-06-13 05:55:00+00:00,0.0,45000.0,"POLYGON ((-112.13431279558654 46.302441673377, -110.011775178015 44.837420542850964, -114.08 44.520893132790825, -114.75122449379401 45.48860742763622, -112.13431279558654 46.302441673377))"
24E,2019-06-13 04:55:00+00:00,2019-06-13 06:55:00+00:00,0.0,43000.0,"POLYGON ((-78.20242205123692 33.68171912484895, -78.59893688826263 31.654990326569408, -79.92582316061981 30.317046363722408, -80.32352417053127 31.88094200419871, -78.20242205123692 33.68171912484895))"
22W,2019-06-13 04:55:00+00:00,2019-06-13 06:55:00+00:00,0.0,45000.0,"POLYGON ((-117.32189336685292 40.26262064685194, -116.92 39.558003424053744, -119.05416058399753 37.993017943970415, -120.44259721232541 38.43478854048753, -120.18075671028728 39.69481434820488, -117.32189336685292 40.26262064685194))"
23E,2019-06-13 04:55:00+00:00,2019-06-13 06:55:00+00:00,0.0,45000.0,"POLYGON ((-73.29229546766555 36.225287081814514, -74.03960245309027 34.47617000801013, -75.8551517234846 34.333495027530304, -75.2307883377674 35.93791113212833, -73.29229546766555 36.225287081814514))"
25E,2019-06-13 04:55:00+00:00,2019-06-13 06:55:00+00:00,0.0,29000.0,"POLYGON ((-84.73121342929083 44.078852437569964, -82.54426330086417 43.56727566625649, -83.28383398780484 42.363672677527184, -86.00568799360215 41.53428953031543, -84.73121342929083 44.078852437569964))"
27E,2019-06-13 04:55:00+00:00,2019-06-13 06:55:00+00:00,0.0,45000.0,"POLYGON ((-86.5431677189504 30.71228747436399, -84.70594675799578 30.272184121928948, -86.02206625453677 29.444992833966868, -88.1766893803871 28.465932883794697, -88.36 29.565417309845248, -86.5431677189504 30.71228747436399))"
26E,2019-06-13 04:55:00+00:00,2019-06-13 06:55:00+00:00,0.0,34000.0,"POLYGON ((-82.59302549411288 37.672705993824664, -82.70177205506896 36.24763549935512, -85.30595572633567 35.26731019226064, -84.98603941801056 36.320924300493395, -82.59302549411288 37.672705993824664))"
21W,2019-06-13 04:55:00+00:00,2019-06-13 06:55:00+00:00,0.0,43000.0,"POLYGON ((-116.03159022549136 44.462450887238504, -115.61783862353315 42.47447091526406, -121.54689695735046 42.16697907022537, -118.63114939250156 44.24883502918434, -116.03159022549136 44.462450887238504))"
19W,2019-06-13 04:55:00+00:00,2019-06-13 06:55:00+00:00,0.0,40000.0,"POLYGON ((-108.98759696955459 43.457940000710224, -108.76278106845504 42.05082917011303, -109.6334002890859 42.226087198708484, -110.08514170725603 43.13761628962574, -108.98759696955459 43.457940000710224))"
20W,2019-06-13 04:55:00+00:00,2019-06-13 06:55:00+00:00,0.0,41000.0,"POLYGON ((-111.60898563900187 46.37421061052071, -110.011775178015 44.837420542850964, -113.72353765089818 44.40462214768829, -114.35240774162872 45.48079258696835, -111.60898563900187 46.37421061052071))"
29E,2019-06-13 05:55:00+00:00,2019-06-13 07:55:00+00:00,0.0,45000.0,"POLYGON ((-77.87 33.62714530289553, -78.2447075771561 31.343728522137184, -79.32619653389588 31.096410431406103, -79.64820787547548 32.08799134581459, -77.87 33.62714530289553))"
4C,2019-06-13 05:55:00+00:00,2019-06-13 07:55:00+00:00,0.0,39000.0,"POLYGON ((-102.97369194759591 38.733924384156296, -101.95415152200673 38.19770358309501, -101.57337807653033 37.64036108468282, -103.08342103792656 37.6677888476649, -102.97369194759591 38.733924384156296))"
24W,2019-06-13 05:55:00+00:00,2019-06-13 07:55:00+00:00,0.0,42000.0,"POLYGON ((-115.83444702720759 44.65873402754245, -115.07806529986789 42.47849688331057, -121.29420262651308 42.487326890944175, -118.52450646561556 44.326623976297554, -115.83444702720759 44.65873402754245))"
30E,2019-06-13 05:55:00+00:00,2019-06-13 07:55:00+00:00,0.0,30000.0,"POLYGON ((-82.59302549411288 37.672705993824664, -82.13 36.772737911472795, -85.0721691837745 35.11368006321059, -84.695817020496 36.55799405122124, -82.59302549411288 37.672705993824664))"
31E,2019-06-13 05:55:00+00:00,2019-06-13 07:55:00+00:00,0.0,45000.0,"POLYGON ((-84.48622877905999 30.282288695169125, -86.02206625453677 29.444992833966868, -87.48168175668143 29.136776832549774, -87.54479807310904 30.02160816642563, -86.4586274906419 30.36869713081615, -84.48622877905999 30.282288695169125))"
28E,2019-06-13 05:55:00+00:00,2019-06-13 07:55:00+00:00,0.0,45000.0,"POLYGON ((-75.2307883377674 35.93791113212833, -73.08616631909956 36.2201531071537, -74.03960245309027 34.47617000801013, -75.48162719054064 34.874613397761685, -75.2307883377674 35.93791113212833))"
23W,2019-06-13 05:55:00+00:00,2019-06-13 07:55:00+00:00,0.0,36000.0,"POLYGON ((-111.1029617895054 46.01864755284932, -109.87727596063657 43.8615059889037, -113.36808221188305 44.084150682736826, -114.35240774162872 45.48079258696835, -111.1029617895054 46.01864755284932))"
25W,2019-06-13 05:55:00+00:00,2019-06-13 07:55:00+00:00,0.0,43000.0,"POLYGON ((-117.3239223965548 40.44196258594127, -116.92 39.40541730984525, -119.14365540447177 38.43769964748159, -120.14881770848635 38.60674035121867, -120.2742642000666 39.99895165934829, -117.3239223965548 40.44196258594127))"
34E,2019-06-13 06:55:00+00:00,2019-06-13 08:55:00+00:00,0.0,30000.0,"POLYGON ((-82.61730783481985 37.37397748653073, -82.13 36.87371281826269, -84.77438663206716 35.26610379084663, -84.61947180838571 36.62000022929052, -82.61730783481985 37.37397748653073))"
35E,2019-06-13 06:55:00+00:00,2019-06-13 08:55:00+00:00,0.0,41000.0,"POLYGON ((-84.35 30.4, -85.00517657939814 29.015021064877867, -87.48760964470245 28.882623084753575, -87.27566382904905 29.784366394542687, -86.38530161259438 30.21484687132116, -84.35 30.4))"
32E,2019-06-13 06:55:00+00:00,2019-06-13 08:55:00+00:00,0.0,45000.0,"POLYGON ((-74.94211314614527 36.253622284956656, -73.49845074724051 36.230067480330845, -73.54185486530858 35.33957493982048, -75.40549622175546 34.72043723247394, -74.94211314614527 36.253622284956656))"
36E,2019-06-13 06:55:00+00:00,2019-06-13 08:55:00+00:00,0.0,26000.0,"POLYGON ((-84.81989219578917 42.78798772024521, -83.65320604294469 42.816262289376276, -83.8438325743342 41.856099924934846, -84.67678449785409 41.90110034567564, -84.81989219578917 42.78798772024521))"
33E,2019-06-13 06:55:00+00:00,2019-06-13 08:55:00+00:00,0.0,43000.0,"POLYGON ((-77.87 33.51815522131804, -77.0382851343027 32.656419589869714, -78.114134192269 31.228223940412413, -78.94647245684156 32.50323761372385, -77.87 33.51815522131804))"
5C,2019-06-13 06:55:00+00:00,2019-06-13 08:55:00+00:00,0.0,33000.0,"POLYGON ((-102.69 38.532737911472786, -101.0273006844452 37.68434428413988, -101.54913399685279 37.229594080888795, -103.0050416445513 37.72907798010899, -102.69 38.532737911472786))"
27W,2019-06-13 06:55:00+00:00,2019-06-13 08:55:00+00:00,0.0,40000.0,"POLYGON ((-115.27267182136596 44.76616640822809, -114.31819044696654 42.172461575577124, -121.30025037327502 41.89906722296872, -118.46824961910396 44.36753677505409, -115.27267182136596 44.76616640822809))"
28W,2019-06-13 06:55:00+00:00,2019-06-13 08:55:00+00:00,0.0,43000.0,"POLYGON ((-117.0884044076892 40.87728778710585, -116.92 39.40541730984525, -119.05400571244454 39.05785892066907, -120.41622338253207 38.93933651996635, -120.33236234723596 40.757720373717476, -117.0884044076892 40.87728778710585))"
26W,2019-06-13 06:55:00+00:00,2019-06-13 08:55:00+00:00,0.0,42000.0,"POLYGON ((-110.76922368594674 45.780377334315084, -109.81093736501731 43.60631859620886, -113.13648775664286 44.08625634664606, -113.2239819323039 45.71859158007375, -110.76922368594674 45.780377334315084))"
JULIETT 1,2019-06-13 07:00:00+00:00,2019-06-13 11:00:00+00:00,0.0,48000.0,"POLYGON ((-76.3 28.45, -74 28.15, -74.3 23.3, -75.45 24.3, -76.3 28.45))"
38E,2019-06-13 07:55:00+00:00,2019-06-13 09:55:00+00:00,0.0,36000.0,"POLYGON ((-77.53757794876309 33.681719124848954, -77.14542774327897 32.87862845857617, -76.95201633446364 32.47662885145246, -78.49061065244268 32.8804469349722, -77.53757794876309 33.681719124848954))"
39E,2019-06-13 07:55:00+00:00,2019-06-13 09:55:00+00:00,0.0,40000.0,"POLYGON ((-84.11345000039388 30.195332677151505, -82.85986609931857 29.199166135621084, -88.12517537346132 28.446296890053762, -88.36 29.42886154521196, -86.08789322366032 30.317517752031666, -84.11345000039388 30.195332677151505))"
37E,2019-06-13 07:55:00+00:00,2019-06-13 09:55:00+00:00,0.0,45000.0,"POLYGON ((-74.7358270502701 36.2513194284173, -73.08616631909956 36.2201531071537, -73.54185486530858 35.33957493982048, -74.88444047953132 35.19421416928657, -74.7358270502701 36.2513194284173))"
29W,2019-06-13 07:55:00+00:00,2019-06-13 09:55:00+00:00,0.0,36000.0,"POLYGON ((-110.36787048745474 45.28725710356707, -109.58119807086274 43.60424794195615, -114.01415330435496 42.12609065287166, -113.37392766816465 45.017824662426904, -110.36787048745474 45.28725710356707))"
30W,2019-06-13 07:55:00+00:00,2019-06-13 09:55:00+00:00,0.0,41000.0,"POLYGON ((-117.25837895664874 41.18432836054063, -116.67027197843959 40.10861551387059, -118.65902929261897 39.84405084542038, -120.11991219244996 39.88201806379096, -120.83392882706781 41.150336363277574, -117.25837895664874 41.18432836054063))"
KILO 1,2019-06-13 08:00:00+00:00,2019-06-13 12:00:00+00:00,0.0,45000.0,"POLYGON ((-88.15 26.3, -87.15 26, -89.45 24.3, -91.45 24.3, -88.15 26.3))"
42E,2019-06-13 08:55:00+00:00,2019-06-13 10:55:00+00:00,0.0,41000.0,"POLYGON ((-71.41606548493714 39.22566893325331, -70.78573254774315 37.98920689375615, -72.29367851262718 37.07291905053202, -72.72597914373145 37.434453762607674, -73.22119183784169 38.872559333501194, -71.41606548493714 39.22566893325331))"
41E,2019-06-13 08:55:00+00:00,2019-06-13 10:55:00+00:00,0.0,45000.0,"POLYGON ((-83.59373561537444 30.069454276375353, -82.09332286429088 29.596569750314284, -83.41336464591623 28.830980964979066, -88.1766893803871 28.465932883794697, -88.69861320022164 28.6633742230678, -86.09426757219029 29.59904276773545, -83.59373561537444 30.069454276375353))"
40E,2019-06-13 08:55:00+00:00,2019-06-13 10:55:00+00:00,0.0,45000.0,"POLYGON ((-73.31314144947982 36.56467370500564, -73.54185486530858 35.33957493982048, -75.02669109969132 35.313314744045755, -74.53604101133865 36.8783989291865, -73.31314144947982 36.56467370500564))"
31W,2019-06-13 08:55:00+00:00,2019-06-13 10:55:00+00:00,0.0,36000.0,"POLYGON ((-115.37295007690537 45.35516670302629, -109.78418739491615 44.98054481934425, -109.4459486808935 43.454278017349395, -111.32717120576247 42.19452491947021, -114.01415330435496 42.12609065287166, -115.37295007690537 45.35516670302629))"
32W,2019-06-13 08:55:00+00:00,2019-06-13 10:55:00+00:00,0.0,37000.0,"POLYGON ((-117.25837895664874 41.18432836054063, -116.67027197843959 40.10861551387059, -118.65902929261897 39.84405084542038, -120.11991219244996 39.88201806379096, -120.83392882706781 41.150336363277574, -117.25837895664874 41.18432836054063))"
46E,2019-06-13 09:55:00+00:00,2019-06-13 11:55:00+00:00,0.0,41000.0,"POLYGON ((-77.87 32.615148726949265, -76.95201633446364 32.47662885145246, -78.12662018123493 29.266848234522122, -79.26012456264637 29.95114985645965, -77.87 32.615148726949265))"
47E,2019-06-13 09:55:00+00:00,2019-06-13 11:55:00+00:00,0.0,25000.0,"POLYGON ((-82.90323989267235 43.20452877715378, -82.3538540276576 43.14876564852523, -82.82759876727022 42.37469909484316, -83.21997660709891 42.4770347710203, -82.90323989267235 43.20452877715378))"
34W,2019-06-13 09:55:00+00:00,2019-06-13 11:55:00+00:00,0.0,34000.0,"POLYGON ((-115.00095607210619 41.11065051024239, -114.85000000000001 40.167425636525365, -118.91025695117699 39.52759183705388, -118.92850972068996 40.8633923304441, -115.00095607210619 41.11065051024239))"
43E,2019-06-13 09:55:00+00:00,2019-06-13 11:55:00+00:00,0.0,45000.0,"POLYGON ((-72.43731817834639 37.19360502431225, -73.16997242600482 35.20343812840979, -75.55804420623159 35.02874193222278, -75.03069604309437 36.63651267984104, -72.43731817834639 37.19360502431225))"
44E,2019-06-13 09:55:00+00:00,2019-06-13 11:55:00+00:00,0.0,43000.0,"POLYGON ((-81.78196552292532 30.104437359612987, -82.89707036674396 28.370944403837704, -88.1766893803871 28.465932883794697, -88.69861320022164 28.6633742230678, -85.95008380351696 29.290904068838216, -83.58132911307538 29.789941789856222, -81.78196552292532 30.104437359612987))"
45E,2019-06-13 09:55:00+00:00,2019-06-13 11:55:00+00:00,0.0,43000.0,"POLYGON ((-70.64025340993912 39.61363658620914, -70.03 37.786251929535766, -72.29367851262718 37.07291905053202, -72.58141744893663 37.314117035316904, -72.64398082327381 39.23324861016915, -70.64025340993912 39.61363658620914))"
33W,2019-06-13 09:55:00+00:00,2019-06-13 11:55:00+00:00,0.0,38000.0,"POLYGON ((-110.73 44.774582690154745, -110.30453336786775 43.73654541134087, -111.1536689825107 43.48188338738471, -111.7215490854481 43.73603366546575, -111.85169745520805 44.704263400529854, -110.73 44.774582690154745))"
JULIETT 2,2019-06-13 10:45:00+00:00,2019-06-13 14:45:00+00:00,0.0,48000.0,"POLYGON ((-75 29.15, -73.3 29, -73.45 26.15, -75.45 26.3, -75 29.15))"
KILO 2,2019-06-13 10:45:00+00:00,2019-06-13 14:45:00+00:00,,,"POLYGON ((-87.3 28, -84.45 26.15, -85 24, -86.15 24, -88.15 24.3, -92.3 24.3, -87.3 28))"
50E,2019-06-13 10:55:00+00:00,2019-06-13 12:55:00+00:00,0.0,44000.0,"POLYGON ((-70.77677848400359 39.89421515661165, -68.41051098242116 38.19427215874538, -71.1017607889584 37.83141170401015, -72.58141744893663 37.314117035316904, -72.64398082327381 39.23324861016915, -70.77677848400359 39.89421515661165))"
49E,2019-06-13 10:55:00+00:00,2019-06-13 12:55:00+00:00,0.0,45000.0,"POLYGON ((-81.37385439905078 30.222288864660722, -81.63777024981822 29.107962812107232, -82.85383411455925 27.84622429085469, -88.37381700437122 27.639619376697883, -86.68 29.499048354108847, -83.40310348959841 29.47219943584568, -81.37385439905078 30.222288864660722))"
48E,2019-06-13 10:55:00+00:00,2019-06-13 12:55:00+00:00,0.0,45000.0,"POLYGON ((-72.43731817834639 37.19360502431225, -72.98449992005833 35.13494418784608, -74.66500063800791 35.74109072870559, -75.03069604309437 36.63651267984104, -72.43731817834639 37.19360502431225))"
51E,2019-06-13 10:55:00+00:00,2019-06-13 12:55:00+00:00,0.0,43000.0,"POLYGON ((-75.45596850153912 35.669609064995846, -74.10202207210175 35.54163455364396, -75.29134565535617 33.431553251189904, -77.72151215644695 30.466881135418134, -78.26180803897103 30.28843962988686, -76.45951182733204 34.34191186779226, -75.45596850153912 35.669609064995846))"
35W,2019-06-13 10:55:00+00:00,2019-06-13 12:55:00+00:00,0.0,40000.0,"POLYGON ((-113.08984690984083 43.63768906662325, -112.21 43.59089313279083, -112.19600212713273 42.869103134048814, -113.27721492423306 42.67728502262991, -113.08984690984083 43.63768906662325))"
54E,2019-06-13 11:55:00+00:00,2019-06-13 13:55:00+00:00,0.0,45000.0,"POLYGON ((-81.4459827874108 30.206418276454894, -81.34397932306963 29.09534194951755, -82.37739679696396 28.020319210333618, -85.13367556129631 27.888266818146505, -86.68 28.661435908686578, -86.10722927091909 29.626644268814356, -83.40379001983453 29.906212118931226, -81.4459827874108 30.206418276454894))"
53E,2019-06-13 11:55:00+00:00,2019-06-13 13:55:00+00:00,0.0,43000.0,"POLYGON ((-75.45596850153912 35.669609064995846, -73.7612320341291 34.23553982536499, -75.63977936421509 32.44741231928447, -77.90182995378836 30.407647758682796, -78.62090868383004 30.168248924699977, -78.24940281019201 31.347874173341076, -75.45596850153912 35.669609064995846))"
52E,2019-06-13 11:55:00+00:00,2019-06-13 13:55:00+00:00,0.0,45000.0,"POLYGON ((-71.17713667859279 38.76239319143765, -68.48813708160996 38.34907719221371, -74.10202207210175 35.54163455364396, -74.94211314614527 36.253622284956656, -71.17713667859279 38.76239319143765))"
KILO 3,2019-06-13 12:45:00+00:00,2019-06-13 16:45:00+00:00,0.0,45000.0,"POLYGON ((-88 28.3, -84.45 28, -87.3 24.3, -92 24.3, -88 28.3))"
LIMA 1,2019-06-13 12:50:00+00:00,2019-06-13 16:50:00+00:00,0.0,48000.0,"POLYGON ((-84.15 25.15, -84.45 24, -86.3 24, -86 25, -84.15 25.15))"
36W,2019-06-13 12:55:00+00:00,2019-06-13 14:55:00+00:00,,,"POLYGON ((-117.3082158030444 40.7954479089118, -114.07548064454 40.72480258127599, -113.6469410786642 40.5211640267518, -116.6903897586091 40.47021091072295, -114.02340061254 40.71554404186125, -117.3480218116913 40.59944923117237, -116.7194529680257 40.47179114125706, -113.5611014248505 40.70180608672997, -113.9896409907263 40.90544464125416, -114.0417210227263 40.91470318066889, -116.7087101687954 40.66937004953059, -116.6796469593788 40.66778981899648, -117.3082158030444 40.7954479089118))"
56E,2019-06-13 12:55:00+00:00,2019-06-13 14:55:00+00:00,0.0,42000.0,"POLYGON ((-80.93169454244625 30.338727669926836, -80.40322886812616 29.55280592310109, -82.15911154418671 27.718021006822642, -88.1126306944033 27.40074488748466, -85.4603612012327 29.76551897467978, -80.93169454244625 30.338727669926836))"
55E,2019-06-13 12:55:00+00:00,2019-06-13 14:55:00+00:00,0.0,45000.0,"POLYGON ((-71.49640913152929 39.379985001950274, -68.8813193150752 39.12232121281624, -78.74418212207864 28.30571205617317, -79.15791280685917 29.986136100543057, -71.49640913152929 39.379985001950274))"
37W,2019-06-13 12:55:00+00:00,2019-06-13 14:55:00+00:00,0.0,36000.0,"POLYGON ((-111.80766025528968 43.12158694177718, -111.10263968470804 42.19211609522458, -112.36384769914683 42.35367268883366, -112.56291338003722 43.02367192322317, -111.80766025528968 43.12158694177718))"
JULIETT 3,2019-06-13 13:00:00+00:00,2019-06-13 17:00:00+00:00,0.0,46000.0,"POLYGON ((-71.45 29.45, -73.15 26.3, -75.3 26.3, -75 29.15, -71.45 29.45))"
MIKE 1,2019-06-13 13:40:00+00:00,2019-06-13 17:40:00+00:00,0.0,45000.0,"POLYGON ((-70.15 38.15, -74.3 31.15, -77 30.15, -77 32.15, -72.45 37.15, -70.15 38.15))"
38W,2019-06-13 13:55:00+00:00,2019-06-13 15:55:00+00:00,,,"POLYGON ((-117.1923185974544 40.89780661307487, -114.0624745587603 40.71970260680704, -113.5859518173416 40.570316441686, -116.6903897586091 40.47021091072295, -114.02340061254 40.71554404186125, -117.273424939623 40.71499041778564, -116.7401031347865 40.47838238248215, -113.5261243350874 40.76115845060206, -114.002647076506 40.9105446157231, -114.0417210227263 40.91470318066889, -116.7087101687954 40.66937004953059, -116.6589967926179 40.66119857777139, -117.1923185974544 40.89780661307487))"
39W,2019-06-13 13:55:00+00:00,2019-06-13 15:55:00+00:00,0.0,39000.0,"POLYGON ((-110.13100212828806 43.608436262466164, -111.01293484762475 42.29982119852417, -111.86454735875391 42.198511565626674, -111.46516146592573 43.386339430535465, -110.13100212828806 43.608436262466164))"
58E,2019-06-13 13:55:00+00:00,2019-06-13 15:55:00+00:00,0.0,41000.0,"POLYGON ((-81.64614560094923 30.222288864660722, -79.96538687754567 29.295120554181896, -83.47072757301835 26.57349891344815, -83.48538984229353 28.67706062448368, -81.64614560094923 30.222288864660722))"
59E,2019-06-13 13:55:00+00:00,2019-06-13 15:55:00+00:00,0.0,45000.0,"POLYGON ((-73.01650113428165 37.67459603391035, -71.67703125623976 38.03937462876671, -72.98449992005833 35.13494418784608, -76.05057862301025 32.80714986095124, -73.01650113428165 37.67459603391035))"
57E,2019-06-13 13:55:00+00:00,2019-06-13 15:55:00+00:00,0.0,42000.0,"POLYGON ((-76.81696033297256 32.19359480289175, -77.17924536115109 30.643087863040467, -78.74418212207864 28.30571205617317, -78.97913111692964 30.047082757571303, -76.81696033297256 32.19359480289175))"
60E,2019-06-13 13:55:00+00:00,2019-06-13 15:55:00+00:00,0.0,45000.0,"POLYGON ((-85.16251131067045 29.691641457176388, -83.85617200763923 28.891721265929558, -85.43685666880602 26.863952167996295, -87.48383353268672 28.199594628992333, -85.16251131067045 29.691641457176388))"
40W,2019-06-13 14:55:00+00:00,2019-06-13 16:55:00+00:00,,,"POLYGON ((-117.9653700736309 42.34320256996389, -116.6382763643351 40.69665717912905, -116.7228729315436 40.73367663594028, -114.0392983965172 40.91489637824475, -116.7939943409839 40.57115055879216, -118.1210880502798 42.21769594962699, -114.0258232387491 40.7153508442854, -116.7093977737754 40.53413110198093, -117.9653700736309 42.34320256996389))"
66E,2019-06-13 14:55:00+00:00,2019-06-13 16:55:00+00:00,0.0,44000.0,"POLYGON ((-82.12995724305117 27.15839636459884, -81.00731505973982 25.863296189403073, -81.15844005268511 25.732295286706602, -82.28108223599645 27.02739546190237, -82.12995724305117 27.15839636459884))"
65E,2019-06-13 14:55:00+00:00,2019-06-13 16:55:00+00:00,0.0,35000.0,"POLYGON ((-81.57648955362484 41.62413090198906, -80.29 41.586287181737326, -81.19755626674186 40.019387384640225, -82.80587190461488 39.749100554992324, -81.57648955362484 41.62413090198906))"
41W,2019-06-13 14:55:00+00:00,2019-06-13 16:55:00+00:00,0.0,34000.0,"POLYGON ((-109.81190036628318 43.329691158911096, -110.40799674565059 42.045347400464, -111.47427283544665 42.19586558173124, -110.95771659411967 43.20907466528681, -109.81190036628318 43.329691158911096))"
62E,2019-06-13 14:55:00+00:00,2019-06-13 16:55:00+00:00,0.0,41000.0,"POLYGON ((-80.28260930052834 31.45146127917798, -79.58388697946158 29.291325761486394, -82.76424539193869 26.93872189329305, -82.90399856031512 29.29251037119514, -80.28260930052834 31.45146127917798))"
63E,2019-06-13 14:55:00+00:00,2019-06-13 16:55:00+00:00,0.0,45000.0,"POLYGON ((-70.03 38.950834619690504, -72.79933985502997 35.06616814957474, -75.91327822438343 32.68738613299373, -72.25555602617851 38.24451853059374, -70.03 38.950834619690504))"
64E,2019-06-13 14:55:00+00:00,2019-06-13 16:55:00+00:00,0.0,45000.0,"POLYGON ((-84.93326234313339 29.169065141989194, -83.05 29.26726208852722, -83.05 28.768155221318043, -85.77780627594721 26.7294365227957, -86.68 27.83535879674493, -84.93326234313339 29.169065141989194))"
61E,2019-06-13 14:55:00+00:00,2019-06-13 16:55:00+00:00,0.0,42000.0,"POLYGON ((-76.787847348351 31.7018065542093, -77.04413479468433 30.266023031357665, -78.74418212207864 28.30571205617317, -79.89775140197627 30.903112759593455, -76.787847348351 31.7018065542093))"
LIMA 2,2019-06-13 15:00:00+00:00,2019-06-13 19:00:00+00:00,0.0,45000.0,"POLYGON ((-84 25.15, -83.3 24, -85 24, -85.15 25.15, -84 25.15))"
70E,2019-06-13 15:55:00+00:00,2019-06-13 17:55:00+00:00,0.0,31000.0,"POLYGON ((-81.12088836410148 42.27167754632404, -80.52205776882413 41.06486165522149, -81.17672420966899 38.7468983800747, -82.17243217147465 37.77531963365785, -82.38909868218515 40.08615967854852, -81.12088836410148 42.27167754632404))"
68E,2019-06-13 15:55:00+00:00,2019-06-13 17:55:00+00:00,0.0,42000.0,"POLYGON ((-70.03 39.283572531163294, -70.78573254774315 37.98920689375615, -72.58141744893663 37.314117035316904, -72.32 38.75720357542691, -70.03 39.283572531163294))"
67E,2019-06-13 15:55:00+00:00,2019-06-13 17:55:00+00:00,0.0,38000.0,"POLYGON ((-76.59787624662071 31.730388451360884, -77.17924536115109 30.643087863040467, -79.77463338462778 29.293358650039814, -79.35616878185354 31.086355895414595, -76.59787624662071 31.730388451360884))"
71E,2019-06-13 15:55:00+00:00,2019-06-13 17:55:00+00:00,0.0,45000.0,"POLYGON ((-81.98782966187225 27.398873183371546, -79.94787570051727 26.372519595737387, -80.28 25.467262088527217, -80.95267343652286 24.905958970233517, -82.40697330576509 27.092517366629853, -81.98782966187225 27.398873183371546))"
69E,2019-06-13 15:55:00+00:00,2019-06-13 17:55:00+00:00,0.0,45000.0,"POLYGON ((-81.51 30.00726208852722, -80.05492341585561 28.601548608159696, -81.68186975425486 27.71564427904816, -85.77780627594721 26.7294365227957, -86.68 28.168096708217718, -81.51 30.00726208852722))"
JULIETT 4,2019-06-13 16:00:00+00:00,2019-06-13 20:00:00+00:00,0.0,46000.0,"POLYGON ((-69.45 31.45, -70.3 29, -73.3 27.45, -71.45 31.45, -69.45 31.45))"
KILO 4,2019-06-13 16:05:00+00:00,2019-06-13 20:05:00+00:00,0.0,48000.0,"POLYGON ((-86.15 28.15, -84 27.3, -87.15 24.45, -90.15 24.45, -86.15 28.15))"
72E,2019-06-13 16:55:00+00:00,2019-06-13 18:55:00+00:00,0.0,38000.0,"POLYGON ((-78.12715295816544 31.239758908611993, -78.29229768140722 29.270428376573577, -79.13637678397943 31.016813286645604, -78.12715295816544 31.239758908611993))"
73E,2019-06-13 16:55:00+00:00,2019-06-13 18:55:00+00:00,0.0,42000.0,"POLYGON ((-70.09144846788966 39.479470662960914, -69.96855153211034 39.321684912095854, -71.68452579402047 37.985138503381705, -71.8074227297998 38.142924254246765, -70.09144846788966 39.479470662960914))"
74E,2019-06-13 16:55:00+00:00,2019-06-13 18:55:00+00:00,0.0,45000.0,"POLYGON ((-83.05 29.455429060579107, -80.68173178405583 28.538412880935688, -81.14301173964905 27.67846918322073, -83.89790233811804 26.895605256516205, -85.79493300686431 28.95706415918047, -83.05 29.455429060579107))"
42W,2019-06-13 16:55:00+00:00,2019-06-13 18:55:00+00:00,0.0,31000.0,"POLYGON ((-112.78410618654628 44.84906135105034, -111.78078887303123 44.39588055375202, -112.05663652963365 43.82276486365683, -113.14414162257422 44.36283028641976, -112.78410618654628 44.84906135105034))"
75E,2019-06-13 16:55:00+00:00,2019-06-13 18:55:00+00:00,0.0,32000.0,"POLYGON ((-80.76770490050149 42.37193476866676, -79.59883344954376 41.019389915574365, -80.33943452739067 38.03209599200263, -82.81553057263318 38.49270027934071, -82.59 40.15, -80.76770490050149 42.37193476866676))"
76E,2019-06-13 16:55:00+00:00,2019-06-13 18:55:00+00:00,0.0,45000.0,"POLYGON ((-81.2414688116685 27.677972767282867, -79.94787570051727 26.372519595737387, -80.28 25.300893132790826, -81.1500602686632 25.176804459684146, -82.37697263530053 27.336226627208717, -81.2414688116685 27.677972767282867))"
MIKE 2,2019-06-13 17:30:00+00:00,2019-06-13 21:30:00+00:00,0.0,45000.0,"POLYGON ((-73.45 33, -75 30, -77 29.3, -77 32.15, -73.45 33))"
77E,2019-06-13 17:55:00+00:00,2019-06-13 19:55:00+00:00,,,"POLYGON ((-79.24412522544297 32.60978507793242, -79.43245680363519 32.37542016938531, -79.496718021728 28.03959251500078, -79.6379058736566 29.29192898147077, -79.24412522544297 32.60978507793242))"
78E,2019-06-13 17:55:00+00:00,2019-06-13 19:55:00+00:00,0.0,34000.0,"POLYGON ((-70.10575457401119 39.75499787495759, -69.95424542598882 39.62444145778273, -70.97195125692025 38.44340611139056, -71.12346040494262 38.57396252856542, -70.10575457401119 39.75499787495759))"
44W,2019-06-13 17:55:00+00:00,2019-06-13 19:55:00+00:00,0.0,36000.0,"POLYGON ((-109.02 42.168283757683575, -108.46978114132592 41.99760157764505, -109.7270122682937 40.44598453108496, -111.10081496874221 40.570030336459624, -109.02 42.168283757683575))"
81E,2019-06-13 17:55:00+00:00,2019-06-13 19:55:00+00:00,0.0,45000.0,"POLYGON ((-80.88982699391832 28.03234758826255, -79.7176144659696 26.679514493799267, -80.06867079833995 25.338732925408017, -80.9301187995611 25.210354803629514, -82.15911154418671 27.718021006822642, -80.88982699391832 28.03234758826255))"
80E,2019-06-13 17:55:00+00:00,2019-06-13 19:55:00+00:00,0.0,33000.0,"POLYGON ((-80.03102063119144 42.480824807401675, -78.61179519560366 40.3197950132789, -80.54972078398701 37.39730208484264, -82.35376669395632 38.1347321418727, -81.69283604242429 41.53753379186089, -80.03102063119144 42.480824807401675))"
79E,2019-06-13 17:55:00+00:00,2019-06-13 19:55:00+00:00,0.0,45000.0,"POLYGON ((-80.93385684363821 29.236217809028442, -80.27339745201733 28.14094605091884, -83.37410889149062 27.653595118851918, -83.8612390655358 26.21748090730025, -84.78199868738596 28.658030819656812, -80.93385684363821 29.236217809028442))"
43W,2019-06-13 17:55:00+00:00,2019-06-13 19:55:00+00:00,0.0,38000.0,"POLYGON ((-112.6188664685002 46.41704621999312, -111.36887194231834 43.799224655390915, -112.67325853839264 44.08906405655649, -114.08 45.68547582294558, -112.6188664685002 46.41704621999312))"
83E,2019-06-13 18:55:00+00:00,2019-06-13 20:55:00+00:00,0.0,32000.0,"POLYGON ((-69.45765885741129 40.138211125849196, -69.30098673551258 40.013897626100544, -69.95166393905065 39.19385009823316, -70.10833606094936 39.318163597981815, -69.45765885741129 40.138211125849196))"
8C,2019-06-13 18:55:00+00:00,2019-06-13 20:55:00+00:00,0.0,43000.0,"POLYGON ((-104.77 41.643712818262685, -104.19349261850813 41.20856245548565, -104.49907420121653 41.005227784883985, -104.91768596738285 41.477038145452156, -104.77 41.643712818262685))"
7C,2019-06-13 18:55:00+00:00,2019-06-13 20:55:00+00:00,0.0,45000.0,"POLYGON ((-105.82 38.072854697104475, -105.82 37.6391418788418, -107.83211011504054 37.80490519660917, -107.72010383582422 38.226731840262126, -105.82 38.072854697104475))"
48W,2019-06-13 18:55:00+00:00,2019-06-13 20:55:00+00:00,0.0,42000.0,"POLYGON ((-110.17676477126672 47.06823538233356, -108.56459389219913 46.789219527906525, -108.29943267988732 46.34381928553032, -110.13578850788477 46.65953844115255, -110.17676477126672 47.06823538233356))"
46W,2019-06-13 18:55:00+00:00,2019-06-13 20:55:00+00:00,0.0,45000.0,"POLYGON ((-111.64459446434907 43.67969126589484, -110.8821455441027 43.34276656951062, -108.58158391173131 40.78776461309177, -111.38400138525697 38.63931466103285, -111.64459446434907 43.67969126589484))"
84E,2019-06-13 18:55:00+00:00,2019-06-13 20:55:00+00:00,0.0,45000.0,"POLYGON ((-80.40322886812616 29.55280592310109, -79.96838261465777 27.87002282199564, -82.94567362829717 27.67446409351263, -83.48844103885673 25.883174257129554, -84.93895341632934 27.89157954242784, -80.40322886812616 29.55280592310109))"
82E,2019-06-13 18:55:00+00:00,2019-06-13 20:55:00+00:00,0.0,44000.0,"POLYGON ((-76.32629249359711 33.046225507906435, -76.787847348351 31.7018065542093, -79.07573000332502 30.888122664194505, -79.44166346475708 31.65893283188886, -76.32629249359711 33.046225507906435))"
87E,2019-06-13 18:55:00+00:00,2019-06-13 20:55:00+00:00,0.0,45000.0,"POLYGON ((-77.30963848233473 30.50739239400086, -76.62242876451066 29.02683697822481, -77.86366744383696 28.610195383562644, -78.56848498931308 28.36706140272879, -77.30963848233473 30.50739239400086))"
86E,2019-06-13 18:55:00+00:00,2019-06-13 20:55:00+00:00,0.0,45000.0,"POLYGON ((-80.22373773091545 27.91502661376889, -79.82613732429387 26.915037313910055, -80.28 25.300893132790826, -81.13132408181599 25.479191370833874, -82.02972089380388 27.590034395543018, -80.22373773091545 27.91502661376889))"
85E,2019-06-13 18:55:00+00:00,2019-06-13 20:55:00+00:00,0.0,36000.0,"POLYGON ((-79.27782145403897 42.73728142410839, -78.17539618668795 40.31815515228495, -78.94534070195465 37.014353223465115, -79.98 36.21636895573639, -82.1648996531579 41.65485282492726, -79.27782145403897 42.73728142410839))"
88E,2019-06-13 18:55:00+00:00,2019-06-13 20:55:00+00:00,0.0,30000.0,"POLYGON ((-81.27847220515844 39.666172368303755, -80.79507397691819 38.39437506344984, -82.94898922779338 37.406356199840886, -84.2146128334744 38.09675878106805, -81.83308911502158 38.686168113093, -81.27847220515844 39.666172368303755))"
6C,2019-06-13 18:55:00+00:00,2019-06-13 20:55:00+00:00,0.0,45000.0,"POLYGON ((-105.63065196629934 43.55873552507589, -106.28 42.59089313279083, -107.72363953448144 41.287755742204574, -108.7584037640051 43.45908443287893, -105.63065196629934 43.55873552507589))"
45W,2019-06-13 18:55:00+00:00,2019-06-13 20:55:00+00:00,0.0,45000.0,"POLYGON ((-110.98132398861445 46.605912001761816, -109.57687834833983 44.42773991098658, -109.76068647097051 43.19429218215637, -113.81194496887899 44.558570188793624, -114.08 46.01821373441836, -110.98132398861445 46.605912001761816))"
47W,2019-06-13 18:55:00+00:00,2019-06-13 20:55:00+00:00,0.0,45000.0,"POLYGON ((-118.17303681563925 45.45424854210649, -117.34075132213357 44.839039225357226, -118.25305173048471 44.070611671082986, -118.74846605979631 44.83615702994761, -118.17303681563925 45.45424854210649))"
NOVEMBER 1,2019-06-13 19:12:00+00:00,2019-06-13 23:10:00+00:00,0.0,57000.0,"POLYGON ((-176.2 -0.4, 180 -0.5, -173.5 -5, -176.2 -0.4))"
KILO 5,2019-06-13 19:30:00+00:00,2019-06-13 23:30:00+00:00,0.0,45000.0,"POLYGON ((-84.3 27.45, -83 24, -86 24, -89.15 24.3, -84.3 27.45))"
MIKE 3,2019-06-13 19:40:00+00:00,2019-06-13 23:40:00+00:00,0.0,45000.0,"POLYGON ((-74.15 34, -75 29.15, -77 28.45, -77 32.15, -74.15 34))"
89E,2019-06-13 19:55:00+00:00,2019-06-13 21:55:00+00:00,,,"POLYGON ((-77.36327559224209 33.95208338016329, -77.47964808221116 33.5967346602258, -79.37580062978455 32.29301824001102, -77.23578252261588 33.79798757490797, -77.47255772124869 33.60208868697243, -79.48911297748583 32.4578220987596, -77.59296042991244 33.76153851897438, -77.6000507908749 33.75618449222775, -77.36327559224209 33.95208338016329))"
94E,2019-06-13 19:55:00+00:00,2019-06-13 21:55:00+00:00,0.0,45000.0,"POLYGON ((-77.4272089757168 30.6137235759749, -77.28887295949077 28.80496079348752, -78.4369094713202 27.278990576028683, -78.63818694509118 30.162433797852838, -77.4272089757168 30.6137235759749))"
11C,2019-06-13 19:55:00+00:00,2019-06-13 21:55:00+00:00,0.0,42000.0,"POLYGON ((-104.77 41.78828375768358, -103.75376998092786 41.6852201031577, -103.86249015212839 40.82000079411434, -104.90609877078947 41.312147047462844, -104.77 41.78828375768358))"
55W,2019-06-13 19:55:00+00:00,2019-06-13 21:55:00+00:00,0.0,41000.0,"POLYGON ((-115.00095607210619 41.11065051024239, -116.63096776276132 40.03537376308416, -116.34444586667144 39.290446585419964, -117.5582148053049 38.40050897803879, -117.87157348088957 40.56609605166115, -115.00095607210619 41.11065051024239))"
52W,2019-06-13 19:55:00+00:00,2019-06-13 21:55:00+00:00,0.0,40000.0,"POLYGON ((-110.17676477126672 47.06823538233356, -108.56459389219913 46.789219527906525, -108.29943267988732 46.34381928553032, -109.77653918847604 46.13613897886064, -110.17676477126672 47.06823538233356))"
91E,2019-06-13 19:55:00+00:00,2019-06-13 21:55:00+00:00,0.0,44000.0,"POLYGON ((-82.8132702931337 28.027576492495754, -82.41735296960138 27.51757786565173, -83.6582426741821 25.817390278613956, -84.40914502331523 27.262553444255794, -82.8132702931337 28.027576492495754))"
90E,2019-06-13 19:55:00+00:00,2019-06-13 21:55:00+00:00,0.0,28000.0,"POLYGON ((-81.72930312761892 38.51433298328035, -81.3146397607615 37.84350662346484, -83.21752607443453 37.73251502509626, -83.20617951214237 38.36209169347432, -81.72930312761892 38.51433298328035))"
92E,2019-06-13 19:55:00+00:00,2019-06-13 21:55:00+00:00,0.0,34000.0,"POLYGON ((-78.82304604285403 42.62245953787152, -77.52541947727528 40.56614317245856, -78.2928264177279 37.81435185195906, -80.71 37.422737911472794, -81.85 41.752737911472785, -78.82304604285403 42.62245953787152))"
93E,2019-06-13 19:55:00+00:00,2019-06-13 21:55:00+00:00,0.0,45000.0,"POLYGON ((-80.34691107954761 29.297831298152747, -79.56117451794687 27.14958210160337, -79.99858674872327 25.1849103249004, -81.13132408181599 25.479191370833874, -82.41316808973497 28.14502412492292, -80.34691107954761 29.297831298152747))"
10C,2019-06-13 19:55:00+00:00,2019-06-13 21:55:00+00:00,0.0,40000.0,"POLYGON ((-105.27784085767968 38.28694906440312, -104.87 36.82273791147279, -106.16378362474696 35.65566745157359, -107.49916594151914 37.20910582017988, -109.9180378586052 38.1627311523047, -105.27784085767968 38.28694906440312))"
12C,2019-06-13 19:55:00+00:00,2019-06-13 21:55:00+00:00,0.0,45000.0,"POLYGON ((-104.62 34.171844778681965, -104.62 32.67452417705444, -105.31936818872452 32.74983416596098, -105.7287433022592 33.717079142794475, -104.62 34.171844778681965))"
9C,2019-06-13 19:55:00+00:00,2019-06-13 21:55:00+00:00,0.0,45000.0,"POLYGON ((-104.62820751412535 43.968580025891704, -104.81744640993392 42.63497833491206, -106.96187908145144 41.13432923184285, -108.17539089267207 40.516697048376514, -108.51153395054958 43.39613826574475, -104.62820751412535 43.968580025891704))"
53W,2019-06-13 19:55:00+00:00,2019-06-13 21:55:00+00:00,0.0,45000.0,"POLYGON ((-113.12880527159118 42.51607711939238, -112.87457095288575 41.43068728080398, -115.66334459333382 41.504369678011095, -115.28012665989199 41.889068173965995, -113.12880527159118 42.51607711939238))"
49W,2019-06-13 19:55:00+00:00,2019-06-13 21:55:00+00:00,0.0,45000.0,"POLYGON ((-111.95 46.94273791147279, -109.28943053082372 45.33747167715014, -109.35319495526001 43.13681774285058, -112.13121039876933 42.43484089930224, -115.37043117728219 44.135294165102216, -111.95 46.94273791147279))"
54W,2019-06-13 19:55:00+00:00,2019-06-13 21:55:00+00:00,0.0,45000.0,"POLYGON ((-106.82 34.20815522131804, -107.28 32.947262088527225, -108.16949345957063 32.74933014527294, -108.29148446326906 33.711219686775586, -106.82 34.20815522131804))"
50W,2019-06-13 19:55:00+00:00,2019-06-13 21:55:00+00:00,0.0,45000.0,"POLYGON ((-109.93621290428327 42.88727882928503, -108.39421840135098 40.5148392422274, -111.45906417155736 37.68701421784924, -112.21937751302588 37.84367745507147, -111.14837541429382 42.25696431162419, -109.93621290428327 42.88727882928503))"
51W,2019-06-13 19:55:00+00:00,2019-06-13 21:55:00+00:00,0.0,45000.0,"POLYGON ((-114.6293048255655 45.94092702264235, -115.34017552589015 45.02137495459553, -119.80533595037778 43.71750687092561, -118.08154157479412 45.3007946148915, -114.6293048255655 45.94092702264235))"
ALFA 1,2019-06-13 20:35:00+00:00,2019-06-14 00:35:00+00:00,0.0,45000.0,"POLYGON ((-77 27.05, -75.4 25.4, -77.1 23.25, -78.45 24.3, -77 27.05))"
98E,2019-06-13 20:55:00+00:00,2019-06-13 22:55:00+00:00,,,"POLYGON ((-81.33478431473642 30.62137156113785, -81.63805868851242 30.1898279220562, -82.90819780367873 29.435062220356, -81.22695599111668 30.45292853627379, -81.63522945468189 30.19157343896302, -83.01036765963742 29.60699627903368, -81.74022854447111 30.36176198073389, -81.74305777830163 30.36001646382708, -81.33478431473642 30.62137156113785))"
97E,2019-06-13 20:55:00+00:00,2019-06-13 22:55:00+00:00,0.0,43000.0,"POLYGON ((-75.6822299826362 33.63765057649031, -75.56985783920275 33.47220420638758, -76.96010755449613 32.52793845840979, -77.07247969792958 32.69338482851252, -75.6822299826362 33.63765057649031))"
16C,2019-06-13 20:55:00+00:00,2019-06-13 22:55:00+00:00,0.0,45000.0,"POLYGON ((-107.19317302892657 34.73274677001371, -106.00709417512095 34.76066168494335, -106.28 32.54285469710447, -107.74126455779135 32.547064405952135, -107.19317302892657 34.73274677001371))"
56W,2019-06-13 20:55:00+00:00,2019-06-13 22:55:00+00:00,0.0,44000.0,"POLYGON ((-109.56726987202316 42.41274255726351, -107.6670185659788 41.582068592199086, -107.45158576096892 39.43864972173783, -111.56924057913724 37.68774535132506, -112.3 38.26828375768357, -109.56726987202316 42.41274255726351))"
95E,2019-06-13 20:55:00+00:00,2019-06-13 22:55:00+00:00,0.0,32000.0,"POLYGON ((-77.80683293715418 43.18158045141389, -76.46710448759148 40.10743299018814, -77.48116499096189 37.80730047177519, -80.33943452739067 38.03209599200263, -80.96181193649116 42.01804130272775, -77.80683293715418 43.18158045141389))"
96E,2019-06-13 20:55:00+00:00,2019-06-13 22:55:00+00:00,0.0,28000.0,"POLYGON ((-83.30986735450715 38.74302164269356, -80.69099427377796 38.71750841571271, -80.27804146967328 37.77700451246304, -82.51360585552601 37.826768434109006, -83.30986735450715 38.74302164269356))"
99E,2019-06-13 20:55:00+00:00,2019-06-13 22:55:00+00:00,0.0,45000.0,"POLYGON ((-80.34691107954761 29.297831298152747, -79.56117451794687 27.14958210160337, -79.99858674872327 25.1849103249004, -81.56737075659167 26.068727929460575, -83.02828258009897 28.036895333748195, -80.34691107954761 29.297831298152747))"
01E,2019-06-13 20:55:00+00:00,2019-06-13 22:55:00+00:00,0.0,45000.0,"POLYGON ((-84.2371486005722 27.32825693463806, -83.24091393609818 27.143632369639118, -81.8 23.924524177054433, -83.14679317876859 24.07469221014595, -84.2371486005722 27.32825693463806))"
13C,2019-06-13 20:55:00+00:00,2019-06-13 22:55:00+00:00,0.0,45000.0,"POLYGON ((-104.49395165000278 43.5246841604914, -102.98 41.1, -104.66000000000001 39.144524177054436, -107.53625743898644 39.438211850548925, -107.65671750507657 42.98762576675823, -104.49395165000278 43.5246841604914))"
15C,2019-06-13 20:55:00+00:00,2019-06-13 22:55:00+00:00,0.0,45000.0,"POLYGON ((-105.14 35.99273791147279, -103.88869647235303 35.414939055870995, -104.3172910129764 32.72481277860241, -105.31936818872452 32.74983416596098, -105.14 35.99273791147279))"
14C,2019-06-13 20:55:00+00:00,2019-06-13 22:55:00+00:00,0.0,42000.0,"POLYGON ((-104.66000000000001 38.97815522131805, -103.21440991272043 37.132041061284916, -104.32096243621079 35.657227124395575, -108.93 37.81, -108.18799255752646 38.58788503531223, -104.66000000000001 38.97815522131805))"
59W,2019-06-13 20:55:00+00:00,2019-06-13 22:55:00+00:00,0.0,44000.0,"POLYGON ((-115.16672868529791 42.47800945083856, -112.24272547325462 42.136146679421245, -112.91692236901817 38.5307635584424, -115.44425059034401 39.10748755471785, -115.16672868529791 42.47800945083856))"
60W,2019-06-13 20:55:00+00:00,2019-06-13 22:55:00+00:00,0.0,43000.0,"POLYGON ((-119.25261460913222 41.541941476570415, -115.18930134780568 41.16688362314591, -115.64160961774607 39.04264819009608, -117.526079189447 38.46086345368631, -119.04573579993337 39.99895165934829, -119.25261460913222 41.541941476570415))"
57W,2019-06-13 20:55:00+00:00,2019-06-13 22:55:00+00:00,0.0,45000.0,"POLYGON ((-108.31878144763037 47.06350908550386, -108.3 42.46178626558164, -112.24230736815781 42.26347943602092, -114.81284888356407 43.54173462271729, -111.95 46.94273791147279, -108.31878144763037 47.06350908550386))"
58W,2019-06-13 20:55:00+00:00,2019-06-13 22:55:00+00:00,0.0,45000.0,"POLYGON ((-114.08 46.35095164589114, -115.03836893413886 44.764010162532436, -119.80533595037778 43.71750687092561, -117.62999999999998 46.39541730984526, -114.08 46.35095164589114))"
03E,2019-06-13 21:55:00+00:00,2019-06-13 23:55:00+00:00,,,"POLYGON ((-76.97226536768628 40.48862146297285, -76.94693938345529 38.71175990442225, -77.43801374560738 37.46321001893725, -76.77943919121394 39.55970245934069, -76.94185904910027 38.72916956837146, -77.16773463231371 40.44629219902928, -76.97531477442739 39.5577303716634, -77.62413497869682 37.53641443542466, -77.13306061654473 38.78496432090967, -77.13814095089974 38.76755465696046, -76.9757210930134 39.59808754792969, -76.77984550979996 39.60005963560697, -76.97226536768628 40.48862146297285))"
05E,2019-06-13 21:55:00+00:00,2019-06-13 23:55:00+00:00,,,"POLYGON ((-81.12456888750226 30.58308701734615, -81.54348337801542 30.43422772095661, -81.5599688125647 30.42662053896666, -82.8431813347313 29.68637340167398, -81.47651662198459 30.24577227904339, -81.05760213147143 30.39463157543294, -82.7432437096019 29.51313232374066, -81.4600311874353 30.25337946103334, -81.12456888750226 30.58308701734615))"
21C,2019-06-13 21:55:00+00:00,2019-06-13 23:55:00+00:00,0.0,45000.0,"POLYGON ((-106.28840569307378 31.768850442984853, -104.66906476035334 30.656770601100376, -104.78228637061832 30.49190439180022, -106.40162730333877 31.603984233684695, -106.28840569307378 31.768850442984853))"
61W,2019-06-13 21:55:00+00:00,2019-06-13 23:55:00+00:00,0.0,45000.0,"POLYGON ((-108.64625766908401 42.25722915130764, -106.79281130417574 41.66698282221223, -106.89 39.44, -111.6228403527787 37.909366157661324, -112.65055768118523 40.33691490303691, -108.64625766908401 42.25722915130764))"
04E,2019-06-13 21:55:00+00:00,2019-06-13 23:55:00+00:00,0.0,28000.0,"POLYGON ((-80.55581748829395 39.26203785952223, -79.24 38.24821373441836, -80.73172580243609 37.65202920401076, -82.6196765260178 38.55751690824934, -80.55581748829395 39.26203785952223))"
07E,2019-06-13 21:55:00+00:00,2019-06-13 23:55:00+00:00,0.0,45000.0,"POLYGON ((-84.2371486005722 27.32825693463806, -82.81444963078893 27.16446955083763, -81.8 23.924524177054433, -83.14679317876859 24.07469221014595, -84.2371486005722 27.32825693463806))"
06E,2019-06-13 21:55:00+00:00,2019-06-13 23:55:00+00:00,0.0,45000.0,"POLYGON ((-79.3931486732552 29.289021921839478, -78.36017565993521 27.306171963528065, -80.06867079833995 25.338732925408017, -81.43407684335924 24.58955786045237, -82.41316808973497 28.14502412492292, -79.3931486732552 29.289021921839478))"
02E,2019-06-13 21:55:00+00:00,2019-06-13 23:55:00+00:00,0.0,31000.0,"POLYGON ((-77.47216123895075 43.53497988146811, -76.46133966385807 41.16558370269886, -79.30704907230884 39.16198947379283, -80.91254729349988 42.209320960185345, -77.47216123895075 43.53497988146811))"
17C,2019-06-13 21:55:00+00:00,2019-06-13 23:55:00+00:00,0.0,45000.0,"POLYGON ((-103.65879757159558 43.50759271241975, -102.5712684589607 41.22661187148692, -104.72879738059882 38.05433927809014, -106.89 39.44, -106.96342934501958 43.08796648240902, -103.65879757159558 43.50759271241975))"
20C,2019-06-13 21:55:00+00:00,2019-06-13 23:55:00+00:00,0.0,45000.0,"POLYGON ((-106.97493971727127 34.73249165616256, -105.68128389359612 34.582849352010975, -106.28 32.651844778681955, -108.0290712728259 32.63223032172754, -106.97493971727127 34.73249165616256))"
18C,2019-06-13 21:55:00+00:00,2019-06-13 23:55:00+00:00,0.0,43000.0,"POLYGON ((-104.13120261940118 38.05433927809014, -103.21440991272043 37.132041061284916, -103.6 35.67910686720917, -105.72259983438522 36.129162438224135, -107.04 37.61815522131804, -104.13120261940118 38.05433927809014))"
19C,2019-06-13 21:55:00+00:00,2019-06-13 23:55:00+00:00,0.0,45000.0,"POLYGON ((-103.6 35.67910686720917, -103.79694434427167 32.33934960372403, -105.55443991928034 32.07260916537202, -104.76224881604618 35.5320765522956, -103.6 35.67910686720917))"
64W,2019-06-13 21:55:00+00:00,2019-06-13 23:55:00+00:00,0.0,45000.0,"POLYGON ((-118.1313733360033 43.05081893090988, -113.23668804106505 41.609094681751884, -111.75621548104812 38.709356488328304, -117.36172898436668 38.76782210556731, -119.65999999999998 40.69458269015475, -118.1313733360033 43.05081893090988))"
65W,2019-06-13 21:55:00+00:00,2019-06-13 23:55:00+00:00,0.0,45000.0,"POLYGON ((-120.94709234015026 43.25770019361522, -118.4944089001089 42.397301724388164, -119.65999999999998 40.69458269015475, -121.6388682260298 39.90744402999798, -122.31587324520808 41.4025160915005, -120.94709234015026 43.25770019361522))"
62W,2019-06-13 21:55:00+00:00,2019-06-13 23:55:00+00:00,0.0,45000.0,"POLYGON ((-108.17632347414971 47.44394759797629, -108.3 42.46178626558164, -113.23668804106505 41.609094681751884, -115.84337127598296 42.47203833425863, -112.13641693398196 46.91725896036941, -108.17632347414971 47.44394759797629))"
66W,2019-06-13 21:55:00+00:00,2019-06-13 23:55:00+00:00,0.0,43000.0,"POLYGON ((-119.01290572080754 39.52820611816096, -117.55887512693738 37.99981128738885, -118.51051144522951 37.40946699886053, -119.65999999999998 38.53178626558165, -119.01290572080754 39.52820611816096))"
63W,2019-06-13 21:55:00+00:00,2019-06-13 23:55:00+00:00,0.0,45000.0,"POLYGON ((-113.16081075006007 46.60361267870856, -114.2591787572366 44.712449670021016, -119.0494374523469 43.5395890518847, -117.62999999999998 46.56178626558166, -113.16081075006007 46.60361267870856))"
KILO 6,2019-06-13 22:40:00+00:00,2019-06-14 02:40:00+00:00,0.0,50000.0,"POLYGON ((-83.45 25.55, -83.05 24.05, -84.55 25, -83.45 25.55))"
9E,2019-06-13 22:55:00+00:00,2019-06-14 00:55:00+00:00,,,"POLYGON ((-75.83285482838781 40.61133537105054, -76.92647362467045 38.84846520003793, -76.93356022279895 38.83479244276006, -77.41206306351314 37.70650029827248, -76.75652069390114 38.74303275093937, -75.6629018976185 40.50590292195199, -77.22793693648684 37.62841336372966, -76.74943409577264 38.75670550821724, -75.83285482838781 40.61133537105054))"
10E,2019-06-13 22:55:00+00:00,2019-06-14 00:55:00+00:00,0.0,28000.0,"POLYGON ((-81.70060801783845 39.36435925198643, -79.24480446366778 38.906880597650655, -81.90056547260934 38.03209599200263, -81.70060801783845 39.36435925198643))"
8E,2019-06-13 22:55:00+00:00,2019-06-14 00:55:00+00:00,0.0,31000.0,"POLYGON ((-77.01421055847611 43.74533380210397, -76.36030267305595 42.37364972592349, -76.44867380289007 40.76890690110259, -77.99 40.42089313279083, -80.29 42.352737911472786, -77.01421055847611 43.74533380210397))"
11E,2019-06-13 22:55:00+00:00,2019-06-14 00:55:00+00:00,0.0,45000.0,"POLYGON ((-78.8209924521177 29.280485096039094, -76.92536262025473 26.644934515787455, -82.07870782025289 23.9749247783217, -83.14679317876859 24.07469221014595, -84.2371486005722 27.32825693463806, -78.8209924521177 29.280485096039094))"
25C,2019-06-13 22:55:00+00:00,2019-06-14 00:55:00+00:00,0.0,45000.0,"POLYGON ((-103.28603676392001 35.79441544762327, -103.9206318112755 32.74983416596098, -104.84300846170056 30.615302008725454, -108.20033985448858 32.27862681453478, -106.82 35.206368955736394, -103.28603676392001 35.79441544762327))"
22C,2019-06-13 22:55:00+00:00,2019-06-14 00:55:00+00:00,0.0,41000.0,"POLYGON ((-106.14491244475408 48.98751545986747, -103.09559258107677 48.91751796511705, -101.98002861826322 48.06693024880555, -103.82935951759127 48.149730325305136, -106.14491244475408 48.98751545986747))"
24C,2019-06-13 22:55:00+00:00,2019-06-14 00:55:00+00:00,0.0,43000.0,"POLYGON ((-104.85392933896946 38.289237247646206, -102.34587274266667 37.25338585192899, -103.28603676392001 35.79441544762327, -106.08965283208626 35.97461070780125, -104.85392933896946 38.289237247646206))"
23C,2019-06-13 22:55:00+00:00,2019-06-14 00:55:00+00:00,0.0,45000.0,"POLYGON ((-102.83395560630993 43.672454666253074, -101.87617739515095 41.0947325493812, -103.92261911883513 37.87438336569514, -106.89 39.44, -106.96342934501958 43.08796648240902, -102.83395560630993 43.672454666253074))"
72W,2019-06-13 22:55:00+00:00,2019-06-14 00:55:00+00:00,0.0,45000.0,"POLYGON ((-120.86129816910173 43.480629136976894, -118.4944089001089 42.397301724388164, -119.65999999999998 40.69458269015475, -121.37003531547707 40.09674576367779, -122.24000000000001 41.26458269015474, -120.86129816910173 43.480629136976894))"
70W,2019-06-13 22:55:00+00:00,2019-06-14 00:55:00+00:00,0.0,45000.0,"POLYGON ((-116.98280502498801 46.48221897321022, -111.77912320725115 46.49223198639205, -114.69456241630617 43.98596599409188, -117.3376579829452 43.544259990068646, -119.71523253278488 43.870635903684644, -116.98280502498801 46.48221897321022))"
69W,2019-06-13 22:55:00+00:00,2019-06-14 00:55:00+00:00,0.0,41000.0,"POLYGON ((-115.36234905224947 49.02720186321011, -112.2827265360814 48.884528047598145, -113.43106646878367 48.207567872659745, -115.36234905224947 49.02720186321011))"
68W,2019-06-13 22:55:00+00:00,2019-06-14 00:55:00+00:00,0.0,45000.0,"POLYGON ((-108.17632347414971 47.44394759797629, -108.3 42.46178626558164, -112.76642441302363 41.96428301674706, -114.69456241630617 43.98596599409188, -110.73059525763674 47.256988083148165, -108.17632347414971 47.44394759797629))"
73W,2019-06-13 22:55:00+00:00,2019-06-14 00:55:00+00:00,0.0,43000.0,"POLYGON ((-118.17827101563333 38.76782210556731, -117.37921456112518 38.12668725030064, -118.65720741407773 37.290809480907924, -119.65999999999998 38.53178626558165, -118.17827101563333 38.76782210556731))"
71W,2019-06-13 22:55:00+00:00,2019-06-14 00:55:00+00:00,0.0,45000.0,"POLYGON ((-118.21937078350255 43.20429199627949, -112.45 41.86726208852722, -111.30455121118607 38.88901443695594, -116.98707741616722 38.25207551493457, -119.65999999999998 40.69458269015475, -118.21937078350255 43.20429199627949))"
67W,2019-06-13 22:55:00+00:00,2019-06-14 00:55:00+00:00,0.0,45000.0,"POLYGON ((-108.3 42.46178626558164, -106.87979076578593 42.012482984386246, -107.04 37.784524177054436, -110.86183609554502 38.11247875504324, -111.98 40.85, -108.3 42.46178626558164))"
12E,2019-06-13 23:55:00+00:00,2019-06-14 01:55:00+00:00,0.0,32000.0,"POLYGON ((-74.68036308969295 40.280846528183645, -75.70616557587577 38.41350330874848, -76.71574397829279 38.24473038299266, -75.92976474446934 40.118615418870846, -74.68036308969295 40.280846528183645))"
13E,2019-06-13 23:55:00+00:00,2019-06-14 01:55:00+00:00,0.0,45000.0,"POLYGON ((-78.73820847810669 29.198283840659172, -77.1378234558031 27.731732169128477, -81.8 24.090893132790825, -83.14679317876859 24.07469221014595, -83.99087710633145 26.098574124334636, -78.73820847810669 29.198283840659172))"
76W,2019-06-13 23:55:00+00:00,2019-06-14 01:55:00+00:00,0.0,45000.0,"POLYGON ((-109.24065591259536 48.18585859849146, -106.62073855397311 46.569043938933184, -107.71245238394837 45.029146572741645, -109.40952665878419 44.54360174699881, -110.72031513871117 46.97735636889176, -109.24065591259536 48.18585859849146))"
80W,2019-06-13 23:55:00+00:00,2019-06-14 01:55:00+00:00,0.0,43000.0,"POLYGON ((-118.27400031385794 39.076076703308374, -116.71441909223482 37.99528240993996, -118.51051144522951 37.40946699886053, -119.65999999999998 38.53178626558165, -118.27400031385794 39.076076703308374))"
79W,2019-06-13 23:55:00+00:00,2019-06-14 01:55:00+00:00,0.0,45000.0,"POLYGON ((-120.94813713906906 43.634636856856154, -112.13121039876933 42.43484089930224, -110.86183609554502 38.11247875504324, -116.79050297609922 38.314279288629066, -122.74629814175157 41.021135170871965, -120.94813713906906 43.634636856856154))"
77W,2019-06-13 23:55:00+00:00,2019-06-14 01:55:00+00:00,0.0,41000.0,"POLYGON ((-115.18507095421619 48.90831403297559, -111.77507095421618 48.90831403297559, -113.25283305890473 48.460952672189876, -114.37223107058664 48.517250228709216, -115.18507095421619 48.90831403297559))"
75W,2019-06-13 23:55:00+00:00,2019-06-14 01:55:00+00:00,0.0,45000.0,"POLYGON ((-107.23862408096599 44.53245054747168, -107.23553180908378 42.38015313579989, -110.13215834311701 41.58464093410364, -111.4073701918618 42.51362659834109, -110.64184343415717 43.76367105795566, -107.23862408096599 44.53245054747168))"
78W,2019-06-13 23:55:00+00:00,2019-06-14 01:55:00+00:00,0.0,45000.0,"POLYGON ((-114.18 47.37815522131805, -110.10320794577726 44.68424166743714, -112.82287953299274 42.56245981126039, -119.89497990617691 43.56430742165941, -117.07367571141518 46.63640884650392, -114.18 47.37815522131805))"
74W,2019-06-13 23:55:00+00:00,2019-06-14 01:55:00+00:00,0.0,45000.0,"POLYGON ((-108.20120342901788 41.332422181714335, -108.79000000000002 39.39273791147279, -111.3295626727824 39.751793032858124, -111.57282136441704 40.97661820850097, -108.20120342901788 41.332422181714335))"
29C,2019-06-13 23:59:00+00:00,2019-06-14 01:55:00+00:00,0.0,44000.0,"POLYGON ((-98.60606554758769 47.839160516992585, -98.15152009304222 47.839160516992585, -98.15152009304222 47.38461506244713, -98.60606554758769 47.38461506244713, -98.60606554758769 47.839160516992585))"
28C,2019-06-13 23:59:00+00:00,2019-06-14 01:55:00+00:00,0.0,45000.0,"POLYGON ((-104.13120261940118 38.05433927809014, -101.93683379707139 37.35441774730114, -103.24000000000001 32.36910686720918, -104.31585227335323 29.530966792072043, -107.61 32.612737911472784, -104.13120261940118 38.05433927809014))"
26C,2019-06-13 23:59:00+00:00,2019-06-14 01:55:00+00:00,0.0,41000.0,"POLYGON ((-106.14491244475408 48.98751545986747, -102.54715025040129 49.076714383174505, -100.93821256327632 48.024180466559066, -103.22896104008348 47.914182535515955, -106.14491244475408 48.98751545986747))"
27C,2019-06-13 23:59:00+00:00,2019-06-14 01:55:00+00:00,0.0,45000.0,"POLYGON ((-102.83395560630993 43.672454666253074, -101.87617739515095 41.0947325493812, -102.93152178722129 37.73863727954657, -108.79000000000002 39.39273791147279, -107.9873896236918 41.90372662162885, -102.83395560630993 43.672454666253074))"
ALFA 2,2019-06-14 00:10:00+00:00,2019-06-14 04:10:00+00:00,0.0,44000.0,"POLYGON ((-77.1 25.45, -74.3 23.3, -75.3 22.15, -78.35 24.2, -77.1 25.45))"
3E,2019-06-14 00:55:00+00:00,2019-06-14 02:55:00+00:00,0.0,24000.0,"POLYGON ((-79.85546407869181 39.534655822745115, -79.77141145853666 39.353175363617815, -81.84662196623722 38.39204224005994, -81.93067458639237 38.573522699187244, -79.85546407869181 39.534655822745115))"
1E,2019-06-14 00:55:00+00:00,2019-06-14 02:55:00+00:00,0.0,25000.0,"POLYGON ((-74.89373349285172 40.95880883941202, -74.29666391861484 40.462827434232175, -75.16885215118432 38.46015596736959, -75.79428991466973 38.8839225415902, -74.89373349285172 40.95880883941202))"
1C,2019-06-14 00:55:00+00:00,2019-06-14 02:55:00+00:00,0.0,39000.0,"POLYGON ((-98.01677459999918 48.561439110011655, -97.9950362051848 47.33482384886316, -98.19500480473063 47.33127995331164, -98.21674319954501 48.55789521446014, -98.01677459999918 48.561439110011655))"
3W,2019-06-14 00:55:00+00:00,2019-06-14 02:55:00+00:00,0.0,40000.0,"POLYGON ((-114.18 48.932854697104474, -113.0070776646458 48.96524178806523, -113.87196762600107 48.414043976553415, -114.34691216415835 48.47701192930889, -114.18 48.932854697104474))"
2E,2019-06-14 00:55:00+00:00,2019-06-14 02:55:00+00:00,0.0,45000.0,"POLYGON ((-78.73820847810669 29.198283840659172, -77.1378234558031 27.731732169128477, -81.8 24.090893132790825, -83.14679317876859 24.07469221014595, -83.99087710633145 26.098574124334636, -78.73820847810669 29.198283840659172))"
3C,2019-06-14 00:55:00+00:00,2019-06-14 02:55:00+00:00,0.0,45000.0,"POLYGON ((-102.2005932144076 43.388922083153396, -101.57115988084978 42.55912941728114, -103.08049319010777 38.0720195051558, -104.3490553215076 38.13626729162493, -105.84947518573982 42.32066250408852, -102.2005932144076 43.388922083153396))"
2C,2019-06-14 00:55:00+00:00,2019-06-14 02:55:00+00:00,0.0,38000.0,"POLYGON ((-106.14491244475408 48.98751545986747, -102.54715025040129 49.076714383174505, -101.29 48.26, -102.29766967366182 47.62756291534055, -106.14491244475408 48.98751545986747))"
4C,2019-06-14 00:55:00+00:00,2019-06-14 02:55:00+00:00,0.0,45000.0,"POLYGON ((-102.69 37.70089313279083, -101.93683379707139 37.35441774730114, -103.95 31.131844778681963, -105.20182996462627 30.739710185342066, -107.61 32.77910686720918, -102.69 37.70089313279083))"
5W,2019-06-14 00:55:00+00:00,2019-06-14 02:55:00+00:00,0.0,40000.0,"POLYGON ((-115.82238907961883 41.38832565009513, -111.98 40.85, -110.7 37.754524177054435, -114.78076044834374 38.12201834312652, -115.82238907961883 41.38832565009513))"
1W,2019-06-14 00:55:00+00:00,2019-06-14 02:55:00+00:00,0.0,41000.0,"POLYGON ((-109.29637299787521 47.77049349946707, -107.59437687206025 46.51129577722362, -108.25862328174833 45.19460664844538, -109.71623140514137 45.48640462956326, -110.72031513871117 46.97735636889176, -109.29637299787521 47.77049349946707))"
4W,2019-06-14 00:55:00+00:00,2019-06-14 02:55:00+00:00,0.0,45000.0,"POLYGON ((-114.41975369921305 47.45341984646319, -110.10320794577726 44.68424166743714, -111.96901143631605 42.86798207702423, -117.16344836024982 46.19565003999236, -114.41975369921305 47.45341984646319))"
6W,2019-06-14 00:55:00+00:00,2019-06-14 02:55:00+00:00,0.0,45000.0,"POLYGON ((-118.04462629512548 44.839759804331045, -116.35480068210688 39.290313727363426, -118.94640812040954 38.37615443060829, -122.74629814175157 41.021135170871965, -118.04462629512548 44.839759804331045))"
2W,2019-06-14 00:55:00+00:00,2019-06-14 02:55:00+00:00,0.0,45000.0,"POLYGON ((-109.11832268178091 44.04530335836543, -106.62526931669753 42.47465831949591, -105.74283614706233 39.80496736480701, -108.79000000000002 38.560893132790824, -110.93724996619623 40.3918695669992, -109.11832268178091 44.04530335836543))"
6C,2019-06-14 01:55:00+00:00,2019-06-14 03:55:00+00:00,0.0,38000.0,"POLYGON ((-105.54077043647743 48.93049851261048, -101.29 48.83828375768358, -101.13675505127097 48.15767095327862, -102.36033974458499 47.527106430759105, -105.54077043647743 48.93049851261048))"
5C,2019-06-14 01:55:00+00:00,2019-06-14 03:55:00+00:00,0.0,39000.0,"POLYGON ((-97.89205591506565 48.18246996638977, -97.73063718639446 47.03640663408524, -97.92868245500824 47.00851269962466, -98.09010118367944 48.15457603192919, -97.89205591506565 48.18246996638977))"
4E,2019-06-14 01:55:00+00:00,2019-06-14 03:55:00+00:00,0.0,45000.0,"POLYGON ((-78.73820847810669 29.198283840659172, -77.48803233666251 27.611235972021877, -80.28 25.13452417705443, -83.14679317876859 24.07469221014595, -83.8612390655358 26.21748090730025, -78.73820847810669 29.198283840659172))"
8C,2019-06-14 01:55:00+00:00,2019-06-14 03:55:00+00:00,0.0,45000.0,"POLYGON ((-101.17524237081818 37.56623764438111, -103.95 30.965475822945574, -105.20182996462627 30.739710185342066, -107.19092872717408 32.63223032172754, -102.97290884123731 37.258346377166134, -101.17524237081818 37.56623764438111))"
7C,2019-06-14 01:55:00+00:00,2019-06-14 03:55:00+00:00,0.0,45000.0,"POLYGON ((-101.88125570471217 43.15091100893687, -101.2345676577042 42.1812406682165, -102.022459164171 40.00434857752905, -104.34871173206183 38.4436768561746, -105.2909242569205 42.107733040827185, -101.88125570471217 43.15091100893687))"
7W,2019-06-14 01:55:00+00:00,2019-06-14 03:55:00+00:00,0.0,41000.0,"POLYGON ((-110.72031513871117 46.97735636889176, -107.29611964637732 46.75414050059819, -107.23862408096599 44.53245054747168, -110.72031513871117 46.97735636889176))"
12W,2019-06-14 01:55:00+00:00,2019-06-14 03:55:00+00:00,0.0,42000.0,"POLYGON ((-119.80936085527534 43.79459319958408, -115.92846556142642 43.088585883258176, -116.34252225525894 39.49261588178384, -118.94640812040954 38.37615443060829, -122.24000000000001 40.93184477868196, -119.80936085527534 43.79459319958408))"
9W,2019-06-14 01:55:00+00:00,2019-06-14 03:55:00+00:00,0.0,40000.0,"POLYGON ((-114.18 49.04184477868196, -109.0526208259624 49.008349436087784, -109.01619703536223 48.53753949796674, -114.18 48.04363104426362, -114.18 49.04184477868196))"
10W,2019-06-14 01:55:00+00:00,2019-06-14 03:55:00+00:00,0.0,45000.0,"POLYGON ((-114.18 47.37815522131805, -109.90959718042005 44.195288020679705, -111.81002720678067 42.66879185403726, -115.93879306063977 45.230795400052976, -115.303555489693 47.224195316108684, -114.18 47.37815522131805))"
11W,2019-06-14 01:55:00+00:00,2019-06-14 03:55:00+00:00,0.0,40000.0,"POLYGON ((-114.14804428686593 41.86466928864445, -109.92875138686031 40.20349254750692, -111.45906417155736 37.68701421784924, -116.0004695370443 39.86049025763161, -114.14804428686593 41.86466928864445))"
8W,2019-06-14 01:55:00+00:00,2019-06-14 03:55:00+00:00,0.0,45000.0,"POLYGON ((-107.84159623599488 43.45908443287893, -106.28 42.25815522131805, -106.28477638997171 38.967863948115095, -108.18799255752646 38.58788503531223, -110.24575139494159 41.20146835285963, -107.84159623599488 43.45908443287893))"
6E,2019-06-14 02:55:00+00:00,2019-06-14 04:55:00+00:00,0.0,36000.0,"POLYGON ((-70.09348847789954 38.8995547130802, -69.96651152210046 38.74503334660941, -73.98300547694298 35.44450483706042, -74.10998243274206 35.59902620353121, -70.09348847789954 38.8995547130802))"
9C,2019-06-14 02:55:00+00:00,2019-06-14 04:55:00+00:00,0.0,28000.0,"POLYGON ((-96.42006306191082 47.15373794337799, -96.37963481766828 46.957866666597894, -97.88470313997138 46.64721739358522, -97.92513138421393 46.84308867036532, -96.42006306191082 47.15373794337799))"
13C,2019-06-14 02:55:00+00:00,2019-06-14 04:55:00+00:00,0.0,45000.0,"POLYGON ((-103.98211250294061 33.11706903776575, -103.24000000000001 32.15914187884179, -104.25904817429613 30.18898711059571, -106.59400422951592 31.708964647066097, -106.48369118620678 33.00083517865622, -103.98211250294061 33.11706903776575))"
13W,2019-06-14 02:55:00+00:00,2019-06-14 04:55:00+00:00,0.0,40000.0,"POLYGON ((-107.97974932330432 43.02369606185647, -105.96154742405635 42.653701178349024, -105.99761216813819 42.456979714765836, -108.01581406738616 42.82697459827328, -107.97974932330432 43.02369606185647))"
14W,2019-06-14 02:55:00+00:00,2019-06-14 04:55:00+00:00,0.0,40000.0,"POLYGON ((-113.57125732452866 47.79947547273025, -111.92435560594262 44.29409914220277, -114.18734636928271 43.01386846552994, -115.95122851632935 47.255150251507054, -113.57125732452866 47.79947547273025))"
5E,2019-06-14 02:55:00+00:00,2019-06-14 04:55:00+00:00,0.0,45000.0,"POLYGON ((-81.1506781538118 27.09023183832174, -79.76700584083355 25.990099428596057, -82.64302907886804 24.269323624401174, -83.14827054507217 26.0141478377521, -81.1506781538118 27.09023183832174))"
10C,2019-06-14 02:55:00+00:00,2019-06-14 04:55:00+00:00,0.0,37000.0,"POLYGON ((-103.09559258107677 48.91751796511705, -100.39620714899094 48.844769272112025, -101.9002582540588 47.444935012440375, -104.0787137938851 48.148921311996766, -103.09559258107677 48.91751796511705))"
11C,2019-06-14 02:55:00+00:00,2019-06-14 04:55:00+00:00,0.0,45000.0,"POLYGON ((-100.47194728474457 42.92191548287576, -101.69 39.39, -103.84405415128835 38.09754111549727, -105.06092418988851 39.936644065592645, -104.30918036122559 42.141691187499916, -100.47194728474457 42.92191548287576))"
12C,2019-06-14 02:55:00+00:00,2019-06-14 04:55:00+00:00,0.0,45000.0,"POLYGON ((-101.33034849469558 38.389042075919455, -100.80982757985372 37.3473022803483, -102.9171115093699 34.346270892057056, -105.08218372354096 34.26137554175545, -101.33034849469558 38.389042075919455))"
15W,2019-06-14 02:55:00+00:00,2019-06-14 04:55:00+00:00,0.0,41000.0,"POLYGON ((-108.35268136096971 41.58807066334272, -109.71088538348116 38.0620932069341, -111.48196214139482 38.1627311523047, -115.18930134780568 41.16688362314591, -108.35268136096971 41.58807066334272))"
16W,2019-06-14 02:55:00+00:00,2019-06-14 04:55:00+00:00,0.0,43000.0,"POLYGON ((-119.89497990617691 43.56430742165941, -115.92846556142642 43.088585883258176, -117.01751412344126 38.585814658800544, -118.74949702390079 38.314279288629066, -121.02054987390645 41.5666278892664, -119.89497990617691 43.56430742165941))"
8E,2019-06-14 03:55:00+00:00,2019-06-14 05:55:00+00:00,0.0,36000.0,"POLYGON ((-70.09809052726689 39.3292439978098, -69.96190947273311 39.18276969840518, -73.97840342757563 35.44852837059351, -74.11458448210941 35.595002669998124, -70.09809052726689 39.3292439978098))"
7E,2019-06-14 03:55:00+00:00,2019-06-14 05:55:00+00:00,0.0,45000.0,"POLYGON ((-80.67674216005365 27.27917651678932, -79.68547396431826 26.02008999815083, -81.86090789710144 24.723553874502983, -82.52463188490344 26.251443369981946, -80.67674216005365 27.27917651678932))"
15C,2019-06-14 03:55:00+00:00,2019-06-14 05:55:00+00:00,0.0,37000.0,"POLYGON ((-105.69825774824345 48.829631653114035, -99.67119467771646 48.6913098924911, -99.76434872204798 47.36981927266951, -102.01530780874086 47.368672269327064, -105.69825774824345 48.829631653114035))"
17W,2019-06-14 03:55:00+00:00,2019-06-14 05:55:00+00:00,0.0,41000.0,"POLYGON ((-107.43043470811003 48.825233026809755, -107.37934208438418 48.63186926650083, -108.94106369729255 48.219214617018665, -108.9921563210184 48.41257837732759, -107.43043470811003 48.825233026809755))"
19W,2019-06-14 03:55:00+00:00,2019-06-14 05:55:00+00:00,0.0,45000.0,"POLYGON ((-119.38623503783789 43.3023713500701, -115.47008093165938 42.47582480045282, -117.11680053840726 38.50933484699553, -118.9627363125788 38.381265697963954, -119.65999999999998 40.83113845478805, -119.38623503783789 43.3023713500701))"
16C,2019-06-14 03:55:00+00:00,2019-06-14 05:55:00+00:00,0.0,45000.0,"POLYGON ((-101.46136540063348 43.006294387347445, -99.99 42.57, -101.09172274077874 39.579470101760336, -102.69 38.69910686720919, -103.42154887077645 41.0991571670783, -101.46136540063348 43.006294387347445))"
17C,2019-06-14 03:55:00+00:00,2019-06-14 05:55:00+00:00,0.0,45000.0,"POLYGON ((-102.22048516427567 37.03343839908489, -100.8111194105273 36.73248415894925, -101.71785240604967 35.13627016973771, -103.44361848583843 35.48730937505223, -102.22048516427567 37.03343839908489))"
18C,2019-06-14 03:55:00+00:00,2019-06-14 05:55:00+00:00,0.0,45000.0,"POLYGON ((-105.90219634210935 32.587967010721286, -102.96224345147176 32.104979459096896, -104.30558504919132 30.17218604968315, -106.41827212836017 31.70228462162966, -105.90219634210935 32.587967010721286))"
14C,2019-06-14 03:55:00+00:00,2019-06-14 05:55:00+00:00,0.0,28000.0,"POLYGON ((-97.4192030551945 47.886105142990914, -95.48510724626902 46.810525707394966, -96.85 46.25089313279083, -97.96498521534504 46.42622964852336, -97.4192030551945 47.886105142990914))"
18W,2019-06-14 03:55:00+00:00,2019-06-14 05:55:00+00:00,0.0,36000.0,"POLYGON ((-111.66331195893495 41.609094681751884, -107.907841656883 41.58464093410364, -109.25506093976044 38.42437458084232, -110.86183609554502 38.11247875504324, -111.66331195893495 41.609094681751884))"
22C,2019-06-14 04:55:00+00:00,2019-06-14 06:55:00+00:00,0.0,45000.0,"POLYGON ((-104.62 32.76171624231643, -102.12484978167367 31.87641721575553, -104.26823744337791 29.631784326409623, -106.12290369104471 31.764578602120114, -106.28 32.39828375768357, -104.62 32.76171624231643))"
21C,2019-06-14 04:55:00+00:00,2019-06-14 06:55:00+00:00,0.0,45000.0,"POLYGON ((-101.63737111055583 36.816829302784164, -99.88 36.629141878841786, -101.37064922541445 34.75543628142861, -102.78015000681476 35.453865404117295, -101.63737111055583 36.816829302784164))"
20W,2019-06-14 04:55:00+00:00,2019-06-14 06:55:00+00:00,0.0,41000.0,"POLYGON ((-106.65446981909979 48.89524368731032, -106.6055301809002 48.701323828056836, -108.74240204646013 48.16204055721517, -108.79134168465971 48.355960416468655, -106.65446981909979 48.89524368731032))"
22W,2019-06-14 04:55:00+00:00,2019-06-14 06:55:00+00:00,0.0,37000.0,"POLYGON ((-111.51512135536812 44.087894155476555, -111.74203063912321 42.86641264462645, -113.81327131470208 42.47800945083856, -113.36808221188305 44.084150682736826, -111.51512135536812 44.087894155476555))"
10E,2019-06-14 04:55:00+00:00,2019-06-14 06:55:00+00:00,0.0,36000.0,"POLYGON ((-70.09925458428529 39.022972006359765, -69.96074541571471 38.87869723302124, -72.81081057184406 36.14252828253379, -72.94931974041464 36.28680305587231, -70.09925458428529 39.022972006359765))"
9E,2019-06-14 04:55:00+00:00,2019-06-14 06:55:00+00:00,0.0,45000.0,"POLYGON ((-79.95820533913952 26.797579782734935, -78.89055775947249 26.229303019077314, -79.6298812004389 25.210354803629514, -81.8 24.59, -81.99262924340833 26.068727929460575, -79.95820533913952 26.797579782734935))"
20C,2019-06-14 04:55:00+00:00,2019-06-14 06:55:00+00:00,0.0,45000.0,"POLYGON ((-99.34506006207512 43.798880893317516, -98.42913647727863 42.93082017708635, -100.39373670283379 38.952475364965885, -102.08731086663174 38.669026645638255, -101.96510070978405 40.7772018336578, -99.34506006207512 43.798880893317516))"
19C,2019-06-14 04:55:00+00:00,2019-06-14 06:55:00+00:00,0.0,38000.0,"POLYGON ((-104.65268540330287 48.8509037935655, -98.43937192095507 48.766788539111644, -99.62598668782762 47.46114085615235, -101.63943377384757 47.172790908528775, -104.65268540330287 48.8509037935655))"
21W,2019-06-14 04:55:00+00:00,2019-06-14 06:55:00+00:00,0.0,42000.0,"POLYGON ((-119.21420491370262 43.423893598696566, -115.3922900314162 42.476461307115045, -114.77900113004321 41.043864439786276, -117.5438679421265 41.038890960858836, -119.09805087960189 41.422481907909706, -119.21420491370262 43.423893598696566))"
BRAVO 1,2019-06-14 05:30:00+00:00,2019-06-14 09:30:00+00:00,0.0,40000.0,"POLYGON ((-69.45 39.3, -68.15 38.45, -71.15 35.3, -73 35.45, -69.45 39.3))"
24C,2019-06-14 05:55:00+00:00,2019-06-14 07:55:00+00:00,0.0,45000.0,"POLYGON ((-100.3414293569044 41.35596171164183, -98.70540783783724 41.26880290351836, -100.33961026710966 38.22603771221068, -101.69 38.811716242316415, -100.99334801261435 40.50598304567661, -100.3414293569044 41.35596171164183))"
23C,2019-06-14 05:55:00+00:00,2019-06-14 07:55:00+00:00,0.0,40000.0,"POLYGON ((-97.52386606639293 48.48378440943274, -97.64518227033287 47.64241559023188, -100.67 47.33828375768357, -100.48403808090364 48.47849251551962, -97.52386606639293 48.48378440943274))"
12E,2019-06-14 05:55:00+00:00,2019-06-14 07:55:00+00:00,0.0,41000.0,"POLYGON ((-76.96425744252087 32.50218772195476, -76.52533568609658 31.575903377538353, -77.29585037846218 29.245810877021633, -79.7174551077208 30.964444740028352, -76.96425744252087 32.50218772195476))"
11E,2019-06-14 05:55:00+00:00,2019-06-14 07:55:00+00:00,0.0,45000.0,"POLYGON ((-79.34523527425056 26.678058003974225, -78.71997447457538 26.164105012939295, -79.37160440807766 24.97370270455796, -81.63105107176041 24.526239133451586, -81.1500602686632 25.176804459684146, -79.34523527425056 26.678058003974225))"
28C,2019-06-14 05:55:00+00:00,2019-06-14 07:55:00+00:00,0.0,37000.0,"POLYGON ((-98.79911712555646 38.54205367350181, -96.87008079500339 38.33938834342322, -96.96970516087383 36.02789876757129, -99.05387036992381 36.337157048602975, -98.79911712555646 38.54205367350181))"
25C,2019-06-14 05:55:00+00:00,2019-06-14 07:55:00+00:00,0.0,45000.0,"POLYGON ((-101.7376563317835 36.78285730826943, -99.30615022856105 36.52962951206631, -101.0962205081517 34.36735685073003, -102.4552775052322 35.28726475362841, -101.7376563317835 36.78285730826943))"
27C,2019-06-14 05:55:00+00:00,2019-06-14 07:55:00+00:00,0.0,35000.0,"POLYGON ((-107.11508755524589 48.98751545986747, -102.36504910133425 48.960884473654744, -102.58261433758332 48.14568542038943, -108.48977905441616 47.771089088444036, -107.11508755524589 48.98751545986747))"
26C,2019-06-14 05:55:00+00:00,2019-06-14 07:55:00+00:00,0.0,45000.0,"POLYGON ((-104.05975783915507 32.86817837655505, -101.77538999944036 31.656403517529085, -103.95 29.301786265581644, -105.02230366413714 30.67762935509933, -105.58330622214797 32.40630715788342, -104.05975783915507 32.86817837655505))"
29C,2019-06-14 05:55:00+00:00,2019-06-14 07:55:00+00:00,0.0,37000.0,"POLYGON ((-99.34506006207512 43.798880893317516, -97.6996743873965 43.646313446833176, -98.01337943043148 42.468010148234605, -99.5381918340587 42.569112506423515, -99.34506006207512 43.798880893317516))"
23W,2019-06-14 05:55:00+00:00,2019-06-14 07:55:00+00:00,0.0,37000.0,"POLYGON ((-119.37834315623631 43.30796249327933, -115.3922900314162 42.476461307115045, -114.54313496687055 41.31556972340471, -117.17319351438604 41.03083928722977, -119.09805087960189 41.422481907909706, -119.37834315623631 43.30796249327933))"
14E,2019-06-14 06:55:00+00:00,2019-06-14 08:55:00+00:00,0.0,45000.0,"POLYGON ((-76.28529439415205 33.010795483456945, -75.30890323925838 33.438056320016976, -77.90381917311599 28.596472303135133, -79.26323854219324 31.28479790917351, -76.28529439415205 33.010795483456945))"
30C,2019-06-14 06:55:00+00:00,2019-06-14 08:55:00+00:00,0.0,38000.0,"POLYGON ((-96.85613393360707 48.48378440943274, -96.85 47.183712818262684, -99.2954407994775 47.13908685286883, -98.7989244111188 48.38143285872372, -96.85613393360707 48.48378440943274))"
32C,2019-06-14 06:55:00+00:00,2019-06-14 08:55:00+00:00,0.0,45000.0,"POLYGON ((-100.97 36.317145302895526, -99.54884210251666 36.22889313454414, -100.3569206570192 34.236415649040694, -102.34846201087133 35.28793453962528, -100.97 36.317145302895526))"
13E,2019-06-14 06:55:00+00:00,2019-06-14 08:55:00+00:00,0.0,43000.0,"POLYGON ((-78.97286876565066 26.675630616850057, -78.61698795307112 25.79054288769907, -78.85801633912979 24.49907333891924, -80.33635905289492 24.582926252780663, -80.28 24.96815522131804, -78.97286876565066 26.675630616850057))"
33C,2019-06-14 06:55:00+00:00,2019-06-14 08:55:00+00:00,0.0,45000.0,"POLYGON ((-103.46378947397807 31.408689283935857, -102.39803548748212 30.948696402189565, -103.36730441863041 29.069070318372592, -104.38835170535828 29.377040276992666, -104.77347573755479 31.003266611899118, -103.46378947397807 31.408689283935857))"
34C,2019-06-14 06:55:00+00:00,2019-06-14 08:55:00+00:00,0.0,38000.0,"POLYGON ((-107.11508755524589 48.98751545986747, -102.18379285100909 48.844769272112025, -101.99036350329465 47.78729678015629, -108.48977905441616 47.771089088444036, -107.11508755524589 48.98751545986747))"
36C,2019-06-14 06:55:00+00:00,2019-06-14 08:55:00+00:00,0.0,37000.0,"POLYGON ((-99.18401314878406 43.67996850265145, -97.6996743873965 43.646313446833176, -97.85311115081055 42.7216298883494, -99.17116704274169 42.82191901484875, -99.18401314878406 43.67996850265145))"
35C,2019-06-14 06:55:00+00:00,2019-06-14 08:55:00+00:00,0.0,45000.0,"POLYGON ((-97.28975526702668 39.544356269735, -96.60385896443806 38.06431569425654, -96.36965156737803 35.728036976477895, -98.68086142904241 36.092918688610936, -98.94087534536253 39.25289348907591, -97.28975526702668 39.544356269735))"
31C,2019-06-14 06:55:00+00:00,2019-06-14 08:55:00+00:00,0.0,45000.0,"POLYGON ((-99.3692070555557 41.05715772183446, -98.01376668916234 40.764688550586854, -100.30821211922176 37.919247324130794, -101.02920894927422 38.15490302084303, -100.2808848506845 40.43487091095333, -99.3692070555557 41.05715772183446))"
24W,2019-06-14 06:55:00+00:00,2019-06-14 08:55:00+00:00,0.0,43000.0,"POLYGON ((-111.77507095421618 48.90831403297559, -110.30677686064764 48.8916806799559, -110.01423887141532 47.837555750878735, -112.64001243996067 47.44342215113786, -111.77507095421618 48.90831403297559))"
16E,2019-06-14 07:55:00+00:00,2019-06-14 09:55:00+00:00,0.0,45000.0,"POLYGON ((-76.28529439415205 33.010795483456945, -74.99261868552031 33.32038023264338, -77.59665235119397 28.701064074312963, -78.59893688826263 31.654990326569408, -76.28529439415205 33.010795483456945))"
37C,2019-06-14 07:55:00+00:00,2019-06-14 09:55:00+00:00,0.0,39000.0,"POLYGON ((-97.49646837499812 48.15404771488297, -95.26794968706388 47.98043271336665, -95.07717314074554 46.34522033055815, -97.4829746412837 46.74825502648876, -97.49646837499812 48.15404771488297))"
41C,2019-06-14 07:55:00+00:00,2019-06-14 09:55:00+00:00,0.0,38000.0,"POLYGON ((-105.69825774824345 48.829631653114035, -101.62592412786287 48.79377911405973, -105.36167636046808 45.96957527676468, -107.84218956553583 47.05745324284331, -105.69825774824345 48.829631653114035))"
44C,2019-06-14 07:55:00+00:00,2019-06-14 09:55:00+00:00,0.0,45000.0,"POLYGON ((-102.13810856486198 38.198708251781795, -100.56055935480248 37.97520347908918, -100.37850317087013 36.504940412176076, -101.63737111055583 36.816829302784164, -102.13810856486198 38.198708251781795))"
15E,2019-06-14 07:55:00+00:00,2019-06-14 09:55:00+00:00,0.0,45000.0,"POLYGON ((-78.78669224824179 26.674052879508793, -78.61698795307112 25.79054288769907, -78.47537047632721 24.14196710441644, -79.65078528567945 24.415309580049954, -80.28 24.96815522131804, -78.78669224824179 26.674052879508793))"
43C,2019-06-14 07:55:00+00:00,2019-06-14 09:55:00+00:00,0.0,33000.0,"POLYGON ((-98.87789109787154 44.0007984374361, -97.6996743873965 43.646313446833176, -97.64283490359577 42.78358170104823, -98.69 42.636368955736394, -98.87789109787154 44.0007984374361))"
42C,2019-06-14 07:55:00+00:00,2019-06-14 09:55:00+00:00,0.0,45000.0,"POLYGON ((-97.76565618466444 40.30257425285108, -96.21107170779872 38.187771245522406, -96.36965156737803 35.728036976477895, -98.07747679570892 36.042486788311784, -98.81188375670474 39.3059558370838, -97.76565618466444 40.30257425285108))"
38C,2019-06-14 07:55:00+00:00,2019-06-14 09:55:00+00:00,0.0,45000.0,"POLYGON ((-99.12689346270095 40.789171009253415, -97.57310653729905 40.789171009253415, -99.55488998428163 38.29617127424581, -100.39373670283379 38.952475364965885, -100.15436636514883 40.19918353327284, -99.12689346270095 40.789171009253415))"
39C,2019-06-14 07:55:00+00:00,2019-06-14 09:55:00+00:00,0.0,45000.0,"POLYGON ((-99.15524146576765 35.74960267118773, -99.86421887406017 34.01634008118133, -102.33596110422867 34.05219171842209, -102.25146415452353 35.28846140497736, -99.15524146576765 35.74960267118773))"
40C,2019-06-14 07:55:00+00:00,2019-06-14 09:55:00+00:00,0.0,42000.0,"POLYGON ((-102.84299696391015 30.832287131734926, -102.70949642533014 29.848483223811545, -103.95 29.46815522131804, -104.02362458333145 30.14627452055607, -102.84299696391015 30.832287131734926))"
25W,2019-06-14 07:55:00+00:00,2019-06-14 09:55:00+00:00,0.0,39000.0,"POLYGON ((-111.59863540257214 48.78915578496535, -109.77000000000001 48.8727379114728, -109.82287905042732 47.5307685319706, -111.65602217825963 47.44973686581355, -111.59863540257214 48.78915578496535))"
50C,2019-06-14 08:55:00+00:00,2019-06-14 10:55:00+00:00,0.0,45000.0,"POLYGON ((-101.84342125412269 37.92033063639758, -100.36347505689402 37.919431636394386, -100.13448658048878 36.54418468651547, -101.63737111055583 36.816829302784164, -101.84342125412269 37.92033063639758))"
45C,2019-06-14 08:55:00+00:00,2019-06-14 10:55:00+00:00,0.0,39000.0,"POLYGON ((-96.88353162500188 48.15404771488297, -94.42410658420613 47.744435128360415, -94.41622283132463 46.23869912682671, -96.55273423033243 46.545159934552544, -96.88353162500188 48.15404771488297))"
17E,2019-06-14 08:55:00+00:00,2019-06-14 10:55:00+00:00,0.0,41000.0,"POLYGON ((-76.05057862301025 32.80714986095124, -74.20321198508454 33.021772604324156, -78.01189746295503 27.428848997638664, -79.82613732429387 26.915037313910055, -78.24940281019201 31.347874173341076, -76.05057862301025 32.80714986095124))"
48C,2019-06-14 08:55:00+00:00,2019-06-14 10:55:00+00:00,0.0,40000.0,"POLYGON ((-105.55581208747374 48.920891508920796, -101.82379386124454 48.61169289922544, -105.1064636262388 45.78867258224413, -107.5222719592918 46.814953004992944, -105.55581208747374 48.920891508920796))"
47C,2019-06-14 08:55:00+00:00,2019-06-14 10:55:00+00:00,0.0,45000.0,"POLYGON ((-103.51634191540165 31.634419848072888, -103.51659516035193 30.75789165190176, -104.48511150535066 30.489911477706066, -105.19914340047889 31.43343021894515, -103.51634191540165 31.634419848072888))"
49C,2019-06-14 08:55:00+00:00,2019-06-14 10:55:00+00:00,0.0,45000.0,"POLYGON ((-96.5535733373827 40.912464794067716, -95.79 35.534524177054436, -98.03108076084496 35.04631128853407, -98.81188375670474 39.3059558370838, -97.57310653729905 40.789171009253415, -96.5535733373827 40.912464794067716))"
46C,2019-06-14 08:55:00+00:00,2019-06-14 10:55:00+00:00,0.0,45000.0,"POLYGON ((-98.78852338315694 35.64100309940781, -98.99130515265765 33.9893485621589, -101.71002653590519 33.69983891203634, -101.71785240604967 35.13627016973771, -98.78852338315694 35.64100309940781))"
CHARLIE 1,2019-06-14 09:00:00+00:00,2019-06-14 13:00:00+00:00,0.0,48000.0,"POLYGON ((-73.45 34.15, -73.3 32.15, -76.15 27.45, -78 28.3, -77 30, -77 32, -73.45 34.15))"
DELTA 1,2019-06-14 09:00:00+00:00,2019-06-14 13:00:00+00:00,0.0,48000.0,"POLYGON ((-79 27, -77 27, -76.3 24.45, -77.3 23.3, -79 24.45, -79 27))"
55C,2019-06-14 09:55:00+00:00,2019-06-14 11:55:00+00:00,0.0,39000.0,"POLYGON ((-100.36347505689402 37.919431636394386, -99.88 36.4845709394209, -101.13720902294234 36.98455774666444, -101.23679269753185 37.752937561046124, -100.36347505689402 37.919431636394386))"
18E,2019-06-14 09:55:00+00:00,2019-06-14 11:55:00+00:00,0.0,43000.0,"POLYGON ((-78.04017616835857 28.549753072258635, -78.18613306186202 27.36761851503847, -79.74557527872156 26.806917804688183, -79.44494193474968 28.058076368529584, -78.04017616835857 28.549753072258635))"
53C,2019-06-14 09:55:00+00:00,2019-06-14 11:55:00+00:00,0.0,40000.0,"POLYGON ((-102.18379285100909 48.844769272112025, -104.40317814854411 45.923845388681706, -107.5222719592918 46.814953004992944, -105.23556401463628 48.59361456869084, -102.18379285100909 48.844769272112025))"
51C,2019-06-14 09:55:00+00:00,2019-06-14 11:55:00+00:00,0.0,33000.0,"POLYGON ((-96.00647988842017 47.57577083515316, -93.78693748465122 47.573392121810926, -94.39485496326783 45.73459580440702, -95.95694513186656 46.49184828535359, -96.00647988842017 47.57577083515316))"
54C,2019-06-14 09:55:00+00:00,2019-06-14 11:55:00+00:00,0.0,45000.0,"POLYGON ((-96.05144023002036 40.934298475774966, -95.79 35.534524177054436, -97.83299103328152 34.93866126814074, -98.01446183661815 38.80200237928714, -97.22090354001371 40.513947590780106, -96.05144023002036 40.934298475774966))"
52C,2019-06-14 09:55:00+00:00,2019-06-14 11:55:00+00:00,0.0,45000.0,"POLYGON ((-98.62047221075267 35.39570882242333, -98.59 33.99, -101.1101211410515 33.69742265598809, -101.20949816061096 34.93631439773482, -98.62047221075267 35.39570882242333))"
ECHO 1,2019-06-14 10:30:00+00:00,2019-06-14 14:30:00+00:00,0.0,48000.0,"POLYGON ((-87.3 26, -86.15 25.15, -87.15 24.15, -90 24.45, -87.3 26))"
56C,2019-06-14 10:55:00+00:00,2019-06-14 12:55:00+00:00,0.0,45000.0,"POLYGON ((-98.25363613715962 35.176938247943795, -98.65662143280693 33.856415907076084, -101.0411568498048 33.69695906042214, -100.7878352464824 34.777901998547975, -98.25363613715962 35.176938247943795))"
59C,2019-06-14 10:55:00+00:00,2019-06-14 12:55:00+00:00,0.0,39000.0,"POLYGON ((-100.05478684392618 37.696768908801516, -99.62551341951121 36.54418468651547, -100.714548246493 36.8352717022026, -100.73 37.775429060579114, -100.05478684392618 37.696768908801516))"
58C,2019-06-14 10:55:00+00:00,2019-06-14 12:55:00+00:00,0.0,45000.0,"POLYGON ((-97.07209355636786 37.914886043485225, -95.2 37.738283757683575, -95.57675959890517 35.25052961860749, -97.54220007213847 34.51611976028169, -97.64332821689645 36.88394649635953, -97.07209355636786 37.914886043485225))"
19E,2019-06-14 10:55:00+00:00,2019-06-14 12:55:00+00:00,0.0,45000.0,"POLYGON ((-78.04017616835857 28.549753072258635, -77.66977732238547 26.659491541282645, -79.2274954426497 26.99572638673913, -79.27005623616982 28.120319361713236, -78.04017616835857 28.549753072258635))"
57C,2019-06-14 10:55:00+00:00,2019-06-14 12:55:00+00:00,0.0,39000.0,"POLYGON ((-102.4515277464714 48.57251093259559, -104.12262781698577 45.91081060505205, -106.29252621116018 46.61477144286953, -104.73900857293702 48.46253348633477, -102.4515277464714 48.57251093259559))"
CHARLIE 2,2019-06-14 11:15:00+00:00,2019-06-14 15:15:00+00:00,0.0,48000.0,"POLYGON ((-72.15 34.3, -71 33.3, -75.3 27.45, -77 27.45, -76.45 32, -72.15 34.3))"
DELTA 2,2019-06-14 11:15:00+00:00,2019-06-14 15:15:00+00:00,0.0,45000.0,"POLYGON ((-76.3 27, -76 22.45, -78.3 24.15, -79 27, -76.3 27))"
FOXTROT 1,2019-06-14 11:30:00+00:00,2019-06-14 15:30:00+00:00,30000.0,36000.0,"POLYGON ((169.15 44.15, 171.15 42.3, 165.15 38.45, 165 43, 169.15 44.15))"
60C,2019-06-14 11:55:00+00:00,2019-06-14 13:55:00+00:00,0.0,35000.0,"POLYGON ((-98.59 34.71285469710447, -98.59 33.84542906057911, -99.67449566755182 33.857321380370195, -99.91708232595212 34.67611637782653, -98.59 34.71285469710447))"
63C,2019-06-14 11:55:00+00:00,2019-06-14 13:55:00+00:00,0.0,45000.0,"POLYGON ((-99.88662192346968 37.64036108468282, -99.62551341951121 36.54418468651547, -100.46910525300524 36.872971583400606, -100.6599951472756 37.78641311762497, -99.88662192346968 37.64036108468282))"
61C,2019-06-14 11:55:00+00:00,2019-06-14 13:55:00+00:00,0.0,37000.0,"POLYGON ((-102.15858105722943 48.25672930887101, -103.48232660596169 45.6556610868309, -105.80153942316144 46.48213115866986, -104.33855036163169 47.636350892587174, -102.15858105722943 48.25672930887101))"
20E,2019-06-14 11:55:00+00:00,2019-06-14 13:55:00+00:00,0.0,45000.0,"POLYGON ((-78.8209924521177 29.280485096039094, -77.15560432621213 28.84966777351555, -77.48803233666251 27.611235972021877, -79.2274954426497 26.99572638673913, -79.41794339793215 28.61699225679675, -78.8209924521177 29.280485096039094))"
62C,2019-06-14 11:55:00+00:00,2019-06-14 13:55:00+00:00,0.0,45000.0,"POLYGON ((-95.03957082487167 37.46730181069597, -95.78000000000002 35.18273791147279, -97.40223534563665 34.67089612929937, -97.60127760694762 36.96439761682897, -96.61222047231773 37.42770268714906, -95.03957082487167 37.46730181069597))"
65C,2019-06-14 12:55:00+00:00,2019-06-14 14:55:00+00:00,0.0,41000.0,"POLYGON ((-99.5336022487947 37.00733252787362, -98.55882816997175 36.85943969832422, -99.50076454555492 36.03271875128347, -100.21210016639019 36.450190644423834, -99.5336022487947 37.00733252787362))"
21E,2019-06-14 12:55:00+00:00,2019-06-14 14:55:00+00:00,0.0,45000.0,"POLYGON ((-78.8209924521177 29.280485096039094, -77.15560432621213 28.84966777351555, -77.29754623950882 26.652697726195516, -79.05441703746935 27.05824119087265, -79.41794339793215 28.61699225679675, -78.8209924521177 29.280485096039094))"
66C,2019-06-14 12:55:00+00:00,2019-06-14 14:55:00+00:00,0.0,45000.0,"POLYGON ((-95.496148867795 37.39491327758134, -95.21718530769074 36.38963652114734, -97.01658486333072 33.90249466098179, -98.16610697677672 33.6363505270807, -96.45246684574691 37.15340977489635, -95.496148867795 37.39491327758134))"
64C,2019-06-14 12:55:00+00:00,2019-06-14 14:55:00+00:00,0.0,42000.0,"POLYGON ((-102.28952954263372 48.255668718526195, -101.29 47.76089313279083, -103.3690447392507 45.06813300481036, -104.77406473888328 45.55042597359625, -104.27888572807755 47.67730498067719, -102.28952954263372 48.255668718526195))"
CHARLIE 3,2019-06-14 13:50:00+00:00,2019-06-14 17:50:00+00:00,0.0,48000.0,"POLYGON ((-71.3 35.3, -68.3 35, -76.3 25, -79 25.3, -76.15 32, -71.3 35.3))"
70C,2019-06-14 13:55:00+00:00,2019-06-14 15:55:00+00:00,0.0,36000.0,"POLYGON ((-99.49776619213179 36.646073617019944, -98.81747174733339 36.34664445270518, -99.53949236133256 35.67168482391578, -100.00674272659285 36.23770596170816, -99.49776619213179 36.646073617019944))"
68C,2019-06-14 13:55:00+00:00,2019-06-14 15:55:00+00:00,0.0,40000.0,"POLYGON ((-103.51045942520794 46.34646123875594, -102.37040568670342 46.191468032372, -102.74364665947358 45.075427654597746, -104.0165856925349 44.691205891992496, -103.51045942520794 46.34646123875594))"
69C,2019-06-14 13:55:00+00:00,2019-06-14 15:55:00+00:00,0.0,32000.0,"POLYGON ((-93.58318959568429 46.65581455849883, -90.28693009358076 45.627016915732845, -91.48 44.9, -94.18952494887655 46.082756444456805, -93.58318959568429 46.65581455849883))"
22E,2019-06-14 13:55:00+00:00,2019-06-14 15:55:00+00:00,0.0,45000.0,"POLYGON ((-78.62090868383004 30.168248924699977, -76.97808172116771 28.908957479633735, -77.11144810324207 26.648937268035965, -79.05441703746935 27.05824119087265, -79.41794339793215 28.61699225679675, -78.62090868383004 30.168248924699977))"
71C,2019-06-14 13:55:00+00:00,2019-06-14 15:55:00+00:00,0.0,45000.0,"POLYGON ((-95.40875626891146 37.15981692593201, -95.21718530769074 36.38963652114734, -96.60414113318079 33.73813637090367, -97.5949818102185 33.85634449077845, -96.37666200213931 36.669134327850436, -95.40875626891146 37.15981692593201))"
67C,2019-06-14 13:55:00+00:00,2019-06-14 15:55:00+00:00,0.0,44000.0,"POLYGON ((-102.28952954263372 48.255668718526195, -100.67 47.42547582294557, -103.98643533146901 46.85355659813752, -103.95719680525072 47.5345580808571, -102.28952954263372 48.255668718526195))"
26W,2019-06-14 13:55:00+00:00,2019-06-14 15:55:00+00:00,0.0,38000.0,"POLYGON ((-107.42669261371935 45.803788719491365, -107.49257470100996 44.711849056716204, -111.38283076296221 44.67523841002764, -111.67279074484786 45.50131917346465, -107.42669261371935 45.803788719491365))"
FOXTROT 2,2019-06-14 14:55:00+00:00,2019-06-14 18:55:00+00:00,30000.0,36000.0,"POLYGON ((170 44.45, 172.45 41.45, 165 37.45, 165 42.3, 170 44.45))"
74C,2019-06-14 14:55:00+00:00,2019-06-14 16:55:00+00:00,0.0,43000.0,"POLYGON ((-103.32671556247854 45.92367118667823, -102.11640161296776 45.747150448965094, -102.66118476129525 44.799497717426014, -104.0165856925349 44.691205891992496, -103.32671556247854 45.92367118667823))"
73C,2019-06-14 14:55:00+00:00,2019-06-14 16:55:00+00:00,0.0,34000.0,"POLYGON ((-105.36740809507808 46.54449857424321, -104.902251763091 46.375215317424164, -106.33270352319832 45.34884110392397, -106.26768241963116 45.84529264927269, -105.36740809507808 46.54449857424321))"
72C,2019-06-14 14:55:00+00:00,2019-06-14 16:55:00+00:00,0.0,44000.0,"POLYGON ((-101.74790618782721 47.952405749126854, -100.67 47.33828375768357, -103.35418694741253 46.692536068290245, -103.55454742910742 47.07862732993249, -101.74790618782721 47.952405749126854))"
75C,2019-06-14 14:55:00+00:00,2019-06-14 16:55:00+00:00,0.0,38000.0,"POLYGON ((-95.62436545614608 36.25521083025398, -94.92715195284826 35.60952200088158, -96.04793102301504 34.31544111773251, -96.84740375220677 34.09892778409092, -96.29409770335499 35.790032694610545, -95.62436545614608 36.25521083025398))"
23E,2019-06-14 14:55:00+00:00,2019-06-14 16:55:00+00:00,0.0,45000.0,"POLYGON ((-77.3602197125684 30.584602074602635, -77.86366744383696 28.610195383562644, -79.16163806758793 27.500460269641966, -79.41794339793215 28.61699225679675, -78.43961397804969 29.273439933692682, -77.3602197125684 30.584602074602635))"
27W,2019-06-14 14:55:00+00:00,2019-06-14 16:55:00+00:00,0.0,36000.0,"POLYGON ((-107.29611964637732 46.75414050059819, -107.52924867786642 44.839039225357226, -110.28463125361894 44.377666988431095, -111.40319952020226 45.68645285960836, -107.29611964637732 46.75414050059819))"
25E,2019-06-14 15:55:00+00:00,2019-06-14 17:55:00+00:00,0.0,45000.0,"POLYGON ((-83.75117816411462 28.98479528170361, -81.94944460196048 28.759938847197883, -82.07885964686697 26.640338216811248, -82.83106965021693 27.854592724480945, -84.19578570364703 26.78178195780672, -83.75117816411462 28.98479528170361))"
76C,2019-06-14 15:55:00+00:00,2019-06-14 17:55:00+00:00,0.0,37000.0,"POLYGON ((-101.04263145852407 47.859034814273244, -100.34371825106021 47.2938041520324, -103.21595867616999 46.552449288125906, -103.16147198819647 46.969983503442926, -101.04263145852407 47.859034814273244))"
28W,2019-06-14 15:55:00+00:00,2019-06-14 17:55:00+00:00,0.0,36000.0,"POLYGON ((-106.92293753111288 46.652513379085924, -107.2957134137033 45.2404570946733, -110.16138300385228 44.01750534154695, -110.07168898615124 45.80080737898539, -106.92293753111288 46.652513379085924))"
24E,2019-06-14 15:55:00+00:00,2019-06-14 17:55:00+00:00,0.0,45000.0,"POLYGON ((-77.3602197125684 30.584602074602635, -77.86366744383696 28.610195383562644, -79.16163806758793 27.500460269641966, -79.282603940839 28.73352261360218, -78.43961397804969 29.273439933692682, -77.3602197125684 30.584602074602635))"
77C,2019-06-14 15:55:00+00:00,2019-06-14 17:55:00+00:00,0.0,33000.0,"POLYGON ((-101.72 45.745475822945565, -102.80229488904868 44.75653653740735, -103.83560363585354 44.56524985133362, -102.73211223481867 45.78141118654599, -101.72 45.745475822945565))"
27E,2019-06-14 16:55:00+00:00,2019-06-14 18:55:00+00:00,0.0,45000.0,"POLYGON ((-82.04155683229003 28.79286331647985, -81.96594917370523 26.529879413994006, -82.89665314046935 27.526904711845656, -84.2713189869526 26.752784623665224, -83.90257612885816 28.350267115996676, -82.04155683229003 28.79286331647985))"
26E,2019-06-14 16:55:00+00:00,2019-06-14 18:55:00+00:00,0.0,45000.0,"POLYGON ((-78.04017616835857 28.549753072258635, -79.24283907503919 24.855209794324182, -79.92867945265037 25.031054795294956, -79.87536829183776 27.14095313134864, -78.04017616835857 28.549753072258635))"
79C,2019-06-14 16:55:00+00:00,2019-06-14 18:55:00+00:00,0.0,39000.0,"POLYGON ((-89.90908855105174 44.86058773118486, -89.3150869040346 44.31766879922346, -94.14326020207046 43.675340861728806, -92.37632835307988 44.612069097511, -89.90908855105174 44.86058773118486))"
78C,2019-06-14 16:55:00+00:00,2019-06-14 18:55:00+00:00,0.0,34000.0,"POLYGON ((-102.56167275069184 45.66513343927875, -101.44730170768868 45.54079190811345, -103.64874358719956 43.787217296060874, -104.29983020489196 44.35477496333659, -102.56167275069184 45.66513343927875))"
29W,2019-06-14 16:55:00+00:00,2019-06-14 18:55:00+00:00,0.0,35000.0,"POLYGON ((-108.89177063438541 45.34856142355471, -109.28392154436364 44.161656861043, -109.90959718042005 44.195288020679705, -109.45503894538632 45.218733732068394, -108.89177063438541 45.34856142355471))"
CHARLIE 4,2019-06-14 17:40:00+00:00,2019-06-14 21:40:00+00:00,0.0,49000.0,"POLYGON ((-67.45 37, -65.45 35.3, -77 23.15, -79 24.3, -78.45 27, -67.45 37))"
GOLF 1,2019-06-14 17:45:00+00:00,2019-06-14 21:45:00+00:00,0.0,43000.0,"POLYGON ((-61.15 40.3, -59.3 38.45, -64.45 36.15, -65.3 37.3, -61.15 40.3))"
30W,2019-06-14 17:55:00+00:00,2019-06-14 19:55:00+00:00,0.0,44000.0,"POLYGON ((-113.44888780247051 48.98622942199688, -111.8911121975295 48.98622942199688, -112.16708533855454 48.697499824512725, -113.92897180261586 48.61042674106241, -113.44888780247051 48.98622942199688))"
31W,2019-06-14 17:55:00+00:00,2019-06-14 19:55:00+00:00,0.0,45000.0,"POLYGON ((-111.01580250709843 47.33867362091398, -109.69037861116425 47.17212881249541, -111.55221129152456 45.941474084852075, -112.11028195482336 46.342755431922924, -111.01580250709843 47.33867362091398))"
28E,2019-06-14 17:55:00+00:00,2019-06-14 19:55:00+00:00,0.0,45000.0,"POLYGON ((-79.27005623616982 28.120319361713236, -78.36017565993521 27.306171963528065, -79.24283907503919 24.855209794324182, -79.92867945265037 25.031054795294956, -79.91788375159032 26.743562906920147, -79.27005623616982 28.120319361713236))"
29E,2019-06-14 17:55:00+00:00,2019-06-14 19:55:00+00:00,0.0,45000.0,"POLYGON ((-80.28 25.467262088527217, -80.70105272474011 24.877166648114333, -82.64302907886804 24.269323624401174, -82.44993973133681 25.176804459684142, -80.28 25.467262088527217))"
80C,2019-06-14 17:55:00+00:00,2019-06-14 19:55:00+00:00,0.0,36000.0,"POLYGON ((-101.26300951321751 45.84762142472055, -101.55374058349508 44.962238606019945, -102.05458122704972 45.31479413237064, -102.08459160653351 45.694243703831056, -101.26300951321751 45.84762142472055))"
81C,2019-06-14 17:55:00+00:00,2019-06-14 19:55:00+00:00,0.0,34000.0,"POLYGON ((-92.02811972943384 45.82093252553699, -90.11715312141445 45.43711182406513, -89.46 44.79815522131804, -93.24 45.36910686720917, -92.02811972943384 45.82093252553699))"
82C,2019-06-14 17:55:00+00:00,2019-06-14 19:55:00+00:00,0.0,39000.0,"POLYGON ((-90.30572360894804 44.89398292211494, -90.2049130959654 44.31766879922346, -93.68227139209547 43.7042826238575, -92.5814129928778 44.397534794234275, -90.30572360894804 44.89398292211494))"
32W,2019-06-14 17:55:00+00:00,2019-06-14 19:55:00+00:00,0.0,42000.0,"POLYGON ((-108.1779715551886 45.93648240933811, -108.3 43.2936310442636, -111.24888697881924 44.86057994900734, -108.1779715551886 45.93648240933811))"
33W,2019-06-14 17:55:00+00:00,2019-06-14 19:55:00+00:00,0.0,40000.0,"POLYGON ((-107.15002819417546 44.99366957123421, -106.27678390099669 43.88224306948072, -106.9277184958198 43.646036931002655, -107.76386323636159 44.83783828717643, -107.15002819417546 44.99366957123421))"
34W,2019-06-14 17:55:00+00:00,2019-06-14 19:55:00+00:00,0.0,39000.0,"POLYGON ((-110.70504332708747 41.50251070696406, -109.18944577946127 41.282465521740164, -109.32275003380376 40.3918695669992, -112.14755976811836 40.54246872170039, -110.70504332708747 41.50251070696406))"
FOXTROT 3,2019-06-14 18:40:00+00:00,2019-06-14 22:40:00+00:00,30000.0,36000.0,"POLYGON ((175.3 44.3, 176 41.3, 165 37, 165 42.45, 175.3 44.3))"
30E,2019-06-14 18:55:00+00:00,2019-06-14 20:55:00+00:00,0.0,45000.0,"POLYGON ((-82.3871611267341 27.39990545627565, -81.02350445181732 26.074732360928643, -81.78 25.80714530289553, -82.10317097335238 26.529635772066744, -82.3871611267341 27.39990545627565))"
85C,2019-06-14 18:55:00+00:00,2019-06-14 20:55:00+00:00,0.0,44000.0,"POLYGON ((-106.42916864981113 41.11651963415574, -104.28359959459702 39.80939193005229, -104.50061803085414 38.42354498478075, -106.33720677664336 37.75778518527105, -107.40760668744791 39.27287683923395, -106.42916864981113 41.11651963415574))"
83C,2019-06-14 18:55:00+00:00,2019-06-14 20:55:00+00:00,0.0,32000.0,"POLYGON ((-89.6956661373675 45.2290581579349, -89.20445783865354 44.555509896803734, -91.54662243886496 43.77640823285388, -91.89789702776586 44.21588558881314, -89.6956661373675 45.2290581579349))"
38W,2019-06-14 18:55:00+00:00,2019-06-14 20:55:00+00:00,0.0,42000.0,"POLYGON ((-107.1382050613197 44.9735394872195, -106.28686719387369 43.732765185583524, -106.70206317168382 43.39590814358841, -107.67164531622029 44.838367631930005, -107.1382050613197 44.9735394872195))"
31E,2019-06-14 18:55:00+00:00,2019-06-14 20:55:00+00:00,0.0,45000.0,"POLYGON ((-79.14696250387193 28.849917908083896, -78.53402530115817 27.244510149211685, -78.60052127797117 26.672232476280982, -80.13819957253443 26.107340914101695, -80.23289274646095 26.987338198426425, -79.14696250387193 28.849917908083896))"
32E,2019-06-14 18:55:00+00:00,2019-06-14 20:55:00+00:00,0.0,45000.0,"POLYGON ((-80.10936895936231 25.736233821048863, -78.92007418187025 25.284354710145234, -81.86993084082431 24.436278990821055, -82.18922204848795 24.94242079322325, -80.10936895936231 25.736233821048863))"
84C,2019-06-14 18:55:00+00:00,2019-06-14 20:55:00+00:00,0.0,42000.0,"POLYGON ((-103.66916342484141 44.44867750701674, -102.58371146702835 43.85187320963482, -103.44675490829964 43.21063701635652, -104.16593508946131 43.97417310994623, -103.66916342484141 44.44867750701674))"
35W,2019-06-14 18:55:00+00:00,2019-06-14 20:55:00+00:00,0.0,44000.0,"POLYGON ((-111.4961883938112 48.772066377391425, -112.2896540375311 48.03486626399844, -113.98776892941338 48.517250228709216, -114.66499023167393 48.97751581819096, -111.4961883938112 48.772066377391425))"
37W,2019-06-14 18:55:00+00:00,2019-06-14 20:55:00+00:00,0.0,45000.0,"POLYGON ((-108.14980221332287 45.153169888527685, -108.12546070730703 43.15245709978581, -111.14837541429382 42.25696431162419, -110.8191317444015 44.72751511905095, -108.14980221332287 45.153169888527685))"
36W,2019-06-14 18:55:00+00:00,2019-06-14 20:55:00+00:00,0.0,45000.0,"POLYGON ((-108.89181826273175 47.94842893825933, -108.62000000000002 46.641844778681964, -111.49306754081799 45.8405571036973, -111.95 46.44363104426361, -108.89181826273175 47.94842893825933))"
39W,2019-06-14 18:55:00+00:00,2019-06-14 20:55:00+00:00,0.0,44000.0,"POLYGON ((-111.19541896100077 41.435558493571186, -107.63812091854858 41.13432923184285, -109.32275003380376 40.3918695669992, -112.23076325697674 40.38861284325409, -111.19541896100077 41.435558493571186))"
CHARLIE 5,2019-06-14 19:35:00+00:00,2019-06-14 23:35:00+00:00,0.0,49000.0,"POLYGON ((-70.15 33.45, -70 31.3, -77.15 23.15, -79 24.3, -79 26.3, -70.15 33.45))"
40W,2019-06-14 19:55:00+00:00,2019-06-14 21:55:00+00:00,0.0,45000.0,"POLYGON ((-114.60060124366215 48.8770710056815, -111.8911121975295 48.98622942199688, -110.81558951163036 47.61444214160307, -112.01942133240571 47.85730282313968, -114.60060124366215 48.8770710056815))"
43W,2019-06-14 19:55:00+00:00,2019-06-14 21:55:00+00:00,0.0,44000.0,"POLYGON ((-108.22783151739422 45.14149309230987, -107.1382050613197 44.9735394872195, -106.05122519690381 43.49047146567881, -106.8738881896495 43.08846443644398, -108.22783151739422 45.14149309230987))"
45W,2019-06-14 19:55:00+00:00,2019-06-14 21:55:00+00:00,0.0,44000.0,"POLYGON ((-110.11 42.14628718173733, -108.6634429417581 41.47879885032143, -109.73063380113453 39.83263115846806, -112.51 39.878283757683576, -111.2990169561359 41.35914184236376, -110.11 42.14628718173733))"
88C,2019-06-14 19:55:00+00:00,2019-06-14 21:55:00+00:00,0.0,45000.0,"POLYGON ((-103.21440991272043 37.132041061284916, -102.2561621768541 36.80672046703326, -103.12580721069573 36.33682047036333, -103.8385252962704 36.79864552706383, -103.21440991272043 37.132041061284916))"
87C,2019-06-14 19:55:00+00:00,2019-06-14 21:55:00+00:00,0.0,45000.0,"POLYGON ((-105.2768006735109 40.27893550174617, -103.5218548428228 38.99235949939757, -105.37394288801511 37.702086162609824, -106.79765750532248 37.988635050861966, -106.89 39.44, -105.2768006735109 40.27893550174617))"
86C,2019-06-14 19:55:00+00:00,2019-06-14 21:55:00+00:00,0.0,43000.0,"POLYGON ((-103.86806689835203 44.23146475589418, -102.74660911851159 43.51858137178915, -103.16277490063206 42.12484567409896, -104.4387716197373 42.59188240713217, -103.86806689835203 44.23146475589418))"
42W,2019-06-14 19:55:00+00:00,2019-06-14 21:55:00+00:00,0.0,45000.0,"POLYGON ((-110.194158346307 44.530990226947395, -108.3 44.29184477868196, -107.81660541819414 43.106056321121685, -111.14837541429382 42.25696431162419, -110.194158346307 44.530990226947395))"
44W,2019-06-14 19:55:00+00:00,2019-06-14 21:55:00+00:00,0.0,38000.0,"POLYGON ((-115.28012665989199 41.889068173965995, -112.76642441302363 41.96428301674706, -113.35355983372403 40.856621233222846, -115.49417434482193 41.006933283740935, -115.28012665989199 41.889068173965995))"
41W,2019-06-14 19:55:00+00:00,2019-06-14 21:55:00+00:00,0.0,45000.0,"POLYGON ((-108.8460928274471 48.28162337754731, -107.77626776360904 47.89594353686812, -108.62000000000002 46.47547582294557, -110.76922368594674 45.780377334315084, -111.03774449567213 46.83457305077995, -108.8460928274471 48.28162337754731))"
46W,2019-06-14 19:55:00+00:00,2019-06-14 21:55:00+00:00,0.0,45000.0,"POLYGON ((-107.69668721166077 42.38246259229515, -106.28 42.25815522131805, -107.30000000000001 40.6863689557364, -108.68269863791967 40.97468492314346, -107.69668721166077 42.38246259229515))"
36E,2019-06-14 20:15:00+00:00,2019-06-14 22:55:00+00:00,0.0,37000.0,"POLYGON ((-69.46481776815193 47.14908397472503, -68.09 47.20371281826269, -69.13976508373013 45.58832433110383, -70.82814377559772 45.44268403602049, -69.46481776815193 47.14908397472503))"
33E,2019-06-14 20:15:00+00:00,2019-06-14 21:55:00+00:00,0.0,45000.0,"POLYGON ((-82.79681906957848 29.065495284061925, -81.83370333121087 28.539107239268716, -82.68 27.91, -82.79681906957848 29.065495284061925))"
34E,2019-06-14 20:15:00+00:00,2019-06-14 21:55:00+00:00,0.0,45000.0,"POLYGON ((-82.3871611267341 27.39990545627565, -80.92230491173005 25.79858926089646, -81.78 25.80714530289553, -82.10317097335238 26.529635772066744, -82.3871611267341 27.39990545627565))"
35E,2019-06-14 20:15:00+00:00,2019-06-14 21:55:00+00:00,0.0,45000.0,"POLYGON ((-80.0952111765831 25.79988323436399, -78.92007418187025 25.284354710145234, -82.47476600638134 24.33383181731258, -82.53184114465463 24.588231466088477, -80.0952111765831 25.79988323436399))"
39E,2019-06-14 20:55:00+00:00,2019-06-14 22:55:00+00:00,0.0,37000.0,"POLYGON ((-69.46481776815193 47.14908397472503, -68.09 47.20371281826269, -69.13976508373013 45.58832433110383, -70.82814377559772 45.44268403602049, -69.46481776815193 47.14908397472503))"
38E,2019-06-14 20:55:00+00:00,2019-06-14 22:55:00+00:00,0.0,45000.0,"POLYGON ((-81.99826821594418 28.538412880935688, -81.84190837592114 26.663552760551035, -82.26475517802736 26.52918049094965, -82.80552509666644 28.177075362226347, -81.99826821594418 28.538412880935688))"
90C,2019-06-14 20:55:00+00:00,2019-06-14 22:55:00+00:00,0.0,41000.0,"POLYGON ((-101.40910850060746 46.24646957418478, -102.09904241414904 45.19002372526579, -103.05302239927506 45.459555615010025, -101.40910850060746 46.24646957418478))"
37E,2019-06-14 20:55:00+00:00,2019-06-14 22:55:00+00:00,0.0,45000.0,"POLYGON ((-80.16134943661498 26.833687042070114, -79.42867591818403 25.479191370833874, -81.8 24.090893132790825, -82.97439859879643 25.644189608327153, -80.16134943661498 26.833687042070114))"
91C,2019-06-14 20:55:00+00:00,2019-06-14 22:55:00+00:00,0.0,45000.0,"POLYGON ((-103.2775141505124 44.4408041294617, -102.3626351763203 41.88458415455579, -104.60065713187677 42.70807838211194, -104.29983020489196 44.35477496333659, -103.2775141505124 44.4408041294617))"
92C,2019-06-14 20:55:00+00:00,2019-06-14 22:55:00+00:00,0.0,45000.0,"POLYGON ((-104.60153149546926 40.902467173908576, -103.09942124279428 38.96781701377206, -102.57649637475797 36.432090705902894, -105.04396800022735 37.60213566284365, -106.49429555918218 40.262529686495235, -104.60153149546926 40.902467173908576))"
89C,2019-06-14 20:55:00+00:00,2019-06-14 22:55:00+00:00,0.0,39000.0,"POLYGON ((-104.16307404340697 49.070774411352, -104.27370252528554 48.33891852368098, -104.95193607979292 47.759791875655615, -105.01690951612477 49.08229116402892, -104.16307404340697 49.070774411352))"
48W,2019-06-14 20:55:00+00:00,2019-06-14 22:55:00+00:00,0.0,41000.0,"POLYGON ((-107.06 45.00636895573639, -105.72 41.00726208852721, -110.8803515511227 40.84477876652881, -110.73 44.60821373441834, -107.06 45.00636895573639))"
51W,2019-06-14 20:55:00+00:00,2019-06-14 22:55:00+00:00,0.0,40000.0,"POLYGON ((-112.89845003859263 38.15905466165997, -115.45025146936791 35.84436846308213, -118.66469062656621 35.83214145630211, -112.89845003859263 38.15905466165997))"
49W,2019-06-14 20:55:00+00:00,2019-06-14 22:55:00+00:00,0.0,41000.0,"POLYGON ((-109.79381905208172 40.7543358106785, -106.09375730580132 40.131709290180915, -110.09544878881395 38.88901443695594, -112.96837836747375 39.65202544875053, -109.79381905208172 40.7543358106785))"
47W,2019-06-14 20:55:00+00:00,2019-06-14 22:55:00+00:00,0.0,45000.0,"POLYGON ((-109.0526208259624 49.008349436087784, -106.9865444409397 47.081203486840934, -108.80167589103466 45.50244575330999, -115.59739729635899 48.73046008001395, -109.0526208259624 49.008349436087784))"
50W,2019-06-14 20:55:00+00:00,2019-06-14 22:55:00+00:00,0.0,43000.0,"POLYGON ((-113.36808221188305 44.084150682736826, -111.23964525153369 42.574451510895386, -114.39622030319491 38.94619518231154, -116.323647961402 41.644414655698505, -113.36808221188305 44.084150682736826))"
96C,2019-06-14 21:55:00+00:00,2019-06-14 23:55:00+00:00,0.0,45000.0,"POLYGON ((-103.18 40.16, -102.3791010112795 39.166664745895375, -102.39720156103232 35.90100927862318, -104.77924024243883 37.621649511669986, -105.06102546779243 40.11599265374498, -103.18 40.16))"
99C,2019-06-14 21:55:00+00:00,2019-06-14 23:55:00+00:00,0.0,40000.0,"POLYGON ((-92.63079043499268 44.96832797948086, -91.48275444986962 44.99996205783154, -91.47724555013039 44.80003794216846, -92.62528153525345 44.76840386381778, -92.63079043499268 44.96832797948086))"
97C,2019-06-14 21:55:00+00:00,2019-06-14 23:55:00+00:00,0.0,45000.0,"POLYGON ((-101.68121534489488 34.94739862638176, -101.59878465510512 34.76517573709288, -103.29253931242773 33.998985686641106, -103.3749700022175 34.181208575929986, -101.68121534489488 34.94739862638176))"
98C,2019-06-14 21:55:00+00:00,2019-06-14 23:55:00+00:00,0.0,45000.0,"POLYGON ((-102.6737225386827 31.044679276012403, -102.6119876829291 30.854445715395244, -103.79062502029309 30.471952711679567, -103.85235987604669 30.662186272296726, -102.6737225386827 31.044679276012403))"
40E,2019-06-14 21:55:00+00:00,2019-06-14 23:55:00+00:00,0.0,45000.0,"POLYGON ((-78.97286876565066 26.675630616850057, -78.85801633912979 24.49907333891924, -80.11821626746654 23.944023011476602, -82.3488831197342 24.589005191708285, -81.01914801199159 25.798131783317068, -78.97286876565066 26.675630616850057))"
42E,2019-06-14 21:55:00+00:00,2019-06-14 23:55:00+00:00,0.0,37000.0,"POLYGON ((-69.13421193674417 47.47113919577267, -67.80872603535134 47.230772167548494, -69.80846605979632 44.83615702994761, -70.17918825662127 45.214553795015455, -69.13421193674417 47.47113919577267))"
41E,2019-06-14 21:55:00+00:00,2019-06-14 23:55:00+00:00,0.0,45000.0,"POLYGON ((-79.58388697946158 29.291325761486394, -78.04801517929808 27.658591555074487, -82.1518975659114 26.529517657752923, -82.68 28.242737911472787, -79.58388697946158 29.291325761486394))"
95C,2019-06-14 21:55:00+00:00,2019-06-14 23:55:00+00:00,0.0,45000.0,"POLYGON ((-104.29983020489196 44.35477496333659, -100.80317153228154 44.197191642141355, -102.58608995459126 41.88653378410746, -104.4387716197373 42.59188240713217, -104.29983020489196 44.35477496333659))"
93C,2019-06-14 21:55:00+00:00,2019-06-14 23:55:00+00:00,0.0,39000.0,"POLYGON ((-105.01690951612477 49.08229116402892, -102.50731459669713 48.8509037935655, -104.49692816771221 47.89167369750967, -105.01690951612477 49.08229116402892))"
94C,2019-06-14 21:55:00+00:00,2019-06-14 23:55:00+00:00,0.0,41000.0,"POLYGON ((-101.87513365805057 46.60183489646082, -101.88625941650491 44.962238606019945, -103.60454271426259 45.064500907041065, -103.8872416146282 46.53620877865849, -101.87513365805057 46.60183489646082))"
56W,2019-06-14 21:55:00+00:00,2019-06-14 23:55:00+00:00,0.0,40000.0,"POLYGON ((-111.2869915452601 38.227534305400944, -115.30534224813984 35.962271594149165, -117.96210928973039 35.85666803546127, -116.79050297609922 38.314279288629066, -111.2869915452601 38.227534305400944))"
52W,2019-06-14 21:55:00+00:00,2019-06-14 23:55:00+00:00,0.0,45000.0,"POLYGON ((-109.0526208259624 49.008349436087784, -105.93017489047317 47.7472997661736, -108.71108739743471 45.65625887105466, -115.6927265360814 48.884528047598145, -109.0526208259624 49.008349436087784))"
53W,2019-06-14 21:55:00+00:00,2019-06-14 23:55:00+00:00,0.0,41000.0,"POLYGON ((-111.04729028959137 44.90764189598651, -105.00931270217735 43.464997115452604, -105.19819875121172 41.97773667867941, -110.95913523866209 41.16384542738035, -111.04729028959137 44.90764189598651))"
55W,2019-06-14 21:55:00+00:00,2019-06-14 23:55:00+00:00,0.0,43000.0,"POLYGON ((-114.08 43.85541730984526, -111.01373549920363 42.57644888764597, -114.24596837625644 38.82787174325388, -117.70122045978681 41.15558463237459, -114.08 43.85541730984526))"
54W,2019-06-14 21:55:00+00:00,2019-06-14 23:55:00+00:00,0.0,41000.0,"POLYGON ((-105.309759110041 41.46660574219987, -103.8000217966286 40.62891511548124, -110.78143515414767 38.573676725103354, -112.51 39.79910686720918, -105.309759110041 41.46660574219987))"
OSCAR 1,2019-06-14 22:15:00+00:00,2019-06-15 02:15:00+00:00,0.0,55000.0,"POLYGON ((172.2 9.3, 171 3.3, -175.1 7.1, 172.2 9.3))"
PAPA 1,2019-06-14 22:25:00+00:00,2019-06-15 02:25:00+00:00,0.0,54000.0,"POLYGON ((-171.4 7.1, -165.5 6.1, -157 4.1, -164.4 3.4, -170.4 4.5, -171.4 7.1))"
FOXTROT 4,2019-06-14 22:40:00+00:00,2019-06-15 02:40:00+00:00,30000.0,36000.0,"POLYGON ((178.45 46, 178.45 40, 165 34.15, 165 40.15, 178.45 46))"
44E,2019-06-14 22:55:00+00:00,2019-06-15 00:55:00+00:00,0.0,45000.0,"POLYGON ((-79.78382318143825 29.29344974687121, -80.83922347819754 26.954657702447616, -82.10317097335238 26.529635772066744, -82.98260320303605 28.020319210333618, -79.78382318143825 29.29344974687121))"
06C,2019-06-14 22:55:00+00:00,2019-06-15 00:55:00+00:00,0.0,45000.0,"POLYGON ((-102.55703922688544 31.204397128690985, -102.46689095650773 31.02586620882581, -104.5223240330018 29.987985841307275, -104.6124723033795 30.16651676117245, -102.55703922688544 31.204397128690985))"
07C,2019-06-14 22:55:00+00:00,2019-06-15 00:55:00+00:00,0.0,40000.0,"POLYGON ((-96.29438505929949 45.813676368960024, -90.86771678625352 44.89836420958499, -93.81290614809413 44.4596527849349, -96.29438505929949 45.813676368960024))"
08C,2019-06-14 22:55:00+00:00,2019-06-15 00:55:00+00:00,0.0,43000.0,"POLYGON ((-95.02 47.435429060579104, -92.83356257146556 46.79825197250943, -94.32731457214523 46.55406991673145, -95.02 47.435429060579104))"
04C,2019-06-14 22:55:00+00:00,2019-06-15 00:55:00+00:00,0.0,45000.0,"POLYGON ((-104.39304886298393 40.01414880385706, -100.73 38.49828375768358, -102.39720156103232 35.90100927862318, -104.14493028727843 37.25875130686152, -104.39304886298393 40.01414880385706))"
05C,2019-06-14 22:55:00+00:00,2019-06-15 00:55:00+00:00,0.0,45000.0,"POLYGON ((-101.39014709668095 35.085288711557666, -100.93898107195922 34.58958825228857, -102.77884315019519 33.69695906042214, -103.5416819643466 34.49799435178343, -101.39014709668095 35.085288711557666))"
02C,2019-06-14 22:55:00+00:00,2019-06-15 00:55:00+00:00,0.0,41000.0,"POLYGON ((-103.93473050646325 46.522117638082726, -101.99189276391131 46.63605642748478, -101.72 44.93542906057911, -103.7163502799459 45.17994844004724, -103.93473050646325 46.522117638082726))"
62W,2019-06-14 22:55:00+00:00,2019-06-15 00:55:00+00:00,0.0,44000.0,"POLYGON ((-120.08862829748662 39.13754149711814, -119.94920913078545 38.35973574423217, -120.14607159651794 38.324448783669936, -120.28549076321912 39.10225453655591, -120.08862829748662 39.13754149711814))"
45E,2019-06-14 22:55:00+00:00,2019-06-15 00:55:00+00:00,0.0,37000.0,"POLYGON ((-68.88796175912962 46.20423328312719, -68.6529935994333 44.903461319778565, -69.7408898695657 45.091366878356176, -68.88796175912962 46.20423328312719))"
43E,2019-06-14 22:55:00+00:00,2019-06-15 00:55:00+00:00,0.0,45000.0,"POLYGON ((-78.97286876565066 26.675630616850057, -79.30720184021123 23.644923831864325, -82.13772611851898 24.46229031708794, -80.80475445520202 26.26961929413895, -78.97286876565066 26.675630616850057))"
03C,2019-06-14 22:55:00+00:00,2019-06-15 00:55:00+00:00,0.0,45000.0,"POLYGON ((-100.33725990625724 44.08245271758775, -100.95941574564564 43.271786148773295, -103.95671943595808 42.24193927774492, -103.86073813379072 43.72216869164239, -100.33725990625724 44.08245271758775))"
01C,2019-06-14 22:55:00+00:00,2019-06-15 00:55:00+00:00,0.0,39000.0,"POLYGON ((-104.06440741892322 48.917517965117064, -100.21495089866578 48.960884473654744, -100.29047045736631 48.255668718526195, -104.26855831014906 47.956938208927966, -104.06440741892322 48.917517965117064))"
60W,2019-06-14 22:55:00+00:00,2019-06-15 00:55:00+00:00,0.0,43000.0,"POLYGON ((-111.99623070443216 44.026133926826745, -111.32717120576247 42.19452491947021, -114.22326793097012 40.376149400742555, -117.34396458724518 41.337754374416626, -111.99623070443216 44.026133926826745))"
58W,2019-06-14 22:55:00+00:00,2019-06-15 00:55:00+00:00,0.0,41000.0,"POLYGON ((-104.93309386376309 44.43581155315016, -104.4387716197373 42.59188240713217, -111.17033271766472 40.59249689875886, -109.28392154436364 44.161656861043, -104.93309386376309 44.43581155315016))"
59W,2019-06-14 22:55:00+00:00,2019-06-15 00:55:00+00:00,0.0,41000.0,"POLYGON ((-104.77 42.20821373441836, -103.98748982620536 40.411867581395214, -110.86321939169468 38.727296785938606, -110.5652487148155 40.13918526601012, -104.77 42.20821373441836))"
61W,2019-06-14 22:55:00+00:00,2019-06-15 00:55:00+00:00,0.0,40000.0,"POLYGON ((-115.75304134129593 38.590650862056556, -110.7 38.25363104426361, -115.22076586855641 35.02236452575735, -117.18873018567714 36.44627096453161, -115.75304134129593 38.590650862056556))"
57W,2019-06-14 22:55:00+00:00,2019-06-15 00:55:00+00:00,0.0,45000.0,"POLYGON ((-108.13074537799716 48.97410534556639, -104.74429794793515 46.373663817632284, -110.10320794577726 44.68424166743714, -114.18 48.875475822945575, -108.13074537799716 48.97410534556639))"
CHARLIE 6,2019-06-14 23:35:00+00:00,2019-06-15 03:35:00+00:00,0.0,48000.0,"POLYGON ((-73.3 28.45, -72.15 27, -77.15 23.15, -79 24.3, -79 26.3, -73.3 28.45))"
47E,2019-06-14 23:55:00+00:00,2019-06-15 01:55:00+00:00,0.0,37000.0,"POLYGON ((-68.88796175912962 46.20423328312719, -68.40075132213359 44.839039225357226, -69.94782803093705 44.516579177381544, -68.88796175912962 46.20423328312719))"
46E,2019-06-14 23:55:00+00:00,2019-06-15 01:55:00+00:00,0.0,45000.0,"POLYGON ((-79.87084140091446 29.73994642773686, -79.24283907503919 24.855209794324182, -81.63105107176041 24.526239133451586, -82.8132702931337 28.027576492495754, -79.87084140091446 29.73994642773686))"
14C,2019-06-14 23:56:00+00:00,2019-06-15 01:55:00+00:00,,,"POLYGON ((-101.8753991533258 33.47782657769346, -104.194888857006 30.23747963701246, -101.7036422659825 33.37996090990571, -104.2681777533916 30.05899229819294, -104.3633138701109 30.25614267216383, -102.7515638896696 30.70251084701128, -104.1334673508681 30.01297310077841, -101.6886107983916 33.40634154107057, -102.7028178114972 30.75624764043931, -101.8603676857349 33.50420720885833, -104.3516142767584 30.36172593596509, -104.1831892636535 30.34306290081371, -104.0880531469341 30.14591252684282, -104.2227635494576 30.19193172425735, -102.840860088259 30.88146947049022, -102.8896061664314 30.8277326770622, -101.8753991533258 33.47782657769346))"
10C,2019-06-14 23:56:00+00:00,2019-06-15 01:55:00+00:00,0.0,41000.0,"POLYGON ((-102.68929067122122 46.726405455479046, -101.44667320097402 46.536065631887894, -102.03050681621748 44.545312178904794, -103.4776461417135 44.78045154732739, -102.68929067122122 46.726405455479046))"
11C,2019-06-14 23:56:00+00:00,2019-06-15 01:55:00+00:00,0.0,45000.0,"POLYGON ((-103.72649169169149 44.488909357244395, -100.46689154795361 43.855322193152944, -104.44266550483088 40.21049629115884, -108.79669395955453 41.99048313577635, -103.72649169169149 44.488909357244395))"
13C,2019-06-14 23:56:00+00:00,2019-06-15 01:55:00+00:00,0.0,45000.0,"POLYGON ((-101.39014709668095 35.085288711557666, -100.41400158465592 34.47216458748086, -102.43131376271666 33.69890524005939, -102.84 34.21085812115822, -101.39014709668095 35.085288711557666))"
16C,2019-06-14 23:56:00+00:00,2019-06-15 01:55:00+00:00,0.0,41000.0,"POLYGON ((-98.37 44.40800342405374, -97.90604796141412 42.4673287636335, -99.23466167546871 42.63468739605638, -99.59174542281774 43.9796765853063, -98.37 44.40800342405374))"
09C,2019-06-14 23:56:00+00:00,2019-06-15 01:55:00+00:00,0.0,39000.0,"POLYGON ((-103.58 48.98184477868196, -101.77547738840603 49.02751402513396, -102.43527885435837 47.825957526103885, -104.72472114564162 47.8259575261039, -103.58 48.98184477868196))"
12C,2019-06-14 23:56:00+00:00,2019-06-15 01:55:00+00:00,0.0,45000.0,"POLYGON ((-103.58299269136381 40.286635452725825, -100.62630373001285 39.131994522088945, -102.36591355469947 35.876040035675935, -103.89469808125742 37.02435309120733, -103.58299269136381 40.286635452725825))"
15C,2019-06-14 23:56:00+00:00,2019-06-15 01:55:00+00:00,0.0,45000.0,"POLYGON ((-89.90060044405621 45.75648774870214, -90.81162509037183 44.37868213385438, -94.06156852895802 44.27883194667424, -96.47042325392452 45.40336992269081, -89.90060044405621 45.75648774870214))"
66W,2019-06-15 00:14:00+00:00,2019-06-15 01:55:00+00:00,0.0,45000.0,"POLYGON ((-120.12152239981496 39.19542870279219, -119.59446286946208 38.738105049429805, -119.72553713053789 38.587043677519475, -120.25259666089077 39.04436733088186, -120.12152239981496 39.19542870279219))"
64W,2019-06-15 00:14:00+00:00,2019-06-15 01:55:00+00:00,0.0,41000.0,"POLYGON ((-113.485676518139 43.70087316682948, -109.35730136208034 40.97468492314346, -113.50763705190525 39.61408582659102, -117.42995430164446 41.49111668872267, -113.485676518139 43.70087316682948))"
65W,2019-06-15 00:14:00+00:00,2019-06-15 01:55:00+00:00,0.0,41000.0,"POLYGON ((-109.58464801686344 39.31197507819613, -115.22076586855641 35.02236452575735, -117.14362467924704 36.030824528844434, -115.92490618625733 39.29505777338911, -109.58464801686344 39.31197507819613))"
63W,2019-06-15 00:14:00+00:00,2019-06-15 01:55:00+00:00,0.0,45000.0,"POLYGON ((-113.69500976832612 48.97751581819096, -107.01688407585867 48.834176278521305, -103.69859531173957 45.63603036931499, -109.61995644585012 45.0997574538299, -113.69500976832612 48.97751581819096))"
2E,2019-06-15 00:55:00+00:00,2019-06-15 02:55:00+00:00,0.0,34000.0,"POLYGON ((-67.83 46.04, -68.87 44.84, -69.80729442095304 44.55952996343014, -67.83 46.04))"
4C,2019-06-15 00:55:00+00:00,2019-06-15 02:55:00+00:00,0.0,45000.0,"POLYGON ((-101.95532547112388 39.59415333471117, -100.49482916847553 39.46415472598209, -101.60607321803967 36.527162228139005, -103.1872906418283 36.457883827292854, -101.95532547112388 39.59415333471117))"
7C,2019-06-15 00:55:00+00:00,2019-06-15 02:55:00+00:00,0.0,45000.0,"POLYGON ((-89.46 45.63, -90.72565776012344 44.128889594929454, -94.84248887447474 44.67409438901898, -89.46 45.63))"
5C,2019-06-15 00:55:00+00:00,2019-06-15 02:55:00+00:00,0.0,45000.0,"POLYGON ((-100.6629176740479 34.67611637782653, -100.12807506914854 34.425218304481746, -101.91 33.7, -102.46923304254068 34.192758149477946, -100.6629176740479 34.67611637782653))"
1C,2019-06-15 00:55:00+00:00,2019-06-15 02:55:00+00:00,0.0,39000.0,"POLYGON ((-102.55220122347811 48.782485622800806, -102.26298411583764 47.54995115774824, -102.45769537333234 47.50426170376997, -102.74691248097281 48.736796168822536, -102.55220122347811 48.782485622800806))"
1E,2019-06-15 00:55:00+00:00,2019-06-15 02:55:00+00:00,0.0,45000.0,"POLYGON ((-81.9826151810642 28.162910261171703, -78.73022793261835 24.380144620417656, -82.13772611851898 24.46229031708794, -82.8132702931337 28.027576492495754, -81.9826151810642 28.162910261171703))"
3C,2019-06-15 00:55:00+00:00,2019-06-15 02:55:00+00:00,0.0,39000.0,"POLYGON ((-106.63 49.05184477868196, -103.29626634392174 47.68853394889039, -104.44447754661547 45.31122349330387, -107.83042723151054 47.05727876551986, -106.63 49.05184477868196))"
2C,2019-06-15 00:55:00+00:00,2019-06-15 02:55:00+00:00,0.0,41000.0,"POLYGON ((-101.79682371046988 46.85587610766399, -99.64701644006055 41.04474182087237, -103.86260263971643 39.55259915939778, -105.365912258928 44.31331963721201, -101.79682371046988 46.85587610766399))"
6C,2019-06-15 00:55:00+00:00,2019-06-15 02:55:00+00:00,0.0,45000.0,"POLYGON ((-102.60781519748672 32.36223752213527, -102.61175755660976 30.18095345480345, -104.38835170535828 29.377040276992666, -104.91343422443286 30.29647148748119, -102.60781519748672 32.36223752213527))"
8C,2019-06-15 00:55:00+00:00,2019-06-15 02:55:00+00:00,0.0,41000.0,"POLYGON ((-90.09038520398013 40.236679635315596, -89.06007299009842 39.803495000532735, -90.78315707398804 39.09489003487298, -90.09038520398013 40.236679635315596))"
2W,2019-06-15 00:55:00+00:00,2019-06-15 02:55:00+00:00,0.0,41000.0,"POLYGON ((-111.64852909676027 42.78542921189682, -109.35730136208034 40.97468492314346, -114.17530477100665 39.96072675467206, -116.49603541275484 41.337754374416626, -111.64852909676027 42.78542921189682))"
3W,2019-06-15 00:55:00+00:00,2019-06-15 02:55:00+00:00,0.0,41000.0,"POLYGON ((-109.79984871829194 39.52470951414627, -109.37885694925025 38.162072135308684, -115.52770397426565 34.47810789255225, -116.77247575892811 35.414421125673094, -114.63477148398738 38.71086118030446, -109.79984871829194 39.52470951414627))"
1W,2019-06-15 00:55:00+00:00,2019-06-15 02:55:00+00:00,0.0,39000.0,"POLYGON ((-109.77000000000001 48.20726208852722, -108.19572658897286 46.68009521165184, -108.35194685103438 44.45068491437497, -110.52907048957346 45.79410094004857, -109.77000000000001 48.20726208852722))"
3E,2019-06-15 01:55:00+00:00,2019-06-15 03:55:00+00:00,0.0,42000.0,"POLYGON ((-82.02560512265583 27.908454213710954, -81.02004213063793 25.521504637156102, -82.10585886071604 25.257520810066943, -82.79579238767793 28.01217868503657, -82.02560512265583 27.908454213710954))"
11C,2019-06-15 01:55:00+00:00,2019-06-15 03:55:00+00:00,0.0,39000.0,"POLYGON ((-97.69360457612915 46.60023548260226, -97.55945586006591 46.45189761832417, -98.30292564196839 45.77954388612365, -98.43707435803162 45.92788175040174, -97.69360457612915 46.60023548260226))"
17C,2019-06-15 01:55:00+00:00,2019-06-15 03:55:00+00:00,0.0,45000.0,"POLYGON ((-98.21234110902229 40.93886228647682, -97.75779565447682 40.93886228647682, -97.75779565447682 40.484316831931366, -98.21234110902229 40.484316831931366, -98.21234110902229 40.93886228647682))"
16C,2019-06-15 01:55:00+00:00,2019-06-15 03:55:00+00:00,0.0,41000.0,"POLYGON ((-90.93148634347016 39.96012880751026, -88.4839821900621 39.739393439018826, -90.55118329721725 38.99354454837941, -90.93148634347016 39.96012880751026))"
14C,2019-06-15 01:55:00+00:00,2019-06-15 03:55:00+00:00,0.0,45000.0,"POLYGON ((-102.49236913390017 32.624461259451536, -102.08686887748583 30.628595778775562, -103.95 29.135417309845256, -104.49241870126961 29.82831901421994, -102.49236913390017 32.624461259451536))"
12C,2019-06-15 01:55:00+00:00,2019-06-15 03:55:00+00:00,0.0,45000.0,"POLYGON ((-101.076990755416 39.858959688514, -99.43883812855933 39.002652005620185, -101.28649308800394 36.42475882591666, -103.20405039287658 36.49081360945326, -101.076990755416 39.858959688514))"
9C,2019-06-15 01:55:00+00:00,2019-06-15 03:55:00+00:00,0.0,39000.0,"POLYGON ((-106.63 48.88547582294557, -101.67719331454065 48.874175365897585, -101.53809286873273 47.34494651177467, -106.63 47.388155221318044, -106.63 48.88547582294557))"
15C,2019-06-15 01:55:00+00:00,2019-06-15 03:55:00+00:00,0.0,45000.0,"POLYGON ((-89.46 45.63, -90.1867239604309 44.51066964598057, -94.79896325240102 44.70480442254955, -89.46 45.63))"
13C,2019-06-15 01:55:00+00:00,2019-06-15 03:55:00+00:00,0.0,45000.0,"POLYGON ((-100.29 34.70273791147278, -99.68532905472999 34.36851321096221, -101.76840322865475 33.817559879407206, -101.91 34.03273791147279, -100.29 34.70273791147278))"
10C,2019-06-15 01:55:00+00:00,2019-06-15 03:55:00+00:00,0.0,41000.0,"POLYGON ((-101.57170194495413 47.011137283424446, -99.93158832431888 41.30177800390811, -102.022459164171 40.00434857752905, -104.51788415577523 40.74860937678184, -105.26197134622136 46.84851177606621, -101.57170194495413 47.011137283424446))"
4W,2019-06-15 01:55:00+00:00,2019-06-15 03:55:00+00:00,0.0,39000.0,"POLYGON ((-109.77000000000001 48.20726208852722, -108.19572658897286 46.68009521165184, -108.35194685103438 44.45068491437497, -110.52907048957346 45.79410094004857, -109.77000000000001 48.20726208852722))"
6W,2019-06-15 01:55:00+00:00,2019-06-15 03:55:00+00:00,0.0,41000.0,"POLYGON ((-109.40008568121911 39.52897848557763, -110.21853916888827 37.49678013681308, -115.15999999999998 36.41273791147279, -115.02553834397665 38.248286286589924, -109.40008568121911 39.52897848557763))"
5W,2019-06-15 01:55:00+00:00,2019-06-15 03:55:00+00:00,0.0,41000.0,"POLYGON ((-109.48185421949826 42.769287607228776, -109.70880423350343 40.90776606943019, -115.60598734604038 40.56255555342935, -115.9384398611665 42.02517513952692, -109.48185421949826 42.769287607228776))"
PAPA 2,2019-06-15 02:17:00+00:00,2019-06-15 06:15:00+00:00,0.0,55000.0,"POLYGON ((-171.1 6.5, -164.3 6.1, -159 4.2, -171 4.3, -171.1 6.5))"
24C,2019-06-15 02:55:00+00:00,2019-06-15 04:55:00+00:00,0.0,45000.0,"POLYGON ((-91.61646101507381 46.632539183547216, -86.42169735058265 45.28007051497293, -87.24827201738316 44.83276731460217, -92.66709385190588 44.4596527849349, -91.61646101507381 46.632539183547216))"
23C,2019-06-15 02:55:00+00:00,2019-06-15 04:55:00+00:00,0.0,45000.0,"POLYGON ((-103.04409877457267 31.869849829231605, -101.8161027315283 30.944785814376942, -103.29545604096907 28.915027596438687, -104.31585227335323 29.530966792072043, -103.04409877457267 31.869849829231605))"
20C,2019-06-15 02:55:00+00:00,2019-06-15 04:55:00+00:00,0.0,39000.0,"POLYGON ((-97.51706513681297 46.4059562710062, -97.36751974318246 46.27315500879873, -98.0028838282318 45.557681596739094, -98.15242922186232 45.69048285894656, -97.51706513681297 46.4059562710062))"
22C,2019-06-15 02:55:00+00:00,2019-06-15 04:55:00+00:00,0.0,45000.0,"POLYGON ((-101.16283421237804 34.37427716753452, -100.70828875783258 34.37427716753452, -100.70828875783258 33.91973171298907, -101.16283421237804 33.91973171298907, -101.16283421237804 34.37427716753452))"
18C,2019-06-15 02:55:00+00:00,2019-06-15 04:55:00+00:00,0.0,43000.0,"POLYGON ((-99.63680562856233 44.83612148471026, -99.18226017401686 44.83612148471026, -99.18226017401686 44.38157603016481, -99.63680562856233 44.38157603016481, -99.63680562856233 44.83612148471026))"
25C,2019-06-15 02:55:00+00:00,2019-06-15 04:55:00+00:00,0.0,41000.0,"POLYGON ((-90.26366256415652 40.64689357465589, -88.50369695498057 39.07162203343535, -90.40881670278277 38.99354454837941, -90.26366256415652 40.64689357465589))"
7W,2019-06-15 02:55:00+00:00,2019-06-15 04:55:00+00:00,0.0,39000.0,"POLYGON ((-108.62 45.81, -107.06 45.418283757683575, -107.9146269028796 44.12718813643761, -110.07168898615124 45.80080737898539, -108.62 45.81))"
4E,2019-06-15 02:55:00+00:00,2019-06-15 04:55:00+00:00,0.0,42000.0,"POLYGON ((-82.33171741990104 28.036895333748195, -81.44773472034979 25.35811317607286, -82.15226527965021 25.35811317607286, -82.8132702931337 28.027576492495754, -82.33171741990104 28.036895333748195))"
19C,2019-06-15 02:55:00+00:00,2019-06-15 04:55:00+00:00,0.0,41000.0,"POLYGON ((-106.14491244475408 48.98751545986747, -101.29 48.92547582294557, -100.40827144011712 42.69657359880377, -101.357540835829 40.00434857752905, -104.15044314380472 41.88805022082951, -106.14491244475408 48.98751545986747))"
26C,2019-06-15 02:55:00+00:00,2019-06-15 04:55:00+00:00,0.0,45000.0,"POLYGON ((-97.24143940972355 41.3746803667142, -96.81541269311323 40.38942541845226, -98.99794467051672 40.19467855642836, -97.24143940972355 41.3746803667142))"
21C,2019-06-15 02:55:00+00:00,2019-06-15 04:55:00+00:00,0.0,45000.0,"POLYGON ((-101.076990755416 39.858959688514, -99.43883812855933 39.002652005620185, -101.28649308800394 36.42475882591666, -103.20405039287658 36.49081360945326, -101.076990755416 39.858959688514))"
8W,2019-06-15 02:55:00+00:00,2019-06-15 04:55:00+00:00,0.0,41000.0,"POLYGON ((-115.9384398611665 42.02517513952692, -114.06358482760835 41.710679560009815, -115.01527445711477 39.60729317044553, -115.9384398611665 42.02517513952692))"
9W,2019-06-15 02:55:00+00:00,2019-06-15 04:55:00+00:00,0.0,41000.0,"POLYGON ((-112.51 38.80089313279083, -112.29974741524212 36.115593592275864, -114.42670466028875 36.66597598908256, -114.60184907469902 38.24980958433316, -112.51 38.80089313279083))"
28C,2019-06-15 03:55:00+00:00,2019-06-15 05:55:00+00:00,0.0,39000.0,"POLYGON ((-97.2602680033854 46.25793046290903, -97.07936439847869 46.172643384569156, -97.45569884665399 45.374395166308126, -97.6366024515607 45.459682244648, -97.2602680033854 46.25793046290903))"
32C,2019-06-15 03:55:00+00:00,2019-06-15 05:55:00+00:00,0.0,45000.0,"POLYGON ((-102.92582626266504 31.758963895791037, -101.84683123928569 29.742949417867504, -103.38020225889534 29.096670613459747, -103.95 29.577145302895534, -102.92582626266504 31.758963895791037))"
33C,2019-06-15 03:55:00+00:00,2019-06-15 05:55:00+00:00,0.0,45000.0,"POLYGON ((-91.4227541037497 46.57606195420062, -87.61204442087514 44.967457792795024, -93.67043864189934 44.56250745748204, -91.4227541037497 46.57606195420062))"
29C,2019-06-15 03:55:00+00:00,2019-06-15 05:55:00+00:00,0.0,45000.0,"POLYGON ((-100.21683123664302 42.970475575591536, -100.49482916847553 39.46415472598209, -101.69 39.39, -103.62926245093932 42.15703586241481, -100.21683123664302 42.970475575591536))"
34C,2019-06-15 03:55:00+00:00,2019-06-15 05:55:00+00:00,0.0,41000.0,"POLYGON ((-91.28000000000002 40.42828375768357, -88.34016055146081 39.57286454475423, -89.73737144869067 38.85764865265398, -91.28000000000002 40.42828375768357))"
35C,2019-06-15 03:55:00+00:00,2019-06-15 05:55:00+00:00,0.0,45000.0,"POLYGON ((-96.63091375919542 41.44320024989256, -96.21 40.2, -99.0158246496662 39.640987809714204, -96.63091375919542 41.44320024989256))"
31C,2019-06-15 03:55:00+00:00,2019-06-15 05:55:00+00:00,0.0,45000.0,"POLYGON ((-101.01027161052623 34.18737467828236, -100.55572615598076 34.18737467828236, -100.55572615598076 33.73282922373691, -101.01027161052623 33.73282922373691, -101.01027161052623 34.18737467828236))"
30C,2019-06-15 03:55:00+00:00,2019-06-15 05:55:00+00:00,0.0,45000.0,"POLYGON ((-99.3705512996935 39.25684141738601, -97.92145205139751 38.69433049818713, -100.49960381867967 36.3384008192057, -101.54622759834001 36.847605391390196, -99.3705512996935 39.25684141738601))"
27C,2019-06-15 03:55:00+00:00,2019-06-15 05:55:00+00:00,0.0,41000.0,"POLYGON ((-105.37386091084502 49.036724003553964, -100.03284974959872 49.076714383174505, -101.72 44.580893132790834, -104.07227144603736 43.656729138699795, -105.37386091084502 49.036724003553964))"
10W,2019-06-15 03:55:00+00:00,2019-06-15 05:55:00+00:00,0.0,39000.0,"POLYGON ((-108.62000000000002 45.64363104426361, -107.15002819417546 44.99366957123421, -108.35194685103438 44.45068491437497, -110.15116776145871 45.35405099166034, -108.62000000000002 45.64363104426361))"
38C,2019-06-15 04:55:00+00:00,2019-06-15 06:55:00+00:00,0.0,45000.0,"POLYGON ((-100.35337181062184 42.68007636298614, -99.71921656765328 39.92010612626391, -100.59 39.91085812115822, -102.15837053351133 41.71045969076462, -100.35337181062184 42.68007636298614))"
43C,2019-06-15 04:55:00+00:00,2019-06-15 06:55:00+00:00,0.0,41000.0,"POLYGON ((-91.28000000000002 40.42828375768357, -87.81198936506797 39.48864731828617, -89.62569853788277 38.58025793720122, -91.28000000000002 40.42828375768357))"
44C,2019-06-15 04:55:00+00:00,2019-06-15 06:55:00+00:00,0.0,45000.0,"POLYGON ((-96.28662603548607 41.57762081709315, -95.64216920969284 40.19861281062765, -98.28183397857586 39.43927361495495, -98.78703697941184 40.577770741470815, -96.28662603548607 41.57762081709315))"
42C,2019-06-15 04:55:00+00:00,2019-06-15 06:55:00+00:00,0.0,41000.0,"POLYGON ((-91.229451423027 46.5192584574408, -88.88869167668433 45.462598587750236, -90.91594909471894 44.73263441563348, -93.61620236231589 44.75873187567415, -91.229451423027 46.5192584574408))"
40C,2019-06-15 04:55:00+00:00,2019-06-15 06:55:00+00:00,0.0,45000.0,"POLYGON ((-100.51727272727274 34.16355990901004, -100.06272727272727 34.16355990901004, -100.06272727272727 33.70901445446459, -100.51727272727274 33.70901445446459, -100.51727272727274 34.16355990901004))"
37C,2019-06-15 04:55:00+00:00,2019-06-15 06:55:00+00:00,0.0,43000.0,"POLYGON ((-96.59927827538922 46.28757767931606, -96.46108932274666 46.14299616816213, -97.7225245932327 44.93733427222821, -97.86071354587527 45.081915783382144, -96.59927827538922 46.28757767931606))"
36C,2019-06-15 04:55:00+00:00,2019-06-15 06:55:00+00:00,0.0,43000.0,"POLYGON ((-99.65988043324403 48.694219296388255, -99.94145708152546 46.757688359272244, -103.22337373606454 43.916134691019536, -103.77200377477162 48.45725056600339, -99.65988043324403 48.694219296388255))"
41C,2019-06-15 04:55:00+00:00,2019-06-15 06:55:00+00:00,0.0,45000.0,"POLYGON ((-102.01007482866206 30.94637897958997, -101.31242492237271 29.82946505737113, -103.29545604096907 28.915027596438687, -104.31585227335323 29.530966792072043, -102.01007482866206 30.94637897958997))"
39C,2019-06-15 04:55:00+00:00,2019-06-15 06:55:00+00:00,0.0,45000.0,"POLYGON ((-98.94087534536253 39.25289348907591, -96.82682352655912 39.18198755793214, -99.88 36.00726208852722, -101.41009544990551 36.68626390660763, -98.94087534536253 39.25289348907591))"
11W,2019-06-15 04:55:00+00:00,2019-06-15 06:55:00+00:00,0.0,39000.0,"POLYGON ((-108.23305323892534 44.833995509884296, -106.41185883705272 44.647163071195976, -108.65446654004508 44.07427558706587, -110.194158346307 44.530990226947395, -108.23305323892534 44.833995509884296))"
47C,2019-06-15 05:55:00+00:00,2019-06-15 07:55:00+00:00,0.0,43000.0,"POLYGON ((-103.02839718276444 42.690518759260534, -100.18630715753882 42.56983245705367, -99.86072872270219 41.32321472983598, -100.88576608423739 41.15214749774988, -103.02839718276444 42.690518759260534))"
50C,2019-06-15 05:55:00+00:00,2019-06-15 07:55:00+00:00,0.0,45000.0,"POLYGON ((-102.26934998960621 30.33469283523682, -101.35943157557392 29.86983958551286, -103.44284512149574 29.23049317354188, -104.56739816819065 30.077251301239862, -102.26934998960621 30.33469283523682))"
49C,2019-06-15 05:55:00+00:00,2019-06-15 07:55:00+00:00,0.0,45000.0,"POLYGON ((-100.31714523796862 34.19641125029924, -99.86259978342315 34.19641125029924, -99.86259978342315 33.74186579575379, -100.31714523796862 33.74186579575379, -100.31714523796862 34.19641125029924))"
53C,2019-06-15 05:55:00+00:00,2019-06-15 07:55:00+00:00,0.0,45000.0,"POLYGON ((-95.3984731663008 41.784317799785896, -95.1209618090252 40.1948973195314, -98.22894714649365 39.398985841447804, -100.50645486927674 40.353674880903995, -97.57310653729905 40.789171009253415, -95.3984731663008 41.784317799785896))"
51C,2019-06-15 05:55:00+00:00,2019-06-15 07:55:00+00:00,0.0,41000.0,"POLYGON ((-90.4822428362452 46.33132451987672, -88.98418251602276 45.629012360838566, -91.47 44.24273791147279, -93.1504044541085 44.716260039417485, -90.4822428362452 46.33132451987672))"
46C,2019-06-15 05:55:00+00:00,2019-06-15 07:55:00+00:00,0.0,40000.0,"POLYGON ((-96.48250386776944 46.13458763571061, -95.03954859981103 45.63967442875844, -96.21279537900803 44.783236385904935, -97.693958331163 45.888579782580955, -96.48250386776944 46.13458763571061))"
45C,2019-06-15 05:55:00+00:00,2019-06-15 07:55:00+00:00,0.0,43000.0,"POLYGON ((-99.65988043324403 48.694219296388255, -98.8298090472111 46.187610543353436, -102.59457249058055 45.331339037321825, -103.40327050991034 48.26750538636544, -99.65988043324403 48.694219296388255))"
52C,2019-06-15 05:55:00+00:00,2019-06-15 07:55:00+00:00,0.0,41000.0,"POLYGON ((-89.2548735565723 40.544692326261334, -86.8509355478769 39.61665186346282, -89.4974700379245 38.53754194405977, -90.81792419627178 40.202007706211646, -89.2548735565723 40.544692326261334))"
48C,2019-06-15 05:55:00+00:00,2019-06-15 07:55:00+00:00,0.0,45000.0,"POLYGON ((-98.04772770216081 38.92921957284507, -96.55072191766307 38.92512254310652, -97.5389441311395 36.22206142517619, -100.97 36.37452417705443, -98.04772770216081 38.92921957284507))"
12W,2019-06-15 05:55:00+00:00,2019-06-15 07:55:00+00:00,0.0,39000.0,"POLYGON ((-108.35194685103438 44.45068491437497, -106.17239422728301 44.46080391139157, -108.12367678108879 43.76727472235757, -110.07497215265519 44.078701838666184, -108.35194685103438 44.45068491437497))"
61C,2019-06-15 06:55:00+00:00,2019-06-15 08:55:00+00:00,0.0,45000.0,"POLYGON ((-96.42859742513085 40.60049346914478, -93.11279253469348 39.96284840185233, -94.22349722163592 39.122882947038015, -98.28183397857586 39.43927361495495, -99.45438488339462 40.194451492259766, -96.42859742513085 40.60049346914478))"
54C,2019-06-15 06:55:00+00:00,2019-06-15 08:55:00+00:00,0.0,38000.0,"POLYGON ((-98.47720980962217 49.02540690978021, -98.0516959965197 45.95382534655729, -102.37040568670342 46.191468032372, -101.45307899057309 46.97863668705944, -98.47720980962217 49.02540690978021))"
59C,2019-06-15 06:55:00+00:00,2019-06-15 08:55:00+00:00,0.0,41000.0,"POLYGON ((-90.0490454013534 46.037402314545, -88.19 45.282854697104476, -90.86771678625352 44.89836420958499, -90.0490454013534 46.037402314545))"
60C,2019-06-15 06:55:00+00:00,2019-06-15 08:55:00+00:00,0.0,41000.0,"POLYGON ((-88.57418272536233 40.83719241252581, -86.44481168599935 39.41247347431365, -89.3296886757926 38.372436704664004, -90.09038520398013 40.236679635315596, -88.57418272536233 40.83719241252581))"
56C,2019-06-15 06:55:00+00:00,2019-06-15 08:55:00+00:00,0.0,32000.0,"POLYGON ((-102.35934286812322 42.70807838211194, -100.89359062017347 42.56645013138365, -99.45856059027645 41.3746803667142, -100.34158060942615 41.176613142755606, -102.35934286812322 42.70807838211194))"
57C,2019-06-15 06:55:00+00:00,2019-06-15 08:55:00+00:00,0.0,45000.0,"POLYGON ((-97.62 38.597262088527216, -95.97322728974082 38.26066383426322, -97.34888495720897 36.15763997556041, -100.2930723536306 36.33928924642974, -97.62 38.597262088527216))"
55C,2019-06-15 06:55:00+00:00,2019-06-15 08:55:00+00:00,0.0,41000.0,"POLYGON ((-96.48250386776944 46.13458763571061, -95.13 45.468213734418356, -95.99530243202437 44.721409344839785, -97.49013026610682 45.67129918929541, -96.48250386776944 46.13458763571061))"
58C,2019-06-15 06:55:00+00:00,2019-06-15 08:55:00+00:00,0.0,35000.0,"POLYGON ((-103.56461854423142 30.299435421134067, -102.53320553917827 29.783035567591796, -103.36730441863041 29.069070318372592, -104.83722919037305 29.978674224827614, -103.56461854423142 30.299435421134067))"
64C,2019-06-15 07:55:00+00:00,2019-06-15 09:55:00+00:00,0.0,45000.0,"POLYGON ((-95.34394679936435 38.817872298875415, -95.86874243835983 36.046269320109936, -99.58702617093505 36.57492411339965, -98.79911712555646 38.54205367350181, -95.34394679936435 38.817872298875415))"
63C,2019-06-15 07:55:00+00:00,2019-06-15 09:55:00+00:00,0.0,42000.0,"POLYGON ((-95.57598615392139 45.89385631479021, -94.5860657192455 45.39095205128576, -95.13 44.47, -96.13121549064199 45.17150533028373, -95.57598615392139 45.89385631479021))"
66C,2019-06-15 07:55:00+00:00,2019-06-15 09:55:00+00:00,0.0,45000.0,"POLYGON ((-95.57163328134307 40.86246734671479, -91.68115875809517 39.97664308573844, -91.82479016354327 38.93666819746116, -98.69103832746747 39.74861924585445, -95.57163328134307 40.86246734671479))"
65C,2019-06-15 07:55:00+00:00,2019-06-15 09:55:00+00:00,0.0,41000.0,"POLYGON ((-90.21056902795137 40.687765571974516, -86.5848476773159 39.484319441164665, -89.26325254141153 37.34771408685742, -89.8796610192135 38.3878960443224, -90.21056902795137 40.687765571974516))"
62C,2019-06-15 07:55:00+00:00,2019-06-15 09:55:00+00:00,0.0,37000.0,"POLYGON ((-98.05831581172122 47.35849745911574, -97.5231693161076 46.00509653020866, -100.21183078048578 45.990552320799345, -99.44928781501272 47.577064933170746, -98.05831581172122 47.35849745911574))"
69C,2019-06-15 08:55:00+00:00,2019-06-15 10:55:00+00:00,0.0,45000.0,"POLYGON ((-95.94134331909999 38.896535823095455, -94.20602955663853 38.80392352525763, -95.28590229664502 35.790032694610545, -97.95471816902531 35.39948152148817, -99.88662192346968 37.64036108468282, -95.94134331909999 38.896535823095455))"
68C,2019-06-15 08:55:00+00:00,2019-06-15 10:55:00+00:00,0.0,38000.0,"POLYGON ((-95.3748874332118 45.95480295391253, -93.80701920879066 45.03457453862255, -94.52224454448302 44.468388580185774, -95.85258825925479 44.97887071948992, -95.3748874332118 45.95480295391253))"
71C,2019-06-15 08:55:00+00:00,2019-06-15 10:55:00+00:00,0.0,45000.0,"POLYGON ((-94.63499917094178 41.164719545556316, -91.12650405843907 39.967539559786225, -90.78115756713248 38.624331466094254, -96.21 39.534524177054436, -94.63499917094178 41.164719545556316))"
67C,2019-06-15 08:55:00+00:00,2019-06-15 10:55:00+00:00,0.0,34000.0,"POLYGON ((-97.75153316564135 47.00113852153804, -97.5231693161076 46.00509653020866, -99.82065488123716 46.16863111690094, -98.97028254245531 46.74741595367261, -97.75153316564135 47.00113852153804))"
70C,2019-06-15 08:55:00+00:00,2019-06-15 10:55:00+00:00,0.0,45000.0,"POLYGON ((-88.52582143549566 40.354342655019686, -86.28 39.387262088527216, -89.07090574560692 37.282315926781074, -89.61847469969331 39.149318174534514, -88.52582143549566 40.354342655019686))"
72C,2019-06-15 09:55:00+00:00,2019-06-15 11:55:00+00:00,0.0,39000.0,"POLYGON ((-95.11076410065118 45.14641622008131, -89.51022605861775 44.04860023296022, -89.54869785731537 43.85233530816476, -95.14923589934881 44.950151295285856, -95.11076410065118 45.14641622008131))"
75C,2019-06-15 09:55:00+00:00,2019-06-15 11:55:00+00:00,0.0,45000.0,"POLYGON ((-93.72444502086061 40.1244652270834, -92.81272329315368 37.767784777788584, -97.86971055843537 34.865435064311036, -99.38366206376774 37.469711069733535, -96.92905430807042 38.25935103708534, -93.72444502086061 40.1244652270834))"
73C,2019-06-15 09:55:00+00:00,2019-06-15 11:55:00+00:00,0.0,39000.0,"POLYGON ((-100.97149360852288 42.56581161467114, -98.91358233014047 42.06908350488517, -99.02589557673274 40.86687831785946, -101.43308628084999 41.55912767266601, -100.97149360852288 42.56581161467114))"
74C,2019-06-15 09:55:00+00:00,2019-06-15 11:55:00+00:00,0.0,45000.0,"POLYGON ((-93.2407339127778 41.311940681651514, -89.8640481667409 40.05401870082982, -86.74119265076024 40.072011925711486, -88.31692852072202 36.852745154288755, -93.04920408982481 39.77616884107525, -93.2407339127778 41.311940681651514))"
77C,2019-06-15 10:55:00+00:00,2019-06-15 12:55:00+00:00,0.0,39000.0,"POLYGON ((-99.76606456075038 42.169082742307175, -98.35000000000001 41.81371281826269, -98.78703697941184 40.577770741470815, -100.36659472427858 41.04936467675213, -99.76606456075038 42.169082742307175))"
79C,2019-06-15 10:55:00+00:00,2019-06-15 12:55:00+00:00,0.0,45000.0,"POLYGON ((-98.42145636827654 37.470379459334254, -94.05753439318867 37.35777207267345, -93.74119690343325 35.94272072047491, -97.24528183097468 35.39948152148817, -98.42145636827654 37.470379459334254))"
76C,2019-06-15 10:55:00+00:00,2019-06-15 12:55:00+00:00,0.0,39000.0,"POLYGON ((-94.71705597057479 45.23497664279764, -89.17115216130136 44.055320045336146, -89.21276279236272 43.85969654116889, -94.75866660163615 45.03935313863038, -94.71705597057479 45.23497664279764))"
78C,2019-06-15 10:55:00+00:00,2019-06-15 12:55:00+00:00,0.0,45000.0,"POLYGON ((-91.61 41.02089313279083, -87.004131864873 39.028625613178775, -87.95469961542783 37.8661729011373, -93.03491302953867 37.12435176671056, -95.0450256745333 39.524883978784636, -91.61 41.02089313279083))"
83C,2019-06-15 11:55:00+00:00,2019-06-15 13:55:00+00:00,0.0,45000.0,"POLYGON ((-97.83786503245334 37.5452645790444, -93.87565551924625 37.35874677808657, -93.74119690343325 35.94272072047491, -97.42355353617698 36.18299771581226, -97.83786503245334 37.5452645790444))"
80C,2019-06-15 11:55:00+00:00,2019-06-15 13:55:00+00:00,0.0,37000.0,"POLYGON ((-89.5555938404684 44.32114465688888, -88.82832111319568 44.32114465688888, -88.82832111319568 43.59387192961615, -89.5555938404684 43.59387192961615, -89.5555938404684 44.32114465688888))"
81C,2019-06-15 11:55:00+00:00,2019-06-15 13:55:00+00:00,0.0,45000.0,"POLYGON ((-99.76606456075038 42.169082742307175, -98.35000000000001 41.81371281826269, -98.35000000000001 40.51257436347464, -100.0439415521218 40.82654175010299, -99.76606456075038 42.169082742307175))"
82C,2019-06-15 11:55:00+00:00,2019-06-15 13:55:00+00:00,0.0,45000.0,"POLYGON ((-89.59 41.659106867209175, -86.71258642715978 39.719197310223784, -87.4607500127281 38.164902884468745, -92.36721343452265 37.03775803263106, -94.23980321931045 40.21116641293662, -89.59 41.659106867209175))"
86C,2019-06-15 12:55:00+00:00,2019-06-15 14:55:00+00:00,0.0,45000.0,"POLYGON ((-93.18176185207227 37.477548186472404, -93.73818778159206 36.37672701354523, -96.96970516087383 36.02789876757129, -96.84194445957378 37.15948780915211, -93.18176185207227 37.477548186472404))"
85C,2019-06-15 12:55:00+00:00,2019-06-15 14:55:00+00:00,0.0,45000.0,"POLYGON ((-88.72995857966713 41.42193787065022, -85.55652426086432 39.016868325683724, -91.53597742510217 36.5791390401417, -92.83308159211464 41.18243746310314, -88.72995857966713 41.42193787065022))"
84C,2019-06-15 12:55:00+00:00,2019-06-15 14:55:00+00:00,0.0,45000.0,"POLYGON ((-99.03190224334345 41.854669466716295, -98.35000000000001 41.87910686720918, -97.93068231749396 40.610709514684096, -99.28060743727315 40.670384692983895, -99.03190224334345 41.854669466716295))"
89C,2019-06-15 13:55:00+00:00,2019-06-15 15:55:00+00:00,,,"POLYGON ((-92.04679711215613 38.7652710159268, -91.97611421510595 38.44062293207017, -92.82852435776496 37.29941005711978, -91.86439176703945 38.68324486111709, -91.96502931445008 38.45945250354874, -92.98875990156989 37.41909535488663, -92.13634975891088 38.56030822983702, -92.14743465956676 38.54147865835845, -92.04679711215613 38.7652710159268))"
HOTEL 1,2019-06-15 13:55:00+00:00,2019-06-15 17:55:00+00:00,0.0,46000.0,"POLYGON ((-71 31.3, -68.3 30, -72.45 27.15, -74.15 28.15, -71 31.3))"
90C,2019-06-15 13:55:00+00:00,2019-06-15 15:55:00+00:00,0.0,44000.0,"POLYGON ((-95.06066543740388 37.42705082827455, -94.12 36.828283757683586, -98.0669139284788 33.988893195519246, -97.6 35.54457093942089, -95.06066543740388 37.42705082827455))"
87C,2019-06-15 13:55:00+00:00,2019-06-15 15:55:00+00:00,0.0,43000.0,"POLYGON ((-98.41372543906851 42.26521342170028, -97.15636170431253 40.196146798968805, -98.56984736142644 40.97909166475509, -98.98748223427593 41.93534888567699, -98.41372543906851 42.26521342170028))"
88C,2019-06-15 13:55:00+00:00,2019-06-15 15:55:00+00:00,0.0,45000.0,"POLYGON ((-92.61980619409042 41.75375092459007, -87.27212383764653 40.49615714280827, -85.58 38.59910686720918, -88.51175364967199 38.515820689814504, -90.62806684086054 36.900803767097244, -92.61980619409042 41.75375092459007))"
5E,2019-06-15 14:55:00+00:00,2019-06-15 16:55:00+00:00,0.0,45000.0,"POLYGON ((-79.85317811494392 24.86441632618421, -79.2658955441542 24.876451759036772, -78.48762691822812 24.153451522810293, -80.19206397392334 23.972914019102664, -79.85317811494392 24.86441632618421))"
91C,2019-06-15 14:55:00+00:00,2019-06-15 16:55:00+00:00,0.0,42000.0,"POLYGON ((-98.35000000000001 41.81371281826269, -97.63555339706662 41.59909444717231, -97.08791737386731 40.473315796292944, -98.35000000000001 40.94628718173732, -98.35000000000001 41.81371281826269))"
93C,2019-06-15 14:55:00+00:00,2019-06-15 16:55:00+00:00,0.0,45000.0,"POLYGON ((-93.83300979169923 37.1929593035637, -94.05127894695414 36.38354649231956, -94.83706500144393 36.24786026419984, -95.70168396802599 36.99296699057877, -93.83300979169923 37.1929593035637))"
92C,2019-06-15 14:55:00+00:00,2019-06-15 16:55:00+00:00,0.0,45000.0,"POLYGON ((-89.59 41.99184477868196, -84.94745909376465 39.480854076909495, -90.46981515099104 37.208641955032, -90.68104821354848 39.65745773947696, -92.61980619409042 41.75375092459007, -89.59 41.99184477868196))"
QUEBEC 1,2019-06-15 15:07:00+00:00,2019-06-15 19:10:00+00:00,0.0,56000.0,"POLYGON ((-171.5 1.1, -169 -2.3, -176.1 0, -171.5 1.1))"
6E,2019-06-15 15:55:00+00:00,2019-06-15 17:55:00+00:00,,,"POLYGON ((-79.80818721635887 25.8055367543396, -79.78679613000374 25.45025187670366, -79.8192508290691 25.51814740469006, -79.51489178073916 25.24072535366275, -79.9864346090746 25.43823199008752, -80.00782569542974 25.79351686772345, -79.6496208616793 25.09291441107381, -79.95397991000924 25.37033646210112, -79.80818721635887 25.8055367543396))"
96C,2019-06-15 15:55:00+00:00,2019-06-15 17:55:00+00:00,0.0,45000.0,"POLYGON ((-92.96622740404862 37.359443008421756, -93.22367795133604 36.24665670452259, -94.12 35.96085812115821, -94.81673546751372 36.85270059906422, -92.96622740404862 37.359443008421756))"
94C,2019-06-15 15:55:00+00:00,2019-06-15 17:55:00+00:00,0.0,42000.0,"POLYGON ((-91.95340779785933 42.13431154771673, -88.95339040020131 42.01883198294152, -88.92707786845791 41.15809963544537, -92.0788088997845 41.16612326927732, -91.95340779785933 42.13431154771673))"
95C,2019-06-15 15:55:00+00:00,2019-06-15 17:55:00+00:00,0.0,43000.0,"POLYGON ((-88.40527586148221 41.703673416147254, -85.52422988507482 40.36469539704536, -85.30973457529112 39.48898075185077, -87.90938494871719 38.04754626400489, -90.391537575488 37.97729979768656, -88.40527586148221 41.703673416147254))"
9E,2019-06-15 16:55:00+00:00,2019-06-15 18:55:00+00:00,,,"POLYGON ((-82.77858099209567 27.45104676502973, -82.33601858801168 26.32900331590183, -81.89558980819179 24.89554380381627, -82.95014009091759 27.34824853736303, -82.32620832923085 26.30697406025434, -81.70441019180821 24.95428352018799, -82.1448389716281 26.38774303227355, -82.15464923040894 26.40977228792104, -82.77858099209567 27.45104676502973))"
99C,2019-06-15 16:55:00+00:00,2019-06-15 18:55:00+00:00,0.0,41000.0,"POLYGON ((-92.43818774642834 36.641049359805194, -92.96638996158332 35.857177188472285, -93.74119690343325 35.94272072047491, -93.78828428403612 36.36019215450745, -92.43818774642834 36.641049359805194))"
7E,2019-06-15 16:55:00+00:00,2019-06-15 18:55:00+00:00,0.0,45000.0,"POLYGON ((-79.30487910356018 25.972002635340605, -78.09485933011993 23.7839124220802, -78.60267983213524 24.261108945577764, -79.8589472752599 24.877166648114333, -79.59564033185141 26.05306360301287, -79.30487910356018 25.972002635340605))"
8E,2019-06-15 16:55:00+00:00,2019-06-15 18:55:00+00:00,0.0,45000.0,"POLYGON ((-81.19462782794966 28.84733231469778, -79.94787570051727 26.372519595737387, -80.56141325127675 25.1849103249004, -81.13132408181599 25.479191370833874, -81.19462782794966 28.84733231469778))"
97C,2019-06-15 16:55:00+00:00,2019-06-15 18:55:00+00:00,0.0,40000.0,"POLYGON ((-88.95339040020131 42.01883198294152, -86.79060884204847 41.416114868550395, -87.23837897427134 40.86728783029412, -91.92310484652124 41.28429327756869, -91.86693597697126 41.980829874724655, -88.95339040020131 42.01883198294152))"
98C,2019-06-15 16:55:00+00:00,2019-06-15 18:55:00+00:00,0.0,41000.0,"POLYGON ((-85.35788602565815 40.67246816470484, -84.36932600780555 39.63435477280394, -86.91632679447427 37.92698828417791, -88.81457530882359 37.92529427799425, -89.11006742588691 40.200847291037455, -85.35788602565815 40.67246816470484))"
01C,2019-06-15 16:55:00+00:00,2019-06-15 18:55:00+00:00,0.0,40000.0,"POLYGON ((-92.90936603147574 44.63424048677371, -93.8160696945472 43.44189692972724, -95.92670327639699 43.90150155603103, -95.82938700960149 44.4678660282882, -92.90936603147574 44.63424048677371))"
12E,2019-06-15 17:55:00+00:00,2019-06-15 19:55:00+00:00,,,"POLYGON ((-81.36432765690314 28.59156781173005, -80.35643218809832 27.5615261093517, -80.35108544873962 25.64527279170423, -81.5826239460933 24.78719359549839, -80.32068705147891 26.59436978689048, -81.36432765690314 28.59156781173005))"
13E,2019-06-15 17:55:00+00:00,2019-06-15 19:55:00+00:00,,,"POLYGON ((-82.87469915459425 27.35227968452133, -82.95296075789227 27.16128272016627, -82.76797419940873 27.16147702333463, -81.87246442941507 24.98900997223263, -82.76789434462032 27.08545117871647, -82.6896327413223 27.27644814307153, -82.05737113311021 24.91278982444612, -82.95288090310386 27.08525687554812, -82.87469915459425 27.35227968452133))"
10E,2019-06-15 17:55:00+00:00,2019-06-15 19:55:00+00:00,0.0,38000.0,"POLYGON ((-85.33597767103728 40.71277546302458, -84.04 40.145429060579104, -84.96239938701075 38.81525149182382, -89.13418402971841 37.664930849451345, -87.53898365773766 40.023908277805745, -85.33597767103728 40.71277546302458))"
07C,2019-06-15 17:55:00+00:00,2019-06-15 19:55:00+00:00,0.0,33000.0,"POLYGON ((-105.49756543596692 41.74048502709876, -104.80460589308655 40.07704269883898, -106.72946774100548 40.51859702114021, -107.30000000000001 41.38742563652537, -105.49756543596692 41.74048502709876))"
06C,2019-06-15 17:55:00+00:00,2019-06-15 19:55:00+00:00,0.0,45000.0,"POLYGON ((-90.25652972124273 30.384016610872816, -88.95150399685306 30.217523086343178, -88.77537657647486 29.17348185242491, -91.0446088837188 29.945486617907925, -90.25652972124273 30.384016610872816))"
09C,2019-06-15 17:55:00+00:00,2019-06-15 19:55:00+00:00,0.0,45000.0,"POLYGON ((-105.07345884367649 37.64931445453383, -104.88016458540346 37.597959515933134, -105.37259018737602 35.74452449913749, -105.56588444564905 35.795879437738186, -105.07345884367649 37.64931445453383))"
08C,2019-06-15 17:55:00+00:00,2019-06-15 19:55:00+00:00,0.0,43000.0,"POLYGON ((-105.18036525747414 39.64286166074122, -104.64264097159281 38.69050698890986, -104.94806348961667 37.8799495814986, -108.09 37.31828375768359, -107.04 38.88371281826269, -105.18036525747414 39.64286166074122))"
02C,2019-06-15 17:55:00+00:00,2019-06-15 19:55:00+00:00,0.0,38000.0,"POLYGON ((-88.44051181410683 42.15470891840492, -87.77703885414459 41.13980999074654, -89.94541492122381 41.27010409526021, -90.159848830106 41.98977132065175, -88.44051181410683 42.15470891840492))"
11E,2019-06-15 17:55:00+00:00,2019-06-15 19:55:00+00:00,0.0,45000.0,"POLYGON ((-78.98651900960778 25.79427881205052, -77.96848942841059 23.664353734554076, -78.47537047632721 24.14196710441644, -79.75939584015809 25.32851235785509, -78.98651900960778 25.79427881205052))"
05C,2019-06-15 17:55:00+00:00,2019-06-15 19:55:00+00:00,0.0,45000.0,"POLYGON ((-94.00345373263033 30.903349058535504, -92.26521058160417 30.47644599392489, -93.64217119795745 29.947926880086285, -95.52729800448624 29.896214669760766, -94.00345373263033 30.903349058535504))"
03C,2019-06-15 17:55:00+00:00,2019-06-15 19:55:00+00:00,0.0,43000.0,"POLYGON ((-93.50349257332346 42.78245880625014, -92.06164509908454 42.39206062240994, -92.25386960411373 40.74433598278782, -92.87240351878404 40.849165488669634, -93.50349257332346 42.78245880625014))"
04C,2019-06-15 17:55:00+00:00,2019-06-15 19:55:00+00:00,0.0,45000.0,"POLYGON ((-96.84927568195764 44.96418929529473, -92.12881262215723 44.707159228286365, -94.46216385267017 42.30246098990214, -96.26000840016421 42.72658098799276, -96.84927568195764 44.96418929529473))"
INDIA 1,2019-06-15 18:15:00+00:00,2019-06-15 22:15:00+00:00,0.0,48000.0,"POLYGON ((-75.3 28.45, -74.45 27.45, -77.3 23.3, -79 24.45, -78.45 27, -75.3 28.45))"
16E,2019-06-15 18:55:00+00:00,2019-06-15 20:55:00+00:00,0.0,45000.0,"POLYGON ((-83.19013265490281 26.961886934949245, -83.05603501535091 26.81350289582574, -83.39738780127355 26.505015519979395, -83.53148544082545 26.6533995591029, -83.19013265490281 26.961886934949245))"
14E,2019-06-15 18:55:00+00:00,2019-06-15 20:55:00+00:00,0.0,36000.0,"POLYGON ((-85.0440223289627 40.71277546302458, -83.90618347558113 40.187695766164964, -85.21453641964997 38.85289387584483, -85.86329577533824 38.63392560823894, -85.0440223289627 40.71277546302458))"
17E,2019-06-15 18:55:00+00:00,2019-06-15 20:55:00+00:00,0.0,43000.0,"POLYGON ((-81.51789026448449 24.79965058687689, -81.49403999630294 24.601077767217024, -82.42403008537899 24.48937812439267, -82.44788035356054 24.687950944052535, -81.51789026448449 24.79965058687689))"
13C,2019-06-15 18:55:00+00:00,2019-06-15 20:55:00+00:00,0.0,40000.0,"POLYGON ((-98.05280547898198 46.144886170543415, -97.88951872497967 46.029398353145254, -98.43373586032618 45.25993667740158, -98.5970226143285 45.375424494799745, -98.05280547898198 46.144886170543415))"
21C,2019-06-15 18:55:00+00:00,2019-06-15 20:55:00+00:00,0.0,33000.0,"POLYGON ((-103.40061333229335 48.516206089555155, -102.14590947397382 48.35592321482191, -102.17125264048504 48.15753540292011, -103.42595649880457 48.31781827765336, -103.40061333229335 48.516206089555155))"
19C,2019-06-15 18:55:00+00:00,2019-06-15 20:55:00+00:00,0.0,37000.0,"POLYGON ((-106.37688943866404 36.10097481045947, -106.21572789376184 35.982539357808086, -106.7394192275489 35.2699241525161, -106.9005807724511 35.38835960516748, -106.37688943866404 36.10097481045947))"
20C,2019-06-15 18:55:00+00:00,2019-06-15 20:55:00+00:00,0.0,42000.0,"POLYGON ((-98.78859311812153 47.98787645015175, -98.61290341170337 47.89230905477704, -100.07215514679093 45.20964193883801, -100.24784485320909 45.305209334212726, -98.78859311812153 47.98787645015175))"
18C,2019-06-15 18:55:00+00:00,2019-06-15 20:55:00+00:00,0.0,45000.0,"POLYGON ((-105.00183204531216 37.38771927694241, -104.81959446984997 37.30532106039821, -105.58268245352812 35.61762307563392, -105.7649200289903 35.70002129217813, -105.00183204531216 37.38771927694241))"
11C,2019-06-15 18:55:00+00:00,2019-06-15 20:55:00+00:00,0.0,43000.0,"POLYGON ((-92.77377960639102 42.67973916266076, -91.61 42.098283757683575, -92.49813731655594 41.23995065790597, -93.56666030167918 42.38642041875806, -92.77377960639102 42.67973916266076))"
16C,2019-06-15 18:55:00+00:00,2019-06-15 20:55:00+00:00,0.0,45000.0,"POLYGON ((-90.66719459759639 30.356216157722987, -89.3683691015242 30.168839110757773, -89.39692675506026 29.9708884592698, -90.69575225113246 30.158265506235015, -90.66719459759639 30.356216157722987))"
14C,2019-06-15 18:55:00+00:00,2019-06-15 20:55:00+00:00,0.0,41000.0,"POLYGON ((-86.97050422031008 38.887138328952304, -86.81939834786202 38.75611537175888, -87.82422292503902 37.59727345852501, -87.97532879748708 37.72829641571843, -86.97050422031008 38.887138328952304))"
15E,2019-06-15 18:55:00+00:00,2019-06-15 20:55:00+00:00,0.0,45000.0,"POLYGON ((-81.24505398820223 29.417572682385824, -79.50061792054885 25.092084646045706, -81.44773472034979 25.35811317607286, -82.12320847320805 26.402256074635797, -81.24505398820223 29.417572682385824))"
12C,2019-06-15 18:55:00+00:00,2019-06-15 20:55:00+00:00,0.0,45000.0,"POLYGON ((-96.84927568195764 44.96418929529473, -91.74750392839101 44.438571499359945, -94.03238418335643 42.148595528958744, -96.26000840016421 42.72658098799276, -96.84927568195764 44.96418929529473))"
15C,2019-06-15 18:55:00+00:00,2019-06-15 20:55:00+00:00,0.0,45000.0,"POLYGON ((-93.99959199237763 31.41266170720523, -91.57367187320675 30.714995550376187, -96.0177661794798 29.374504975625655, -93.99959199237763 31.41266170720523))"
10C,2019-06-15 18:55:00+00:00,2019-06-15 20:55:00+00:00,0.0,38000.0,"POLYGON ((-88.53782227765429 42.458804909725096, -85.93821760379359 42.16246162052927, -86.48991528594024 41.462464732408684, -89.74653628718183 41.27753476609719, -88.53782227765429 42.458804909725096))"
17C,2019-06-15 18:55:00+00:00,2019-06-15 20:55:00+00:00,0.0,43000.0,"POLYGON ((-105.23660828484259 40.85613359760948, -104.43 38.955475822945566, -105.22431697561393 37.81907312202571, -108.33815383298757 37.33795286300999, -105.23660828484259 40.85613359760948))"
13W,2019-06-15 18:55:00+00:00,2019-06-15 20:55:00+00:00,0.0,37000.0,"POLYGON ((-110.23972609465262 36.939091311672435, -108.67363403973721 36.26800915270825, -108.03912959361297 35.0339026771734, -110.07618199890567 35.64605844169648, -110.23972609465262 36.939091311672435))"
QUEBEC 2,2019-06-15 19:30:00+00:00,2019-06-15 23:30:00+00:00,0.0,57000.0,"POLYGON ((-177 1.3, -170.1 -0.3, -178 -1.2, -177 1.3))"
25C,2019-06-15 19:55:00+00:00,2019-06-15 21:55:00+00:00,,,"POLYGON ((-97.14133236856723 46.88962177932444, -98.43527051198865 45.77485592387422, -98.46876034531165 45.71479166688966, -98.52951520744145 45.33254086556695, -98.30472948801136 45.62333351279599, -97.01079134458995 46.73809936824621, -98.33199451681816 45.30114696845784, -98.27123965468836 45.68339776978055, -97.14133236856723 46.88962177932444))"
28C,2019-06-15 19:55:00+00:00,2019-06-15 21:55:00+00:00,,,"POLYGON ((-86.04502713346412 39.4877981112304, -85.81053619607427 38.19929617990383, -87.52677096679932 37.83202331451745, -86.23829331113546 39.4363375965778, -85.92809540579579 38.27135190043055, -87.56862320857101 38.02759527022348, -85.85238843784596 38.39486813560986, -85.73482922812444 38.32281241508315, -86.04502713346412 39.4877981112304))"
29C,2019-06-15 19:55:00+00:00,2019-06-15 21:55:00+00:00,,,"POLYGON ((-91.30475182637264 30.62953749217138, -94.37380358669002 31.25755883616476, -94.42020778032203 31.256053119344, -94.7962271890785 31.15331457180453, -94.85601010415347 31.10764400532157, -95.57264988223618 29.89231335459654, -94.41389881291617 31.06161911881814, -91.3448470525988 30.43359777482476, -94.74351402804062 30.96038628809943, -94.36749461928416 31.0631248356389, -95.40037089104835 29.79072620385736, -94.68373111296565 31.00605685458239, -91.30475182637264 30.62953749217138))"
19E,2019-06-15 19:55:00+00:00,2019-06-15 21:55:00+00:00,0.0,43000.0,"POLYGON ((-81.67538636129123 24.63210654647696, -81.63096832105947 24.437101321670113, -82.36430388096777 24.270063087511733, -82.40872192119953 24.465068312318582, -81.67538636129123 24.63210654647696))"
26C,2019-06-15 19:55:00+00:00,2019-06-15 21:55:00+00:00,0.0,42000.0,"POLYGON ((-98.44484392377107 47.686969423507556, -98.31274171685884 47.53680615593216, -99.86484039593641 46.17138794039708, -99.99694260284865 46.321551207972476, -98.44484392377107 47.686969423507556))"
32C,2019-06-15 19:55:00+00:00,2019-06-15 21:55:00+00:00,0.0,45000.0,"POLYGON ((-104.40587161526696 37.318696892269436, -104.2472633267057 37.196863355016056, -105.3899331722319 35.70928519981115, -105.54854146079316 35.83111873706453, -104.40587161526696 37.318696892269436))"
30C,2019-06-15 19:55:00+00:00,2019-06-15 21:55:00+00:00,0.0,45000.0,"POLYGON ((-88.95781107799881 31.23976606688423, -89.33326837883556 29.848325320623506, -91.10819720488718 30.0791612479224, -90.49876177016506 31.095324935448467, -88.95781107799881 31.23976606688423))"
33C,2019-06-15 19:55:00+00:00,2019-06-15 21:55:00+00:00,0.0,37000.0,"POLYGON ((-105.55106137211392 42.86638187195628, -104.77 41.21, -104.950350027801 40.343904188338904, -107.41007925088256 39.604818060722174, -106.72870397901806 42.28771967541403, -105.55106137211392 42.86638187195628))"
31C,2019-06-15 19:55:00+00:00,2019-06-15 21:55:00+00:00,0.0,43000.0,"POLYGON ((-105.18288397038702 39.97480273590499, -103.90606572677103 38.697746390683385, -105.14594330883841 37.5693897941832, -107.83418354514558 36.944180720322436, -108.54342356598231 37.50268593139344, -105.18288397038702 39.97480273590499))"
22C,2019-06-15 19:55:00+00:00,2019-06-15 21:55:00+00:00,0.0,45000.0,"POLYGON ((-97.17992664011555 40.24933274931293, -96.63447209466102 40.24933274931293, -96.63447209466102 39.70387820385838, -97.17992664011555 39.70387820385838, -97.17992664011555 40.24933274931293))"
18E,2019-06-15 19:55:00+00:00,2019-06-15 21:55:00+00:00,0.0,45000.0,"POLYGON ((-82.68 28.741844778681966, -80.99049066889721 28.412219359328287, -79.50061792054885 25.092084646045706, -81.8 25.25547582294557, -82.68 28.741844778681966))"
24C,2019-06-15 19:55:00+00:00,2019-06-15 21:55:00+00:00,0.0,45000.0,"POLYGON ((-97.37680420988248 44.709816445541826, -91.74750392839101 44.438571499359945, -91.47 43.91, -94.29 42.277262088527216, -96.17485263840608 42.572452027108, -97.37680420988248 44.709816445541826))"
27C,2019-06-15 19:55:00+00:00,2019-06-15 21:55:00+00:00,0.0,33000.0,"POLYGON ((-103.19365545238571 48.76417787211155, -99.44928781501272 47.577064933170746, -100.32504567925032 46.99476460439475, -103.20280319474928 47.5345580808571, -103.19365545238571 48.76417787211155))"
23C,2019-06-15 19:55:00+00:00,2019-06-15 21:55:00+00:00,0.0,42000.0,"POLYGON ((-93.15650742667654 42.78245880625014, -91.33252750410524 42.2073129730507, -92.49878149178134 41.51657855579943, -93.87316657927764 42.481910283524115, -93.15650742667654 42.78245880625014))"
14W,2019-06-15 19:55:00+00:00,2019-06-15 21:55:00+00:00,0.0,41000.0,"POLYGON ((-108.47297415907329 36.612052756705, -108.27703768166174 35.122821076200836, -109.85745952700948 35.374692502105454, -110.31474986708275 36.43454715277821, -108.47297415907329 36.612052756705))"
15W,2019-06-15 19:55:00+00:00,2019-06-15 21:55:00+00:00,0.0,45000.0,"POLYGON ((-109.94773614110636 44.861097788918535, -108.3 43.79273791147278, -108.06580794768904 42.291924207960676, -109.88446595634062 43.35220922779386, -109.94773614110636 44.861097788918535))"
21E,2019-06-15 20:55:00+00:00,2019-06-15 22:55:00+00:00,0.0,35000.0,"POLYGON ((-87.51570944229161 39.694152260945124, -84.7 39.45371281826268, -85.6504331407302 38.233545128717, -87.51570944229161 39.694152260945124))"
16W,2019-06-15 20:55:00+00:00,2019-06-15 22:55:00+00:00,0.0,42000.0,"POLYGON ((-112.17129876782751 45.13872363008262, -109.08949723862644 45.00763243430905, -106.28 43.52371281826269, -106.97412560984095 42.5767561466466, -113.50561627574866 44.60964526701868, -112.17129876782751 45.13872363008262))"
20E,2019-06-15 20:55:00+00:00,2019-06-15 22:55:00+00:00,0.0,45000.0,"POLYGON ((-83.05 29.6, -81.11 29.3, -78.88114592700765 27.120543956737375, -78.9860466174684 24.617894306950927, -82.31556621708232 24.11856181931795, -83.05 29.6))"
18W,2019-06-15 20:55:00+00:00,2019-06-15 22:55:00+00:00,0.0,37000.0,"POLYGON ((-111.14059758866306 37.30231183329928, -108.1412716882026 35.478517496767495, -109.85745952700948 35.374692502105454, -111.14059758866306 37.30231183329928))"
17W,2019-06-15 20:55:00+00:00,2019-06-15 22:55:00+00:00,0.0,36000.0,"POLYGON ((-111.82567060380394 42.38931030457382, -110.13 39.80726208852722, -112.5977047164892 40.37778367082961, -111.82567060380394 42.38931030457382))"
38C,2019-06-15 21:06:00+00:00,2019-06-15 22:55:00+00:00,,,"POLYGON ((-97.14133236856723 46.88962177932444, -98.43527051198865 45.77485592387422, -98.46876034531165 45.71479166688966, -98.52951520744145 45.33254086556695, -98.30472948801136 45.62333351279599, -97.01079134458995 46.73809936824621, -98.33199451681816 45.30114696845784, -98.27123965468836 45.68339776978055, -97.14133236856723 46.88962177932444))"
36C,2019-06-15 21:06:00+00:00,2019-06-15 22:55:00+00:00,0.0,45000.0,"POLYGON ((-95.53839748692637 40.51452713119459, -95.47807197113382 40.32384196621221, -96.87703660949201 39.88126289409446, -96.93736212528457 40.071948059076846, -95.53839748692637 40.51452713119459))"
34C,2019-06-15 21:06:00+00:00,2019-06-15 22:55:00+00:00,0.0,41000.0,"POLYGON ((-104.00009759012434 48.81707262039214, -97.94566265531985 47.43636835321735, -96.85 45.73800342405374, -97.64832111295837 44.90657842614921, -106.96565659397614 48.75377980100136, -104.00009759012434 48.81707262039214))"
37C,2019-06-15 21:06:00+00:00,2019-06-15 22:55:00+00:00,0.0,45000.0,"POLYGON ((-88.8 32.38, -89.14726391926212 29.176628054280616, -95.88121234322834 29.767934630286774, -94.75 31.920893132790823, -88.8 32.38))"
35C,2019-06-15 21:06:00+00:00,2019-06-15 22:55:00+00:00,0.0,45000.0,"POLYGON ((-97.31621004520306 44.570988476484374, -90.82107507811406 44.427532811382356, -91.33252750410524 42.2073129730507, -93.98653731642716 40.824687516519965, -97.31621004520306 44.570988476484374))"
40C,2019-06-15 21:06:00+00:00,2019-06-15 22:55:00+00:00,0.0,45000.0,"POLYGON ((-103.03451440121684 35.369686840390514, -101.71002653590519 33.69983891203634, -103.29848560657396 33.57691182784401, -103.03451440121684 35.369686840390514))"
39C,2019-06-15 21:06:00+00:00,2019-06-15 22:55:00+00:00,0.0,45000.0,"POLYGON ((-105.44161448768546 42.832265369960744, -103.6 37.26, -105.71577386778335 35.18806442553024, -109.52184616701244 37.33795286300999, -105.44161448768546 42.832265369960744))"
INDIA 2,2019-06-15 21:30:00+00:00,2019-06-16 01:30:00+00:00,0.0,47000.0,"POLYGON ((-74.45 29, -72.45 27.15, -77.3 23.3, -79 24.15, -79 27, -74.45 29))"
43C,2019-06-15 21:55:00+00:00,2019-06-15 23:55:00+00:00,0.0,45000.0,"POLYGON ((-95.09990729899161 40.29113968337995, -95.04886246779762 40.09776330113958, -96.0401769409728 39.83608977432551, -96.09122177216679 40.02946615656588, -95.09990729899161 40.29113968337995))"
19W,2019-06-15 21:55:00+00:00,2019-06-15 23:55:00+00:00,0.0,30000.0,"POLYGON ((-113.31226719590147 48.206735048485854, -111.1064776846526 47.65405479865373, -111.95 46.7545709394209, -113.12370296749742 46.93597359077763, -113.31226719590147 48.206735048485854))"
22W,2019-06-15 21:55:00+00:00,2019-06-15 23:55:00+00:00,0.0,37000.0,"POLYGON ((-119.29574623699729 39.05602598617823, -118.3664265649633 37.83740253541438, -118.52545975538145 37.716124159990635, -119.45477942741543 38.934747610754485, -119.29574623699729 39.05602598617823))"
23W,2019-06-15 21:55:00+00:00,2019-06-15 23:55:00+00:00,0.0,45000.0,"POLYGON ((-122.8433237399883 40.34184224882942, -122.64299069175712 39.48036448279897, -122.83779282688917 39.435064061741365, -123.03812587512036 40.29654182777182, -122.8433237399883 40.34184224882942))"
20W,2019-06-15 21:55:00+00:00,2019-06-15 23:55:00+00:00,0.0,42000.0,"POLYGON ((-111.7286197683629 45.2470562264266, -109.08949723862644 45.00763243430905, -106.28 43.09, -106.65472032190543 42.42155394906995, -113.36329076267246 44.50660993717226, -111.7286197683629 45.2470562264266))"
21W,2019-06-15 21:55:00+00:00,2019-06-15 23:55:00+00:00,0.0,36000.0,"POLYGON ((-110.27371900317219 36.447831392641106, -107.88395584204011 36.33912364258454, -109.91693241166172 35.05680015096546, -110.27371900317219 36.447831392641106))"
23E,2019-06-15 21:55:00+00:00,2019-06-15 23:55:00+00:00,0.0,35000.0,"POLYGON ((-87.25 39.98910686720918, -83.70913291483416 39.674707018512514, -84.54883344553383 38.902261760180544, -89.26943821043591 38.970752393120584, -87.25 39.98910686720918))"
22E,2019-06-15 21:55:00+00:00,2019-06-15 23:55:00+00:00,0.0,45000.0,"POLYGON ((-82.37741804946413 29.010101918639464, -79.56552150578052 26.20847576277964, -81.41296605564185 24.2365843602959, -82.97439859879643 25.644189608327153, -82.37741804946413 29.010101918639464))"
47C,2019-06-15 21:55:00+00:00,2019-06-15 23:55:00+00:00,0.0,45000.0,"POLYGON ((-103.01621052602195 31.408689283935857, -102.01007482866206 30.94637897958997, -102.02796151273816 30.1230252703179, -103.51659516035193 30.75789165190176, -103.01621052602195 31.408689283935857))"
46C,2019-06-15 21:55:00+00:00,2019-06-15 23:55:00+00:00,0.0,45000.0,"POLYGON ((-103.44361848583843 35.48730937505223, -101.52389157599349 34.46792524899075, -101.49183278826247 32.596293082068, -103.26643523981288 34.14633648612905, -103.44361848583843 35.48730937505223))"
44C,2019-06-15 21:55:00+00:00,2019-06-15 23:55:00+00:00,0.0,45000.0,"POLYGON ((-93.26278611156431 32.57781027077064, -88.57497860473535 31.918685372356954, -88.95672772293237 29.1751444707926, -96.17056413645045 30.66330160295102, -93.26278611156431 32.57781027077064))"
45C,2019-06-15 21:55:00+00:00,2019-06-15 23:55:00+00:00,0.0,41000.0,"POLYGON ((-106.28 42.59089313279083, -103.63940439455277 39.80616787714737, -104.03367570846248 35.53215008221453, -108.93 37.144524177054436, -106.28 42.59089313279083))"
41C,2019-06-15 21:55:00+00:00,2019-06-15 23:55:00+00:00,0.0,41000.0,"POLYGON ((-104.06440741892322 48.917517965117064, -99.1767117426453 47.932865127228716, -96.85 45.75178626558164, -97.2256733038903 44.4176657791734, -107.01688407585867 48.834176278521305, -104.06440741892322 48.917517965117064))"
42C,2019-06-15 21:55:00+00:00,2019-06-15 23:55:00+00:00,0.0,45000.0,"POLYGON ((-95.34562316017235 44.53346395666169, -90.1867239604309 44.51066964598057, -93.02680517727897 40.96774907931428, -95.12565145928465 41.3593704722117, -95.34562316017235 44.53346395666169))"
26E,2019-06-15 22:55:00+00:00,2019-06-16 00:55:00+00:00,0.0,33000.0,"POLYGON ((-82.77759458652372 39.9728697846882, -82.69079613821782 39.79268646311907, -84.13964304815619 39.09474359848377, -84.22644149646209 39.2749269200529, -82.77759458652372 39.9728697846882))"
53C,2019-06-15 22:55:00+00:00,2019-06-16 00:55:00+00:00,0.0,45000.0,"POLYGON ((-102.62124905041036 31.256186024035717, -101.54051786661634 30.97811108226633, -101.89423081472177 30.5581868226299, -102.85133868903137 30.682804008643735, -102.62124905041036 31.256186024035717))"
24E,2019-06-15 22:55:00+00:00,2019-06-16 00:55:00+00:00,0.0,45000.0,"POLYGON ((-82.28465204482438 29.597804612880022, -78.97286876565066 26.675630616850057, -81.6603086319212 24.282525914214236, -82.68 27.91, -82.28465204482438 29.597804612880022))"
25E,2019-06-15 22:55:00+00:00,2019-06-16 00:55:00+00:00,0.0,45000.0,"POLYGON ((-86.90316040326891 40.25246995648002, -85.04277362489681 39.967327381695306, -87.06436622495158 36.92836605612156, -88.61325680064061 39.27862330318855, -86.90316040326891 40.25246995648002))"
48C,2019-06-15 22:55:00+00:00,2019-06-16 00:55:00+00:00,0.0,41000.0,"POLYGON ((-104.06440741892322 48.917517965117064, -97.19189184099272 46.5142081244558, -96.4243897693851 44.264271939311, -106.24311592414132 48.834176278521305, -104.06440741892322 48.917517965117064))"
49C,2019-06-15 22:55:00+00:00,2019-06-16 00:55:00+00:00,0.0,45000.0,"POLYGON ((-94.10367164692012 44.612069097511, -90.2952905032313 44.47099284813894, -91.8633003711866 41.05860636155787, -94.32410425804414 40.0577887468832, -95.33954149479143 42.92355826658565, -94.10367164692012 44.612069097511))"
50C,2019-06-15 22:55:00+00:00,2019-06-16 00:55:00+00:00,0.0,45000.0,"POLYGON ((-93.62707226917188 32.83353375782694, -87.97065553335092 31.671438286774364, -89.29294429181337 29.59345013510345, -95.88646819119171 31.15474239179492, -93.62707226917188 32.83353375782694))"
52C,2019-06-15 22:55:00+00:00,2019-06-16 00:55:00+00:00,0.0,45000.0,"POLYGON ((-103.02092114203982 35.64918710232253, -101.03712892851827 34.62239869812676, -100.76780519622311 32.15840686504874, -102.03932827092918 32.31732074554638, -103.02092114203982 35.64918710232253))"
51C,2019-06-15 22:55:00+00:00,2019-06-16 00:55:00+00:00,0.0,41000.0,"POLYGON ((-105.20386450137144 42.261085821718495, -102.90170351451879 38.199809925878874, -103.75638151416156 35.48730937505223, -108.67363403973721 36.26800915270825, -109.03760155020535 39.52085370362426, -105.20386450137144 42.261085821718495))"
24W,2019-06-15 22:55:00+00:00,2019-06-16 00:55:00+00:00,0.0,30000.0,"POLYGON ((-112.55 45.25, -108.9813767182517 45.19460664844538, -106.28 43.09, -106.06243626859779 41.95431477164329, -112.85406855717547 44.27919457369794, -112.55 45.25))"
25W,2019-06-15 22:55:00+00:00,2019-06-16 00:55:00+00:00,0.0,37000.0,"POLYGON ((-119.50773371169431 39.412259972259235, -117.68903600243013 38.15367714687166, -118.74103122341234 37.67766690531182, -119.50773371169431 39.412259972259235))"
26W,2019-06-15 22:55:00+00:00,2019-06-16 00:55:00+00:00,0.0,45000.0,"POLYGON ((-123.28942416047187 41.3720499595926, -120.82422367606888 40.53707777998074, -123.10531856973618 39.357294206812206, -123.28942416047187 41.3720499595926))"
27E,2019-06-15 23:55:00+00:00,2019-06-16 01:55:00+00:00,0.0,45000.0,"POLYGON ((-82.9864552607796 29.466418734935218, -81.93888211187326 29.297441204416582, -81.16404478053025 24.588664534222602, -82.27696789842058 24.5892487959576, -82.9864552607796 29.466418734935218))"
28E,2019-06-15 23:55:00+00:00,2019-06-16 01:55:00+00:00,0.0,45000.0,"POLYGON ((-85.45998568045209 40.77523034725311, -83.5159791670382 40.122841725810204, -85.86329577533824 38.63392560823894, -87.77676058992039 39.07989970826919, -85.45998568045209 40.77523034725311))"
55C,2019-06-15 23:55:00+00:00,2019-06-16 01:55:00+00:00,0.0,45000.0,"POLYGON ((-93.67043864189934 44.56250745748204, -88.93696979758015 44.33625997792464, -91.61 40.94171624231643, -94.52431144890956 39.690500003752, -95.19336534867172 42.32981747154622, -93.67043864189934 44.56250745748204))"
54C,2019-06-15 23:55:00+00:00,2019-06-16 01:55:00+00:00,0.0,41000.0,"POLYGON ((-102.49662834565223 48.14490936714654, -96.85 45.88257436347464, -96.4101339968844 43.76005425664115, -103.98930399437894 47.48143590011448, -102.49662834565223 48.14490936714654))"
59C,2019-06-15 23:55:00+00:00,2019-06-16 01:55:00+00:00,0.0,45000.0,"POLYGON ((-101.67852323887917 32.00897386320637, -101.04541459660122 30.85748875672594, -102.15178140293777 30.231768952770953, -102.78727506668484 30.549158601798624, -101.67852323887917 32.00897386320637))"
58C,2019-06-15 23:55:00+00:00,2019-06-16 01:55:00+00:00,0.0,45000.0,"POLYGON ((-100.98366742643597 35.509528570036835, -100.17627604872645 32.36895466409581, -101.99340239903928 32.41054689499933, -103.2736162338658 35.068912229362645, -100.98366742643597 35.509528570036835))"
28W,2019-06-15 23:55:00+00:00,2019-06-16 01:55:00+00:00,0.0,37000.0,"POLYGON ((-119.26412686831877 39.222645846782434, -117.50981812093322 38.20416794814133, -118.15756483043027 37.692681595729326, -119.26412686831877 39.222645846782434))"
56C,2019-06-15 23:55:00+00:00,2019-06-16 01:55:00+00:00,0.0,45000.0,"POLYGON ((-92.04 33.01910686720918, -87.98666848660484 31.49799042518937, -89.52835033643807 29.178786073129128, -93.81 32.77, -92.04 33.01910686720918))"
57C,2019-06-15 23:55:00+00:00,2019-06-16 01:55:00+00:00,0.0,45000.0,"POLYGON ((-104.60153149546926 40.902467173908576, -102.69 39.03184477868197, -103.1663242915375 35.53215008221453, -106.82 35.87184477868197, -106.89 39.939106867209176, -104.60153149546926 40.902467173908576))"
27W,2019-06-15 23:55:00+00:00,2019-06-16 01:55:00+00:00,0.0,30000.0,"POLYGON ((-111.23127134787165 45.62444598889886, -107.06 44.84, -104.1065715417319 41.20809628620395, -105.46738967017407 40.878608115772614, -112.21717939396444 45.014234117914995, -111.23127134787165 45.62444598889886))"
29W,2019-06-15 23:55:00+00:00,2019-06-16 01:55:00+00:00,0.0,45000.0,"POLYGON ((-122.90999999999998 41.31541730984525, -120.74050698921401 40.3485134940248, -122.96602220671028 39.28488736809971, -122.90999999999998 41.31541730984525))"
30W,2019-06-15 23:55:00+00:00,2019-06-16 01:55:00+00:00,0.0,30000.0,"POLYGON ((-107.88966166543065 39.75406456151414, -106.94490359092086 36.352503916803194, -106.94490359092086 36.352503916803194, -111.40973681810273 35.058474465504986, -108.79000000000002 39.55910686720918, -107.88966166543065 39.75406456151414))"
INDIA 3,2019-06-16 00:50:00+00:00,2019-06-16 04:50:00+00:00,0.0,46000.0,"POLYGON ((-76.15 27.15, -75.15 25.15, -77.3 23.3, -79 24.45, -79 27, -76.15 27.15))"
4C,2019-06-16 00:55:00+00:00,2019-06-16 02:55:00+00:00,0.0,45000.0,"POLYGON ((-95.65241032907589 36.4670536312554, -95.29450065160562 36.033003335708536, -96.94276588653378 35.6195213430634, -95.65241032907589 36.4670536312554))"
3C,2019-06-16 00:55:00+00:00,2019-06-16 02:55:00+00:00,0.0,45000.0,"POLYGON ((-97.66548049212273 36.554184587862544, -98.66411801287954 35.39533389263525, -99.38149682912986 36.504940412176076, -97.66548049212273 36.554184587862544))"
5C,2019-06-16 00:55:00+00:00,2019-06-16 02:55:00+00:00,0.0,44000.0,"POLYGON ((-92.94666512691133 33.399143669134034, -92.4012105814568 33.399143669134034, -92.4012105814568 32.85368912367949, -92.94666512691133 32.85368912367949, -92.94666512691133 33.399143669134034))"
1E,2019-06-16 00:55:00+00:00,2019-06-16 02:55:00+00:00,0.0,45000.0,"POLYGON ((-84.57743636095928 41.169381362501596, -82.18706691382552 40.2766357000423, -85.90637555986719 38.71436989484397, -87.49586813512701 39.028625613178775, -84.57743636095928 41.169381362501596))"
2E,2019-06-16 00:55:00+00:00,2019-06-16 02:55:00+00:00,0.0,45000.0,"POLYGON ((-82.97688869489531 29.446275094433705, -82.06385355345738 29.29661144503285, -81.78 26.862737911472784, -82.55 26.734524177054432, -82.97688869489531 29.446275094433705))"
2C,2019-06-16 00:55:00+00:00,2019-06-16 02:55:00+00:00,0.0,45000.0,"POLYGON ((-92.7450564692797 44.51600494576946, -89.04909876221464 44.30210412974968, -90.8314628499243 40.92915811231926, -94.73483999589918 38.73086099774799, -94.32410425804414 40.0577887468832, -92.7450564692797 44.51600494576946))"
1C,2019-06-16 00:55:00+00:00,2019-06-16 02:55:00+00:00,0.0,41000.0,"POLYGON ((-103.67571294267773 48.30366522952983, -96.85 45.75178626558164, -97.92254048643223 44.65059415845533, -103.86373365607824 47.68853394889039, -103.67571294267773 48.30366522952983))"
9C,2019-06-16 00:55:00+00:00,2019-06-16 02:55:00+00:00,0.0,45000.0,"POLYGON ((-101.8161027315283 30.944785814376942, -101.13463492892468 30.779977802539744, -101.72258958108141 30.18009942970556, -102.75835499451983 30.488696234034407, -101.8161027315283 30.944785814376942))"
8C,2019-06-16 00:55:00+00:00,2019-06-16 02:55:00+00:00,0.0,45000.0,"POLYGON ((-101.95439905571438 35.9044137938495, -99.90074038292248 35.13790991212499, -99.9078178367905 33.6008801899579, -101.63788923533468 31.53824102870433, -101.95439905571438 35.9044137938495))"
7C,2019-06-16 00:55:00+00:00,2019-06-16 02:55:00+00:00,0.0,45000.0,"POLYGON ((-104.51430508973488 41.670832976644654, -102.69 39.03184477868197, -102.84543098579177 35.432329150294336, -103.80354747060956 35.17982973767608, -105.25247306259607 40.98612927819978, -104.51430508973488 41.670832976644654))"
6C,2019-06-16 00:55:00+00:00,2019-06-16 02:55:00+00:00,0.0,45000.0,"POLYGON ((-88.71715337435619 30.602177732314168, -88.69861320022164 28.6633742230678, -90.14636109890488 29.542509557529574, -88.71715337435619 30.602177732314168))"
2W,2019-06-16 00:55:00+00:00,2019-06-16 02:55:00+00:00,0.0,37000.0,"POLYGON ((-119.99314330553658 40.14434621585195, -117.77 38.83184477868197, -117.32427851379438 37.64623522629116, -119.03667319165994 37.993206818939285, -119.99314330553658 40.14434621585195))"
4W,2019-06-16 00:55:00+00:00,2019-06-16 02:55:00+00:00,0.0,30000.0,"POLYGON ((-108.93 37.643631044263614, -106.2947418945079 36.42681738449713, -106.66388997649842 35.347309895609214, -111.1129806034437 35.81248765451741, -108.93 37.643631044263614))"
3W,2019-06-16 00:55:00+00:00,2019-06-16 02:55:00+00:00,0.0,45000.0,"POLYGON ((-122.90999999999998 41.31541730984525, -120.51 41.32541730984526, -122.66094124137632 40.8677671495905, -122.90999999999998 41.31541730984525))"
1W,2019-06-16 00:55:00+00:00,2019-06-16 02:55:00+00:00,0.0,30000.0,"POLYGON ((-109.93395447284462 45.42043414067266, -107.06 44.84, -105.64055309732014 42.617648947382754, -105.72 41.34, -111.38283076296221 44.67523841002764, -109.93395447284462 45.42043414067266))"
13C,2019-06-16 01:55:00+00:00,2019-06-16 03:55:00+00:00,0.0,45000.0,"POLYGON ((-88.71564892879114 30.42283381076965, -89.10651402695315 29.176333436576087, -90.12723544454145 29.58280675114382, -88.71564892879114 30.42283381076965))"
14C,2019-06-16 01:55:00+00:00,2019-06-16 03:55:00+00:00,0.0,45000.0,"POLYGON ((-104.00133224824403 41.20744439663487, -102.21601584060097 38.97990392847432, -102.14351439854826 35.697866875784605, -103.21350491448311 34.806113619945855, -105.17575720013629 40.90260475147035, -104.00133224824403 41.20744439663487))"
15C,2019-06-16 01:55:00+00:00,2019-06-16 03:55:00+00:00,0.0,45000.0,"POLYGON ((-101.29826505467707 35.957351457972415, -99.53949236133256 35.67168482391578, -99.20279125349312 33.477343209914345, -100.95796183177853 31.36899918822688, -102.23150357854844 33.81023356136053, -101.29826505467707 35.957351457972415))"
12C,2019-06-16 01:55:00+00:00,2019-06-16 03:55:00+00:00,0.0,45000.0,"POLYGON ((-97.7128563850014 36.7505200014325, -98.66411801287954 35.39533389263525, -99.38149682912986 36.504940412176076, -97.7128563850014 36.7505200014325))"
10C,2019-06-16 01:55:00+00:00,2019-06-16 03:55:00+00:00,0.0,41000.0,"POLYGON ((-100.67 47.19371281826268, -101.26240079179948 46.34955510549479, -102.1357298308737 46.85824830023374, -100.67 47.19371281826268))"
7W,2019-06-16 01:55:00+00:00,2019-06-16 03:55:00+00:00,0.0,45000.0,"POLYGON ((-121.33372431874415 41.873670903215114, -120.51 41.33343248463285, -123.27700122302262 40.66608223989569, -121.33372431874415 41.873670903215114))"
4E,2019-06-16 01:55:00+00:00,2019-06-16 03:55:00+00:00,0.0,45000.0,"POLYGON ((-82.46292963325605 28.370944403837704, -81.78 27.02910686720918, -83.07778476558454 26.92844540798563, -83.08068661098241 28.26234197614724, -82.46292963325605 28.370944403837704))"
3E,2019-06-16 01:55:00+00:00,2019-06-16 03:55:00+00:00,0.0,45000.0,"POLYGON ((-84.16710352574297 41.2938247518765, -81.98503620424249 40.33942820760024, -84.86318554706232 38.712476341668044, -87.004131864873 39.028625613178775, -84.16710352574297 41.2938247518765))"
11C,2019-06-16 01:55:00+00:00,2019-06-16 03:55:00+00:00,0.0,45000.0,"POLYGON ((-90.30572360894804 44.89398292211494, -89.90363684372029 41.39485673598984, -94.49 38.6027379114728, -95.9250718140011 38.90197705906824, -90.30572360894804 44.89398292211494))"
16C,2019-06-16 01:55:00+00:00,2019-06-16 03:55:00+00:00,0.0,45000.0,"POLYGON ((-102.20405280581647 30.947682516475272, -100.1776144409752 30.72684432285914, -100.77000000000001 30.191844778681965, -102.538802333545 30.02702113079422, -102.20405280581647 30.947682516475272))"
6W,2019-06-16 01:55:00+00:00,2019-06-16 03:55:00+00:00,0.0,37000.0,"POLYGON ((-119.22859968588457 39.5292027106599, -115.44425059034401 39.10748755471785, -117.52037235840272 37.05218574171023, -119.65999999999998 38.365417309845256, -119.22859968588457 39.5292027106599))"
5W,2019-06-16 01:55:00+00:00,2019-06-16 03:55:00+00:00,0.0,30000.0,"POLYGON ((-109.81330738628067 45.803788719491365, -106.72953682017501 44.60424098602056, -104.10127033750027 42.07932861820406, -106.9555050190518 41.71541548608721, -111.60478486238067 45.2461016382914, -109.81330738628067 45.803788719491365))"
19C,2019-06-16 02:55:00+00:00,2019-06-16 04:55:00+00:00,0.0,45000.0,"POLYGON ((-89.64748873425731 29.542850613639406, -88.77537657647486 29.17348185242491, -89.51746012828073 28.667604422380432, -89.64748873425731 29.542850613639406))"
22C,2019-06-16 02:55:00+00:00,2019-06-16 04:55:00+00:00,0.0,45000.0,"POLYGON ((-102.30571639653245 30.948250005976615, -99.88436467019758 30.73355029251916, -100.0120361672479 30.199160574723766, -101.47803773442364 29.971492633296922, -102.30571639653245 30.948250005976615))"
9W,2019-06-16 02:55:00+00:00,2019-06-16 04:55:00+00:00,0.0,39000.0,"POLYGON ((-115.2236433321564 39.299402854385775, -117.77 37.56628718173732, -119.05416058399753 37.993017943970415, -118.79759524188131 39.25018275694212, -115.2236433321564 39.299402854385775))"
5E,2019-06-16 02:55:00+00:00,2019-06-16 04:55:00+00:00,0.0,45000.0,"POLYGON ((-84.04 41.12184477868196, -80.82 40.3527379114728, -83.91150595684472 38.76267480859985, -87.25 38.99089313279084, -84.04 41.12184477868196))"
6E,2019-06-16 02:55:00+00:00,2019-06-16 04:55:00+00:00,0.0,45000.0,"POLYGON ((-82.39015455956361 28.524515941007245, -82.41735296960138 27.51757786565173, -83.62131887702573 27.906801511507688, -82.39015455956361 28.524515941007245))"
17C,2019-06-16 02:55:00+00:00,2019-06-16 04:55:00+00:00,0.0,45000.0,"POLYGON ((-89.46 44.96452417705444, -89.90363684372029 41.39485673598984, -93.88672059710635 38.739022769220966, -95.9250718140011 38.90197705906824, -89.46 44.96452417705444))"
21C,2019-06-16 02:55:00+00:00,2019-06-16 04:55:00+00:00,0.0,45000.0,"POLYGON ((-97.60127760694762 36.96439761682897, -98.51335166232872 33.836271351161045, -100.30037618171073 31.6773229430416, -101.28052733829858 32.32509051735136, -100.97 36.37452417705443, -97.60127760694762 36.96439761682897))"
20C,2019-06-16 02:55:00+00:00,2019-06-16 04:55:00+00:00,0.0,45000.0,"POLYGON ((-104.66000000000001 40.475475822945576, -101.69 38.72452417705443, -101.48340385151282 35.59730896476936, -102.78582717129038 35.17727587432277, -104.66000000000001 40.475475822945576))"
18C,2019-06-16 02:55:00+00:00,2019-06-16 04:55:00+00:00,0.0,45000.0,"POLYGON ((-97.13151188041805 38.1020739749476, -98.31805554042622 37.15948780915211, -98.6320054529707 37.74532469243881, -97.13151188041805 38.1020739749476))"
8W,2019-06-16 02:55:00+00:00,2019-06-16 04:55:00+00:00,0.0,30000.0,"POLYGON ((-110.5627710473332 46.359561204343976, -106.72953682017501 44.60424098602056, -104.30918036122559 42.141691187499916, -109.35384886826157 40.725624342598714, -110.5627710473332 46.359561204343976))"
24C,2019-06-16 03:55:00+00:00,2019-06-16 05:55:00+00:00,,,"POLYGON ((-92.93886651792062 39.98433168480964, -97.36994498145259 38.03864738422039, -97.37646329251224 38.03549904971445, -97.95235976632239 37.73116037902093, -97.2895354387673 37.85552364068847, -92.85845697523533 39.80120794127772, -97.8589136015178 37.5543333045009, -97.28301712770765 37.85867197519441, -92.93886651792062 39.98433168480964))"
27C,2019-06-16 03:55:00+00:00,2019-06-16 05:55:00+00:00,0.0,45000.0,"POLYGON ((-99.82 30.744570939420896, -100.0120361672479 30.199160574723766, -101.35943157557392 29.86983958551286, -101.96859003079274 30.946062600297328, -99.82 30.744570939420896))"
7E,2019-06-16 03:55:00+00:00,2019-06-16 05:55:00+00:00,0.0,45000.0,"POLYGON ((-81.02566614472185 41.081800371706905, -83.30986735450715 38.74302164269356, -86.16749270959788 38.28953915417407, -86.49629447231227 39.71979932625709, -81.02566614472185 41.081800371706905))"
23C,2019-06-16 03:55:00+00:00,2019-06-16 05:55:00+00:00,0.0,45000.0,"POLYGON ((-89.9347969181497 43.24245668157649, -88.32 40.71815522131804, -91.28000000000002 39.35089313279083, -93.50369904681344 39.42054656084466, -89.9347969181497 43.24245668157649))"
25C,2019-06-16 03:55:00+00:00,2019-06-16 05:55:00+00:00,0.0,45000.0,"POLYGON ((-104.05805902905439 39.99944706493813, -102.14435708701254 39.036192356083724, -101.12888058947271 36.73248415894925, -103.6 37.26, -104.05805902905439 39.99944706493813))"
26C,2019-06-16 03:55:00+00:00,2019-06-16 05:55:00+00:00,0.0,45000.0,"POLYGON ((-97.33993010486647 37.28864125353105, -98.21868510652617 34.11677580134007, -100.40545680671474 32.28782345440256, -102.11343107110142 36.211310567022366, -97.33993010486647 37.28864125353105))"
10W,2019-06-16 03:55:00+00:00,2019-06-16 05:55:00+00:00,0.0,40000.0,"POLYGON ((-108.62000000000002 46.47547582294557, -103.95671943595808 42.24193927774492, -111.01373549920363 42.57644888764597, -111.43958263933062 46.25593800579517, -108.62000000000002 46.47547582294557))"
11W,2019-06-16 03:55:00+00:00,2019-06-16 05:55:00+00:00,0.0,40000.0,"POLYGON ((-115.27997947304743 39.29920920862755, -115.37289493924827 38.564242631117814, -118.94640812040954 38.37615443060829, -118.9037766174679 38.93933651996635, -115.27997947304743 39.29920920862755))"
29C,2019-06-16 04:55:00+00:00,2019-06-16 06:55:00+00:00,,,"POLYGON ((-92.35279208609259 39.1135895817054, -97.21081479768733 37.97487838917356, -97.23163357722851 37.9674925136779, -99.76389343263403 36.73928899926575, -97.16517227310791 37.78015612555171, -92.30714956151317 38.91886731808355, -99.67661334897227 36.55933848663521, -97.14435349356674 37.78754200104736, -92.35279208609259 39.1135895817054))"
32C,2019-06-16 04:55:00+00:00,2019-06-16 06:55:00+00:00,0.0,45000.0,"POLYGON ((-99.462567625348 30.90619285961957, -99.58296709005478 30.39533096916344, -101.12294279106492 29.666216683326294, -101.800033407198 30.944640838349333, -99.462567625348 30.90619285961957))"
8E,2019-06-16 04:55:00+00:00,2019-06-16 06:55:00+00:00,0.0,38000.0,"POLYGON ((-87.37860826633712 40.324307405283925, -82.388721693294 40.21349248581132, -82.45664716282957 38.749224575848025, -85.58 38.43273791147279, -87.37860826633712 40.324307405283925))"
28C,2019-06-16 04:55:00+00:00,2019-06-16 06:55:00+00:00,0.0,45000.0,"POLYGON ((-89.67193171412706 43.70367112890527, -87.31969131705341 40.09861560884242, -91.81581535591985 38.040775832978476, -92.59 39.630893132790824, -90.36433381314544 40.56919116641662, -89.67193171412706 43.70367112890527))"
31C,2019-06-16 04:55:00+00:00,2019-06-16 06:55:00+00:00,0.0,45000.0,"POLYGON ((-96.41967128547165 37.36229953977741, -96.56647930068637 34.20852210402597, -100.58675996907995 32.223244372259146, -100.97 36.54089313279083, -96.41967128547165 37.36229953977741))"
30C,2019-06-16 04:55:00+00:00,2019-06-16 06:55:00+00:00,0.0,43000.0,"POLYGON ((-102.28501107552755 39.19748270788722, -100.58552486643417 36.9120460287959, -101.7012441116291 36.44954616944354, -103.29268913336826 38.669026645638255, -102.28501107552755 39.19748270788722))"
12W,2019-06-16 04:55:00+00:00,2019-06-16 06:55:00+00:00,0.0,38000.0,"POLYGON ((-108.85516675302263 46.59738370492382, -103.73844307096422 42.350826132649324, -108.58922134405637 42.35772600282377, -111.40319952020226 45.68645285960836, -108.85516675302263 46.59738370492382))"
37C,2019-06-16 05:55:00+00:00,2019-06-16 07:55:00+00:00,0.0,45000.0,"POLYGON ((-99.462567625348 30.90619285961957, -99.56429981060334 30.065485424354716, -100.96118999224991 29.760562060568724, -101.16373061535499 30.754660389724044, -99.462567625348 30.90619285961957))"
34C,2019-06-16 05:55:00+00:00,2019-06-16 07:55:00+00:00,0.0,45000.0,"POLYGON ((-91.15173257162613 38.44502704173059, -91.11173372170276 38.24906762755304, -95.85234589303607 37.28142320188493, -95.89234474295944 37.47738261606248, -91.15173257162613 38.44502704173059))"
35C,2019-06-16 05:55:00+00:00,2019-06-16 07:55:00+00:00,0.0,45000.0,"POLYGON ((-94.95323419661202 38.88910658418766, -97.28117183002827 36.85943969832422, -101.13648560145174 35.697866875784605, -101.80969898814605 37.31367041433493, -94.95323419661202 38.88910658418766))"
13W,2019-06-16 05:55:00+00:00,2019-06-16 07:55:00+00:00,0.0,38000.0,"POLYGON ((-108.94421149211524 46.65953844115255, -107.79040197475888 45.80699810847519, -108.93447582611172 45.27530132232126, -111.47380594363662 45.80760519380344, -108.94421149211524 46.65953844115255))"
9E,2019-06-16 05:55:00+00:00,2019-06-16 07:55:00+00:00,0.0,40000.0,"POLYGON ((-80.73667687440832 40.173675071750026, -82.77806431958969 38.159403722977956, -85.77063754524288 39.015106850771055, -86.5869348476267 39.95487784722889, -80.73667687440832 40.173675071750026))"
33C,2019-06-16 05:55:00+00:00,2019-06-16 07:55:00+00:00,0.0,45000.0,"POLYGON ((-88.32 41.88273791147279, -86.90162102572864 40.86728783029412, -86.78144685493582 38.24428950742302, -91.08033898078651 38.3878960443224, -92.46671584712922 39.27085602964243, -88.32 41.88273791147279))"
36C,2019-06-16 05:55:00+00:00,2019-06-16 07:55:00+00:00,0.0,45000.0,"POLYGON ((-96.03500485443976 37.15707089898346, -96.16415307119146 34.20589484354017, -99.63473336114166 32.018684600308326, -100.43232423755134 34.252276980899985, -99.26039618132032 36.3384008192057, -96.03500485443976 37.15707089898346))"
14W,2019-06-16 05:55:00+00:00,2019-06-16 07:55:00+00:00,0.0,45000.0,"POLYGON ((-106.90255528068715 43.99906699388001, -105.22218011278568 43.4034771032289, -107.3926775356908 42.26108124373157, -109.4459486808935 43.454278017349395, -106.90255528068715 43.99906699388001))"
10E,2019-06-16 06:55:00+00:00,2019-06-16 08:55:00+00:00,0.0,45000.0,"POLYGON ((-88.32 41.839141878841794, -85.48078787746299 40.44536851468876, -86.09034413804973 38.26487222583869, -90.69195713031971 38.459109544199876, -91.45383634823526 39.79454531134559, -88.32 41.839141878841794))"
11E,2019-06-16 06:55:00+00:00,2019-06-16 08:55:00+00:00,0.0,45000.0,"POLYGON ((-85.19 40.31452417705442, -83.35293866472324 39.559282039436695, -81.27847220515844 39.666172368303755, -83.20617951214237 38.36209169347432, -85.68217108371086 39.5274648292536, -85.19 40.31452417705442))"
39C,2019-06-16 06:55:00+00:00,2019-06-16 08:55:00+00:00,0.0,45000.0,"POLYGON ((-94.8830163154445 36.544756992312, -96.24420123293828 33.88818545115803, -98.77140752299898 32.0933119476073, -100.59629659483629 33.75479823389349, -97.15414507271706 36.602226178203644, -94.8830163154445 36.544756992312))"
38C,2019-06-16 06:55:00+00:00,2019-06-16 08:55:00+00:00,0.0,45000.0,"POLYGON ((-91.26673311134608 38.60268992551462, -90.52818959004591 37.904906418108176, -96.74623662550218 36.51453602298755, -101.64 36.12184477868196, -101.94750182605699 37.609450250397586, -91.26673311134608 38.60268992551462))"
15W,2019-06-16 06:55:00+00:00,2019-06-16 08:55:00+00:00,0.0,38000.0,"POLYGON ((-104.28334283516341 43.59090038037705, -103.53278127842304 43.056567324880525, -106.54207774028315 41.5917482873729, -107.65671750507657 42.98762576675823, -104.28334283516341 43.59090038037705))"
16W,2019-06-16 07:55:00+00:00,2019-06-16 09:55:00+00:00,0.0,32000.0,"POLYGON ((-104.21537151337716 43.973664013951996, -103.01 43.112574363474636, -105.94243456403308 41.74048502709876, -106.28 42.222574363474635, -104.21537151337716 43.973664013951996))"
13E,2019-06-16 07:55:00+00:00,2019-06-16 09:55:00+00:00,0.0,45000.0,"POLYGON ((-86.73299142762332 41.89659464617979, -84.47621319106833 40.28918092840811, -81.43715982005439 38.939504674348996, -82.77806431958969 38.159403722977956, -85.68217108371086 39.5274648292536, -86.73299142762332 41.89659464617979))"
12E,2019-06-16 07:55:00+00:00,2019-06-16 09:55:00+00:00,0.0,45000.0,"POLYGON ((-86.63203234726704 40.55917307197134, -85.28004924023642 38.33490056036163, -89.48094385864721 38.25584298855346, -90.67770607071115 40.0394448562058, -86.63203234726704 40.55917307197134))"
41C,2019-06-16 07:55:00+00:00,2019-06-16 09:55:00+00:00,0.0,45000.0,"POLYGON ((-94.26609567117747 36.36755184762342, -95.26714806626936 33.504242729874754, -98.17598765774108 31.97513444044588, -99.98370340516372 33.75479823389349, -97.83567153680136 35.86088621012952, -94.26609567117747 36.36755184762342))"
40C,2019-06-16 07:55:00+00:00,2019-06-16 09:55:00+00:00,0.0,45000.0,"POLYGON ((-91.26673311134608 38.60268992551462, -90.31060063383181 37.82367747486619, -98.15575415148106 35.8886533207165, -101.64 36.288213734418356, -101.41420595397115 37.392095517893765, -91.26673311134608 38.60268992551462))"
15E,2019-06-16 08:55:00+00:00,2019-06-16 10:55:00+00:00,0.0,40000.0,"POLYGON ((-85.96244812993062 41.65879535519238, -81.51501471005984 38.91484620724385, -82.5513362248951 38.33993065911607, -85.34025704919947 39.71621181453188, -85.96244812993062 41.65879535519238))"
14E,2019-06-16 08:55:00+00:00,2019-06-16 10:55:00+00:00,0.0,45000.0,"POLYGON ((-88.3376506424963 39.90480564786933, -85.5281957291597 39.71757552575419, -84.30696681523798 38.71265793250757, -89.7105381677084 38.07777209081845, -88.3376506424963 39.90480564786933))"
42C,2019-06-16 08:55:00+00:00,2019-06-16 10:55:00+00:00,0.0,45000.0,"POLYGON ((-91.5794964211985 38.8082515677917, -90.01981742385827 37.6698135177331, -97.34888495720897 36.15763997556041, -97.96945544494741 37.87669304535941, -91.5794964211985 38.8082515677917))"
43C,2019-06-16 08:55:00+00:00,2019-06-16 10:55:00+00:00,0.0,45000.0,"POLYGON ((-93.56883748728775 36.89864465938136, -94.98833193958937 33.188276090948456, -98.71582268410347 31.5364660419162, -99.43431179750928 33.28126660524949, -95.35066965650371 36.552120484636866, -93.56883748728775 36.89864465938136))"
19E,2019-06-16 09:55:00+00:00,2019-06-16 11:55:00+00:00,,,"POLYGON ((-80.30294284279897 27.62103035717214, -79.95273616535792 25.90526286215778, -80.02531412429181 25.98198404361306, -79.69660965324302 25.89565525753707, -80.14869585719097 25.86526537252784, -80.49890253463202 27.5810328675422, -79.74741342720829 25.70221540499659, -80.07611789825708 25.78854419107257, -80.30294284279897 27.62103035717214))"
16E,2019-06-16 09:55:00+00:00,2019-06-16 11:55:00+00:00,0.0,45000.0,"POLYGON ((-86.06295345651739 40.120496937777276, -84.18546358035003 38.85289387584483, -86.25914415675915 36.92986290587917, -89.7105381677084 38.07777209081845, -87.47183397474915 40.25262089282099, -86.06295345651739 40.120496937777276))"
44C,2019-06-16 09:55:00+00:00,2019-06-16 11:55:00+00:00,0.0,45000.0,"POLYGON ((-91.8489403460101 38.80941320139817, -90.48901207705181 37.87417133527702, -93.61284804715174 35.60952200088158, -95.65334613883277 35.93278996933135, -97.45053256061567 37.85215632753629, -91.8489403460101 38.80941320139817))"
45C,2019-06-16 09:55:00+00:00,2019-06-16 11:55:00+00:00,0.0,45000.0,"POLYGON ((-95.79 36.05542906057911, -93.73799157310455 35.38883386226597, -94.75 32.56457093942089, -97.33509174129547 31.793549616157122, -98.59 33.267145302895536, -95.79 36.05542906057911))"
17E,2019-06-16 09:55:00+00:00,2019-06-16 11:55:00+00:00,0.0,40000.0,"POLYGON ((-83.95634311231565 40.443674785098615, -81.43715982005439 38.939504674348996, -82.03 38.084524177054426, -85.04277362489681 39.967327381695306, -83.95634311231565 40.443674785098615))"
18E,2019-06-16 09:55:00+00:00,2019-06-16 11:55:00+00:00,0.0,38000.0,"POLYGON ((-82.29452713152386 26.33807733320986, -81.1500602686632 25.176804459684146, -82.71479658550999 24.587236694214244, -83.15779352751315 25.093231182681432, -82.29452713152386 26.33807733320986))"
23E,2019-06-16 10:55:00+00:00,2019-06-16 12:55:00+00:00,,,"POLYGON ((-79.9601106686598 26.72783216427557, -79.92424241684387 26.42706804695802, -79.82074463127367 25.78306785723644, -80.10448095306968 26.58942255124452, -79.8976944680008 26.37373071447288, -79.62327844917763 25.81480280529722, -79.72677623474783 26.45880299501879, -79.7533241835909 26.51214032750393, -79.9601106686598 26.72783216427557))"
21E,2019-06-16 10:55:00+00:00,2019-06-16 12:55:00+00:00,0.0,36000.0,"POLYGON ((-83.95634311231565 40.443674785098615, -81.04018116625818 39.06416854423543, -81.44492602308182 38.39437506344984, -84.34738221161436 40.05431130624966, -83.95634311231565 40.443674785098615))"
20E,2019-06-16 10:55:00+00:00,2019-06-16 12:55:00+00:00,0.0,45000.0,"POLYGON ((-85.02211397434185 40.67246816470484, -83.01103166767426 38.427558092677764, -86.2024940523066 36.46864837443831, -89.19815581004606 38.8529941574701, -85.02211397434185 40.67246816470484))"
22E,2019-06-16 10:55:00+00:00,2019-06-16 12:55:00+00:00,0.0,44000.0,"POLYGON ((-82.29452713152386 26.33807733320986, -81.1500602686632 25.176804459684146, -82.16592315664077 24.58955786045237, -82.84290201139846 25.527518179151137, -82.29452713152386 26.33807733320986))"
46C,2019-06-16 10:55:00+00:00,2019-06-16 12:55:00+00:00,0.0,45000.0,"POLYGON ((-91.27238804618197 39.11199425868316, -90.14939936616821 37.82367747486619, -93.96272271195734 35.94248716554231, -95.79 35.86726208852722, -97.58 37.75, -91.27238804618197 39.11199425868316))"
47C,2019-06-16 10:55:00+00:00,2019-06-16 12:55:00+00:00,0.0,45000.0,"POLYGON ((-92.67601180891022 36.24132260444729, -94.20490357886702 32.22782617150699, -97.19507759794064 31.81368299249643, -98.03037535567614 32.86609813104934, -92.67601180891022 36.24132260444729))"
50C,2019-06-16 11:55:00+00:00,2019-06-16 13:55:00+00:00,,,"POLYGON ((-92.42049380916413 35.04349619518155, -93.67377867103708 32.75827176603715, -94.84783199213743 32.21087953650753, -92.25238733769365 34.93514392594021, -93.63198232660274 32.79472871112573, -94.93234577473922 32.39214569592604, -93.75829245363887 32.93953792545566, -93.80008879807322 32.90308098036708, -92.42049380916413 35.04349619518155))"
26E,2019-06-16 11:55:00+00:00,2019-06-16 13:55:00+00:00,,,"POLYGON ((-79.9601106686598 26.72783216427557, -79.92424241684387 26.42706804695802, -79.82074463127367 25.78306785723644, -80.10448095306968 26.58942255124452, -79.8976944680008 26.37373071447288, -79.62327844917763 25.81480280529722, -79.72677623474783 26.45880299501879, -79.7533241835909 26.51214032750393, -79.9601106686598 26.72783216427557))"
49C,2019-06-16 11:55:00+00:00,2019-06-16 13:55:00+00:00,0.0,45000.0,"POLYGON ((-94.37286428229764 36.04527947421946, -94.9474999076158 32.820544470346455, -96.42077653969588 31.65718826241764, -97.72850184329711 32.868114272403076, -94.37286428229764 36.04527947421946))"
48C,2019-06-16 11:55:00+00:00,2019-06-16 13:55:00+00:00,0.0,45000.0,"POLYGON ((-91.16824671921725 39.079283113232094, -90.10102857057556 37.5677026507495, -94.05127894695414 36.38354649231956, -94.30585708175072 38.269856109507124, -91.16824671921725 39.079283113232094))"
24E,2019-06-16 11:55:00+00:00,2019-06-16 13:55:00+00:00,0.0,45000.0,"POLYGON ((-84.04 40.955475822945566, -80.1 39.40910686720918, -86.2679831146423 36.13929443076551, -87.8556513375574 39.017861156669376, -86.03332720792834 39.25862348859314, -84.04 40.955475822945566))"
25E,2019-06-16 11:55:00+00:00,2019-06-16 13:55:00+00:00,0.0,41000.0,"POLYGON ((-82.29452713152386 26.33807733320986, -81.1500602686632 25.176804459684146, -82.16592315664077 24.58955786045237, -82.84290201139846 25.527518179151137, -82.29452713152386 26.33807733320986))"
JULIETT 1,2019-06-16 12:05:00+00:00,2019-06-16 16:05:00+00:00,0.0,43000.0,"POLYGON ((-66.3 32, -64.45 30.15, -68.15 29, -70 30, -66.3 32))"
28E,2019-06-16 12:55:00+00:00,2019-06-16 14:55:00+00:00,0.0,45000.0,"POLYGON ((-84.04 40.57914187884179, -81.8887556136497 40.36918829628012, -81.02892759075564 38.90631950483797, -86.02030389664195 35.916889649808404, -86.10533674768885 37.040180657195684, -84.04 40.57914187884179))"
27E,2019-06-16 12:55:00+00:00,2019-06-16 14:55:00+00:00,0.0,45000.0,"POLYGON ((-85.75151233225276 39.309889956206746, -86.13113537104302 38.098712884470345, -88.28132061445869 38.33776136693333, -87.94008317460883 39.266657503143584, -85.75151233225276 39.309889956206746))"
30E,2019-06-16 12:55:00+00:00,2019-06-16 14:55:00+00:00,0.0,45000.0,"POLYGON ((-80.15614644654264 29.29661144503285, -78.97286876565066 26.675630616850057, -79.08942577615537 25.349494405187173, -80.49132920166006 25.338732925408017, -80.15614644654264 29.29661144503285))"
29E,2019-06-16 12:55:00+00:00,2019-06-16 14:55:00+00:00,0.0,45000.0,"POLYGON ((-82.1756785361268 26.882375296332857, -80.11821626746654 23.944023011476602, -81.5212921797471 23.9749247783217, -83.6011659730496 26.454944154176626, -82.1756785361268 26.882375296332857))"
52C,2019-06-16 12:55:00+00:00,2019-06-16 14:55:00+00:00,0.0,45000.0,"POLYGON ((-94.8342856151217 35.19768709441012, -92.88087621634693 33.37756121619956, -94.20490357886702 32.22782617150699, -96.29273930970562 31.656276482818313, -96.4898091672525 33.05979627395309, -94.8342856151217 35.19768709441012))"
53C,2019-06-16 12:55:00+00:00,2019-06-16 14:55:00+00:00,0.0,38000.0,"POLYGON ((-91.77370414309638 36.107180886248464, -92.41098153465896 34.21866716963083, -93.29628730307586 34.292904878023464, -92.72914155895839 35.75470791941393, -91.77370414309638 36.107180886248464))"
51C,2019-06-16 12:55:00+00:00,2019-06-16 14:55:00+00:00,0.0,45000.0,"POLYGON ((-91.28000000000002 39.184524177054435, -89.9336951695636 37.43434763840233, -91.42849394206678 37.031282275620306, -94.03827854465689 38.62205792988006, -91.28000000000002 39.184524177054435))"
56C,2019-06-16 13:55:00+00:00,2019-06-16 15:55:00+00:00,0.0,45000.0,"POLYGON ((-89.55302433090695 37.88936755407407, -90.56890117115753 36.41607871991356, -91.0874302936119 36.37705389045551, -90.23 37.67, -89.55302433090695 37.88936755407407))"
33E,2019-06-16 13:55:00+00:00,2019-06-16 15:55:00+00:00,0.0,45000.0,"POLYGON ((-84.98603941801056 36.320924300493395, -86.36793862330549 34.95392076862826, -87.08523353336726 34.709330749724536, -86.29996185055542 36.01206605705635, -84.98603941801056 36.320924300493395))"
35E,2019-06-16 13:55:00+00:00,2019-06-16 15:55:00+00:00,0.0,45000.0,"POLYGON ((-80.34691107954761 29.297831298152747, -78.97286876565066 26.675630616850057, -79.08942577615537 25.349494405187173, -80.56141325127675 25.1849103249004, -80.34691107954761 29.297831298152747))"
32E,2019-06-16 13:55:00+00:00,2019-06-16 15:55:00+00:00,0.0,45000.0,"POLYGON ((-83.01125947796619 40.91776579918592, -80.1 39.076368955736385, -83.53384774865445 36.83760589704297, -84.88272038699593 37.28216488874069, -82.48478120439444 39.10204291119678, -83.01125947796619 40.91776579918592))"
31E,2019-06-16 13:55:00+00:00,2019-06-16 15:55:00+00:00,0.0,45000.0,"POLYGON ((-85.09638631018166 39.14666318688431, -85.74249414515708 38.40729807859065, -88.00368451040482 38.39086408740832, -87.25 39.157262088527226, -85.09638631018166 39.14666318688431))"
34E,2019-06-16 13:55:00+00:00,2019-06-16 15:55:00+00:00,0.0,45000.0,"POLYGON ((-82.55 26.900893132790824, -81.25619472525302 26.058482039171153, -80.11821626746654 23.944023011476602, -81.9396913680788 24.282525914214236, -83.73133591168641 26.336271200575712, -82.55 26.900893132790824))"
55C,2019-06-16 13:55:00+00:00,2019-06-16 15:55:00+00:00,0.0,45000.0,"POLYGON ((-94.8438734374506 34.918078013398485, -93.10709527092185 33.13212722709899, -93.81 32.10452417705443, -96.54966379032642 31.403309752157494, -95.78000000000002 34.01815522131803, -94.8438734374506 34.918078013398485))"
54C,2019-06-16 13:55:00+00:00,2019-06-16 15:55:00+00:00,0.0,45000.0,"POLYGON ((-92.07785756259443 39.59259528345068, -90.48 39.19273791147279, -90.31717825035761 38.55247698916536, -91.81581535591985 38.040775832978476, -93.0739939041142 38.80689172102783, -92.07785756259443 39.59259528345068))"
ROMEO 1,2019-06-16 14:30:00+00:00,2019-06-16 18:30:00+00:00,0.0,55000.0,"POLYGON ((169 6.4, 173 3.3, 168.1 3.3, 166.1 6.3, 169 6.4))"
36E,2019-06-16 14:55:00+00:00,2019-06-16 16:55:00+00:00,0.0,45000.0,"POLYGON ((-86.73202350371668 39.3228747974882, -84.6286551267435 39.15354442461808, -84.84515954979733 38.097711818785335, -87.23867938554133 38.33776136693333, -86.73202350371668 39.3228747974882))"
39E,2019-06-16 14:55:00+00:00,2019-06-16 16:55:00+00:00,0.0,45000.0,"POLYGON ((-82.94625565677595 27.046518748822265, -81.09434440796339 26.273695139628867, -78.73022793261835 24.380144620417656, -81.8 24.257262088527213, -83.75700985156293 26.949144266785538, -82.94625565677595 27.046518748822265))"
37E,2019-06-16 14:55:00+00:00,2019-06-16 16:55:00+00:00,0.0,37000.0,"POLYGON ((-79.64418251170602 39.26203785952223, -81.73031913072025 37.20786087199587, -84.40563687671307 37.264915011127606, -82.92621756800199 38.04071865631651, -81.57521879560556 39.10204291119678, -79.64418251170602 39.26203785952223))"
40E,2019-06-16 14:55:00+00:00,2019-06-16 16:55:00+00:00,0.0,45000.0,"POLYGON ((-80.34691107954761 29.297831298152747, -78.79928014299323 27.66973798985201, -78.9860466174684 24.617894306950927, -80.62181246354417 25.92693358338929, -80.34691107954761 29.297831298152747))"
38E,2019-06-16 14:55:00+00:00,2019-06-16 16:55:00+00:00,0.0,42000.0,"POLYGON ((-85.06863633778889 36.707804421097194, -84.20685931758786 36.51440453849651, -85.43791252474985 35.194941841013836, -86.55151215997991 35.024739655068615, -85.06863633778889 36.707804421097194))"
58C,2019-06-16 14:55:00+00:00,2019-06-16 16:55:00+00:00,0.0,45000.0,"POLYGON ((-94.07000000000001 34.34184477868196, -91.94417298175732 33.25746531482674, -94.16734898917797 31.629382887404784, -96.7199410980242 31.188257217783516, -96.33498721907586 33.45622861203412, -94.07000000000001 34.34184477868196))"
59C,2019-06-16 14:55:00+00:00,2019-06-16 16:55:00+00:00,0.0,41000.0,"POLYGON ((-88.7385531450642 38.24428950742302, -89.49272395364198 37.07949443936931, -90.23 36.83815522131805, -89.93181040995411 37.904906418108176, -88.7385531450642 38.24428950742302))"
57C,2019-06-16 14:55:00+00:00,2019-06-16 16:55:00+00:00,0.0,37000.0,"POLYGON ((-91.87895178645154 39.65745773947696, -90.23310789530443 39.320855565770316, -90.2663456597592 38.8598053791573, -91.62983054695427 38.61751372798924, -93.00618568755917 38.55269463572637, -91.87895178645154 39.65745773947696))"
JULIETT 2,2019-06-16 15:40:00+00:00,2019-06-16 19:40:00+00:00,0.0,42000.0,"POLYGON ((-66.15 31.15, -64.3 30.15, -68.15 28.45, -69.3 30, -66.15 31.15))"
43E,2019-06-16 15:55:00+00:00,2019-06-16 17:55:00+00:00,,,"POLYGON ((-81.41860672688023 30.26102831526114, -81.78 26.75327577466809, -83.05899589861653 27.90948151320245, -81.59416000356914 28.53976339895959, -81.41860672688023 30.26102831526114))"
62C,2019-06-16 15:55:00+00:00,2019-06-16 17:55:00+00:00,0.0,43000.0,"POLYGON ((-98.24127427010221 33.98950808381278, -96.5256563788426 33.987014576918014, -96.70813403073777 33.53739324695872, -98.72303475540036 33.722796087143564, -98.24127427010221 33.98950808381278))"
61C,2019-06-16 15:55:00+00:00,2019-06-16 17:55:00+00:00,0.0,37000.0,"POLYGON ((-88.43938168066373 38.14934934120276, -87.61920469200656 38.19704852763164, -87.96928664482333 37.529115827353465, -89.13418402971841 37.664930849451345, -88.43938168066373 38.14934934120276))"
66C,2019-06-16 15:55:00+00:00,2019-06-16 17:55:00+00:00,0.0,36000.0,"POLYGON ((-99.6410189280408 34.58958825228857, -99.6444385148947 34.147004440261796, -101.2661664374604 33.91963088968546, -100.99059138166845 34.368004085246916, -99.6410189280408 34.58958825228857))"
64C,2019-06-16 15:55:00+00:00,2019-06-16 17:55:00+00:00,0.0,45000.0,"POLYGON ((-89.71152409059894 34.48543925521419, -90.95639662378048 32.427102973754614, -92.04 32.52, -90.61416443750696 34.127383281648946, -89.71152409059894 34.48543925521419))"
41E,2019-06-16 15:55:00+00:00,2019-06-16 17:55:00+00:00,0.0,45000.0,"POLYGON ((-83.54590586304727 39.36671239492681, -84.29465019794937 38.250770592740245, -87.159568470758 38.399041526900064, -85.49419421757041 39.27197892304491, -83.54590586304727 39.36671239492681))"
45E,2019-06-16 15:55:00+00:00,2019-06-16 17:55:00+00:00,0.0,45000.0,"POLYGON ((-80.22598631268453 29.61542223753737, -78.91967636056603 28.244138042531155, -78.98651900960778 25.79427881205052, -80.95250455735031 26.99572638673913, -80.22598631268453 29.61542223753737))"
44E,2019-06-16 15:55:00+00:00,2019-06-16 17:55:00+00:00,0.0,45000.0,"POLYGON ((-81.92270298345751 26.83733866428974, -80.28 26.132737911472788, -78.73022793261835 24.380144620417656, -81.8 24.257262088527213, -82.80734252391953 26.144323595407585, -81.92270298345751 26.83733866428974))"
42E,2019-06-16 15:55:00+00:00,2019-06-16 17:55:00+00:00,0.0,42000.0,"POLYGON ((-84.55003823998571 36.67626420156543, -84.11 36.53089313279083, -85.71132999506742 34.76770783890459, -85.87291428622184 35.546066411267354, -84.55003823998571 36.67626420156543))"
60C,2019-06-16 15:55:00+00:00,2019-06-16 17:55:00+00:00,0.0,35000.0,"POLYGON ((-103.04714899444285 42.65771748292251, -101.79697562013382 42.555802216097334, -101.15684165350588 40.921950572085024, -103.16277490063206 42.12484567409896, -103.04714899444285 42.65771748292251))"
63C,2019-06-16 15:55:00+00:00,2019-06-16 17:55:00+00:00,0.0,45000.0,"POLYGON ((-93.83969361365506 33.97090183154191, -91.47645738213365 33.454253637344074, -94.64571956392722 31.006273804240948, -96.98189372496591 30.849418872141715, -96.05988515987679 33.822993582994904, -93.83969361365506 33.97090183154191))"
65C,2019-06-16 15:55:00+00:00,2019-06-16 17:55:00+00:00,0.0,45000.0,"POLYGON ((-87.82249822032324 30.91989264077524, -88.35044641608883 28.531968360228927, -88.87302320796245 28.728742840558308, -88.89750177967676 30.91989264077524, -87.82249822032324 30.91989264077524))"
47E,2019-06-16 16:55:00+00:00,2019-06-16 18:55:00+00:00,0.0,38000.0,"POLYGON ((-84.46839843086074 30.297719513657494, -83.57790876452343 30.121104752485802, -83.20369773524193 29.655236364668745, -83.71507279278545 29.598342204754644, -84.46839843086074 30.297719513657494))"
72C,2019-06-16 16:55:00+00:00,2019-06-16 18:55:00+00:00,0.0,45000.0,"POLYGON ((-93.51471641130745 31.2560141445925, -95.09592678321408 29.42549175699621, -97.54099173121193 29.304882893618448, -96.93438470683725 30.889785047747328, -93.51471641130745 31.2560141445925))"
71C,2019-06-16 16:55:00+00:00,2019-06-16 18:55:00+00:00,0.0,45000.0,"POLYGON ((-89.16729099924616 34.74066369738246, -90.6463101163326 33.15277966157111, -92.19830561017467 32.464575950727834, -90.18168192011139 34.619134527242096, -89.16729099924616 34.74066369738246))"
48E,2019-06-16 16:55:00+00:00,2019-06-16 18:55:00+00:00,0.0,45000.0,"POLYGON ((-81.55674987055134 31.236984808497795, -80.49 28.012737911472787, -81.70874468792236 26.68368715822119, -83.80957285597897 27.9053942421262, -81.55674987055134 31.236984808497795))"
50E,2019-06-16 16:55:00+00:00,2019-06-16 18:55:00+00:00,0.0,45000.0,"POLYGON ((-79.74634369811947 26.552253380022083, -78.73022793261835 24.380144620417656, -81.8 24.257262088527213, -82.58067415382567 25.293824767608015, -81.78 26.363631044263613, -79.74634369811947 26.552253380022083))"
49E,2019-06-16 16:55:00+00:00,2019-06-16 18:55:00+00:00,0.0,45000.0,"POLYGON ((-80.62241315859453 30.018669427242475, -79.15791280685917 29.986136100543057, -78.70768203712859 27.182633878230448, -80.20078323475343 28.294518877577687, -80.62241315859453 30.018669427242475))"
46E,2019-06-16 16:55:00+00:00,2019-06-16 18:55:00+00:00,0.0,45000.0,"POLYGON ((-84.94745909376465 39.480854076909495, -82.63738286037945 39.21899598136912, -83.20617951214237 38.36209169347432, -86.36400253824851 38.352066166173906, -84.94745909376465 39.480854076909495))"
67C,2019-06-16 16:55:00+00:00,2019-06-16 18:55:00+00:00,0.0,35000.0,"POLYGON ((-101.34532166323301 42.56201319189036, -100.75 40.717262088527214, -102.3626351763203 41.88458415455579, -103.04714899444285 42.65771748292251, -101.34532166323301 42.56201319189036))"
68C,2019-06-16 16:55:00+00:00,2019-06-16 18:55:00+00:00,0.0,37000.0,"POLYGON ((-98.97745958808196 34.75791864122066, -98.96131489347383 34.11677580134007, -100.52013810175549 33.90866967949095, -100.84737538805693 34.17773595348877, -98.97745958808196 34.75791864122066))"
69C,2019-06-16 16:55:00+00:00,2019-06-16 18:55:00+00:00,0.0,45000.0,"POLYGON ((-95.78000000000002 34.350893132790816, -95.8758504922045 33.75752794688896, -98.30701560287423 33.75439460339153, -97.77352069931364 34.20852210402597, -95.78000000000002 34.350893132790816))"
70C,2019-06-16 16:55:00+00:00,2019-06-16 18:55:00+00:00,0.0,45000.0,"POLYGON ((-95.78000000000002 34.18452417705443, -93.67093491194913 33.50936027002112, -90.84712562975027 33.92927312269615, -93.22117777636873 31.51265379423271, -96.84403185773873 30.966411962913288, -95.78000000000002 34.18452417705443))"
73C,2019-06-16 16:55:00+00:00,2019-06-16 18:55:00+00:00,0.0,36000.0,"POLYGON ((-104.0027115572538 44.68157950488295, -102.92129294662375 44.13367061726264, -103.49755619752705 43.626037655348554, -104.39708218538034 43.9716095242887, -104.0027115572538 44.68157950488295))"
KILO 1,2019-06-16 17:30:00+00:00,2019-06-16 21:30:00+00:00,0.0,47000.0,"POLYGON ((-79 27, -77 27, -75.3 25.45, -77 23.15, -79 24.3, -79 27))"
57E,2019-06-16 17:55:00+00:00,2019-06-16 19:55:00+00:00,0.0,45000.0,"POLYGON ((-87.38265896932975 39.592151776563725, -86.59250819140651 38.97700621853641, -85.21453641964997 38.85289387584483, -85.4502760511267 37.9977015550219, -87.92946373522409 37.98520343535522, -87.38265896932975 39.592151776563725))"
56E,2019-06-16 17:55:00+00:00,2019-06-16 19:55:00+00:00,0.0,40000.0,"POLYGON ((-84.49261483560389 36.722703502595714, -83.61494077107714 36.43395171218486, -85.47638896974979 35.07021342502645, -85.96762057374973 35.23388786491478, -84.49261483560389 36.722703502595714))"
79C,2019-06-16 17:55:00+00:00,2019-06-16 19:55:00+00:00,0.0,45000.0,"POLYGON ((-89.16729099924616 34.74066369738246, -89.7987831616587 33.62504559393723, -92.04 32.08628718173732, -90.18168192011139 34.619134527242096, -89.16729099924616 34.74066369738246))"
55E,2019-06-16 17:55:00+00:00,2019-06-16 19:55:00+00:00,0.0,45000.0,"POLYGON ((-81.38432146387322 26.882375296332857, -79.15905003836006 26.67696566493167, -78.60267983213524 24.261108945577764, -80.95697092113195 24.269323624401174, -83.15779352751315 25.093231182681432, -81.38432146387322 26.882375296332857))"
51E,2019-06-16 17:55:00+00:00,2019-06-16 19:55:00+00:00,0.0,45000.0,"POLYGON ((-84.09026542470889 39.48898075185077, -81.86602050426833 39.057295440706305, -82.03 37.91815522131804, -84.7 39.02, -84.09026542470889 39.48898075185077))"
52E,2019-06-16 17:55:00+00:00,2019-06-16 19:55:00+00:00,0.0,45000.0,"POLYGON ((-84.07786910491039 30.164436683270303, -83.46187532919316 30.078662223602322, -82.83132760546326 29.138706198859943, -83.93108579249736 29.278757565572914, -84.07786910491039 30.164436683270303))"
53E,2019-06-16 17:55:00+00:00,2019-06-16 19:55:00+00:00,0.0,45000.0,"POLYGON ((-81.53399743720715 31.53629391519255, -80.49 28.17910686720918, -81.91135151224721 26.412299234406234, -83.21483615971407 28.379529119827293, -81.53399743720715 31.53629391519255))"
54E,2019-06-16 17:55:00+00:00,2019-06-16 19:55:00+00:00,0.0,43000.0,"POLYGON ((-80.29494797216884 30.00336883085377, -78.97913111692964 30.047082757571303, -78.98711815426667 27.67189156830133, -80.12795919197538 28.44805318334086, -80.29494797216884 30.00336883085377))"
75C,2019-06-16 17:55:00+00:00,2019-06-16 19:55:00+00:00,0.0,35000.0,"POLYGON ((-102.02464050299476 42.326516151160604, -100.78124234501686 41.97905960425029, -100.59 40.53273791147279, -102.16096007392832 41.35177289927906, -102.02464050299476 42.326516151160604))"
78C,2019-06-16 17:55:00+00:00,2019-06-16 19:55:00+00:00,0.0,45000.0,"POLYGON ((-90.28865651144203 34.40478887455077, -92.67993064692979 31.32354132677871, -96.85693801094986 31.30641264694936, -94.66859394435299 33.50856061925483, -93.16036397274931 32.9063703385024, -90.28865651144203 34.40478887455077))"
77C,2019-06-16 17:55:00+00:00,2019-06-16 19:55:00+00:00,0.0,45000.0,"POLYGON ((-95.78000000000002 34.350893132790816, -95.78000000000002 33.685417309845256, -98.30701560287423 33.75439460339153, -97.77352069931364 34.20852210402597, -95.78000000000002 34.350893132790816))"
74C,2019-06-16 17:55:00+00:00,2019-06-16 19:55:00+00:00,0.0,34000.0,"POLYGON ((-103.66916342484141 44.44867750701674, -102.58187911916829 44.10653514647325, -103.27339088148842 43.51858137178915, -104.39708218538034 43.9716095242887, -103.66916342484141 44.44867750701674))"
81C,2019-06-16 17:55:00+00:00,2019-06-16 19:55:00+00:00,0.0,45000.0,"POLYGON ((-87.58554271303873 31.768024234851044, -88.00314972877277 28.399676889285463, -89.33780512420762 29.177841928328096, -88.50047376584563 31.764826035284266, -87.58554271303873 31.768024234851044))"
80C,2019-06-16 17:55:00+00:00,2019-06-16 19:55:00+00:00,0.0,45000.0,"POLYGON ((-96.7199410980242 31.188257217783516, -93.27848409309142 31.257653995815662, -94.98536704089454 29.19097370021501, -97.40295305061021 29.25380946951011, -96.7199410980242 31.188257217783516))"
76C,2019-06-16 17:55:00+00:00,2019-06-16 19:55:00+00:00,0.0,45000.0,"POLYGON ((-97.74501278092416 33.45622861203412, -98.1332844701675 32.483241255426236, -100.05721777882057 32.479846239771256, -99.86 33.31184477868196, -97.74501278092416 33.45622861203412))"
LIMA 1,2019-06-16 18:05:00+00:00,2019-06-16 22:05:00+00:00,0.0,46000.0,"POLYGON ((-88.3 26.3, -84.45 25, -84.15 24, -86 24, -87.45 24.3, -88.3 26.3))"
ROMEO 2,2019-06-16 18:20:00+00:00,2019-06-16 22:20:00+00:00,0.0,58000.0,"POLYGON ((170.3 7.4, 172.3 3.3, 165.5 7.2, 170.3 7.4))"
60E,2019-06-16 18:55:00+00:00,2019-06-16 20:55:00+00:00,,,"POLYGON ((-83.91264502205942 36.87195663305383, -84.30735497794058 36.87195663305383, -85.34301364507756 35.11772723701996, -86.9 33.50254316899894, -83.91264502205942 36.87195663305383))"
59E,2019-06-16 18:55:00+00:00,2019-06-16 20:55:00+00:00,0.0,40000.0,"POLYGON ((-81.37939988489778 37.98417020961968, -81.25370560056652 37.088758978259456, -83.98177462727055 37.13215814799214, -83.68973107428639 37.830659080030784, -81.37939988489778 37.98417020961968))"
62E,2019-06-16 18:55:00+00:00,2019-06-16 20:55:00+00:00,0.0,45000.0,"POLYGON ((-82.25181316195408 31.005475972924508, -80.49 28.113712818262684, -81.94158574308099 26.529908942763385, -83.14449303795003 28.31812903682967, -82.25181316195408 31.005475972924508))"
61E,2019-06-16 18:55:00+00:00,2019-06-16 20:55:00+00:00,0.0,45000.0,"POLYGON ((-84.01476933143647 30.39957196330242, -83.57790876452343 30.121104752485802, -82.85986609931857 29.199166135621084, -83.24013390068144 29.199166135621084, -84.01476933143647 30.39957196330242))"
87C,2019-06-16 18:55:00+00:00,2019-06-16 20:55:00+00:00,0.0,45000.0,"POLYGON ((-89.91255430952044 34.886415202209875, -92.03042471212862 31.4251212919124, -96.64381833320779 31.437171228573096, -94.00374858770202 33.376416229754525, -91.93881396190822 33.53405745010067, -89.91255430952044 34.886415202209875))"
84C,2019-06-16 18:55:00+00:00,2019-06-16 20:55:00+00:00,0.0,45000.0,"POLYGON ((-104.77 40.776287181737324, -104.7430131854373 36.387705594005304, -108.79000000000002 38.626287181737325, -106.77419613740139 40.352832073735, -104.77 40.776287181737324))"
90C,2019-06-16 18:55:00+00:00,2019-06-16 20:55:00+00:00,0.0,45000.0,"POLYGON ((-87.22983646086357 33.00173048046593, -87.27210677633968 30.317517752031666, -88.36 29.718003424053745, -88.36 31.30828375768358, -87.22983646086357 33.00173048046593))"
86C,2019-06-16 18:55:00+00:00,2019-06-16 20:55:00+00:00,0.0,45000.0,"POLYGON ((-95.40768087781868 34.542750790713086, -94.87351717479291 33.78403293775853, -97.66207534115931 33.80010786279993, -97.33161624627684 34.2652189422202, -95.40768087781868 34.542750790713086))"
63E,2019-06-16 18:55:00+00:00,2019-06-16 20:55:00+00:00,0.0,42000.0,"POLYGON ((-80.29494797216884 30.00336883085377, -79.15791280685917 29.986136100543057, -78.56848498931308 28.36706140272879, -79.68772347455695 28.383530149328113, -80.29494797216884 30.00336883085377))"
64E,2019-06-16 18:55:00+00:00,2019-06-16 20:55:00+00:00,0.0,45000.0,"POLYGON ((-81.56565521927193 26.990954182394802, -79.15905003836006 26.67696566493167, -78.60267983213524 24.261108945577764, -80.28562647000876 24.009448607330512, -83.32829517781497 25.15526690948867, -81.56565521927193 26.990954182394802))"
58E,2019-06-16 18:55:00+00:00,2019-06-16 20:55:00+00:00,0.0,45000.0,"POLYGON ((-83.70636994020796 39.33412810001314, -83.30986735450715 38.74302164269356, -85.43074804271365 37.982264921507436, -87.9550371158813 37.99350575617568, -87.6580020013532 38.72075875392721, -83.70636994020796 39.33412810001314))"
89C,2019-06-16 18:55:00+00:00,2019-06-16 20:55:00+00:00,0.0,45000.0,"POLYGON ((-96.7199410980242 31.188257217783516, -93.27848409309142 31.257653995815662, -94.98536704089454 29.19097370021501, -97.40295305061021 29.25380946951011, -96.7199410980242 31.188257217783516))"
83C,2019-06-16 18:55:00+00:00,2019-06-16 20:55:00+00:00,0.0,45000.0,"POLYGON ((-102.02464050299476 42.326516151160604, -100.62417737049861 42.097681064228084, -100.18676858854973 40.32663446272757, -103.02580255969163 40.27753844225899, -102.02464050299476 42.326516151160604))"
82C,2019-06-16 18:55:00+00:00,2019-06-16 20:55:00+00:00,0.0,34000.0,"POLYGON ((-103.66916342484141 44.44867750701674, -102.31640990714645 43.977902230126254, -103.01 43.31452417705443, -105.16623384299011 43.61089543986572, -103.66916342484141 44.44867750701674))"
85C,2019-06-16 18:55:00+00:00,2019-06-16 20:55:00+00:00,0.0,45000.0,"POLYGON ((-97.04 33.369106867209176, -98.24615686832351 32.479773779653975, -100.22389573225274 32.35214309648804, -98.97051378277673 33.2208886067065, -97.04 33.369106867209176))"
88C,2019-06-16 18:55:00+00:00,2019-06-16 20:55:00+00:00,0.0,45000.0,"POLYGON ((-88.42848784002007 35.024739655068615, -89.24937611576308 33.742472734514195, -91.49430233877342 32.327821641001485, -89.9024040690232 34.866270418164156, -88.42848784002007 35.024739655068615))"
18W,2019-06-16 18:55:00+00:00,2019-06-16 20:55:00+00:00,0.0,45000.0,"POLYGON ((-117.93459683102067 39.51724500657515, -115.64738992055287 39.551951916344706, -115.9018050403277 38.47175629845586, -117.77 38.66547582294557, -117.93459683102067 39.51724500657515))"
17W,2019-06-16 18:55:00+00:00,2019-06-16 20:55:00+00:00,0.0,39000.0,"POLYGON ((-112.91570489434017 45.86424025152738, -106.2219127985575 45.425159223820096, -106.28 43.09, -110.11 43.079106867209184, -112.91570489434017 45.86424025152738))"
19W,2019-06-16 18:55:00+00:00,2019-06-16 20:55:00+00:00,0.0,44000.0,"POLYGON ((-113.85236294809476 39.61408582659102, -110.54177368155754 39.37074212179964, -109.93049746488067 36.558226398950744, -113.46182944626423 35.466269863857455, -113.85236294809476 39.61408582659102))"
68E,2019-06-16 19:55:00+00:00,2019-06-16 21:55:00+00:00,0.0,45000.0,"POLYGON ((-83.30587754700232 30.13401911025411, -82.88373009375685 29.59989638617428, -82.79681906957848 29.065495284061925, -83.52220245549222 30.008072588186938, -83.30587754700232 30.13401911025411))"
71E,2019-06-16 19:55:00+00:00,2019-06-16 21:55:00+00:00,0.0,45000.0,"POLYGON ((-80.46963098252805 41.96453499318852, -80.59213040104481 40.82936958599381, -82.59 40.72828375768358, -81.85 41.564570939420896, -80.46963098252805 41.96453499318852))"
94C,2019-06-16 19:55:00+00:00,2019-06-16 21:55:00+00:00,0.0,45000.0,"POLYGON ((-97.52911164414667 33.27795762192466, -96.88107378904945 32.81457460956457, -97.53150297273851 32.19399812054296, -100.10181651411717 32.275314559539424, -99.12789897001093 33.09124643422136, -97.52911164414667 33.27795762192466))"
02C,2019-06-16 19:55:00+00:00,2019-06-16 21:55:00+00:00,0.0,45000.0,"POLYGON ((-90.10067276608935 37.77215653155263, -89.32 36.88742563652537, -91.20373372390466 36.31418694852161, -91.36514630080762 36.910683526741565, -90.10067276608935 37.77215653155263))"
96C,2019-06-16 19:55:00+00:00,2019-06-16 21:55:00+00:00,0.0,45000.0,"POLYGON ((-92.22132718345625 33.258923360253455, -90.58667310464887 32.83797357395151, -92.03042471212862 31.4251212919124, -96.91088092412514 31.352815720410444, -94.75 32.709141878841784, -92.22132718345625 33.258923360253455))"
01C,2019-06-16 19:55:00+00:00,2019-06-16 21:55:00+00:00,0.0,35000.0,"POLYGON ((-94.74 39.0008581211582, -94.22884665238139 38.47416515393296, -98.13207440218234 35.398833431131756, -97.36894271074799 38.15051068003595, -94.74 39.0008581211582))"
95C,2019-06-16 19:55:00+00:00,2019-06-16 21:55:00+00:00,0.0,45000.0,"POLYGON ((-94.96895618059155 34.5706807639092, -94.7124045690182 33.72964285861246, -97.43592024779493 33.67544806268543, -97.17 34.21, -94.96895618059155 34.5706807639092))"
92C,2019-06-16 19:55:00+00:00,2019-06-16 21:55:00+00:00,0.0,45000.0,"POLYGON ((-100.94170356340109 41.049841168360096, -101.11332870386511 40.03284548493857, -103.5583336230642 40.15938433879807, -102.59630300260466 41.099363556438675, -100.94170356340109 41.049841168360096))"
66E,2019-06-16 19:55:00+00:00,2019-06-16 21:55:00+00:00,0.0,40000.0,"POLYGON ((-83.62557581926235 37.95124979729648, -80.69901220522561 37.77925111042179, -80.50143670335083 37.08981739012611, -83.69320515391075 37.02927115345801, -83.62557581926235 37.95124979729648))"
67E,2019-06-16 19:55:00+00:00,2019-06-16 21:55:00+00:00,0.0,45000.0,"POLYGON ((-84.62158798267991 36.48599069648934, -83.89 36.39910686720918, -86.33765578937945 33.19816254181924, -86.9 33.337262088527226, -84.62158798267991 36.48599069648934))"
70E,2019-06-16 19:55:00+00:00,2019-06-16 21:55:00+00:00,0.0,45000.0,"POLYGON ((-81.56565521927193 26.990954182394802, -79.15905003836006 26.67696566493167, -78.60267983213524 24.261108945577764, -80.28562647000876 24.009448607330512, -83.32829517781497 25.15526690948867, -81.56565521927193 26.990954182394802))"
65E,2019-06-16 19:55:00+00:00,2019-06-16 21:55:00+00:00,0.0,45000.0,"POLYGON ((-83.50396133942155 39.44054401708241, -83.30986735450715 38.74302164269356, -86.35855722106766 37.84276082397626, -89.4974700379245 38.53754194405977, -89.69326688865394 38.60268992551462, -83.50396133942155 39.44054401708241))"
69E,2019-06-16 19:55:00+00:00,2019-06-16 21:55:00+00:00,0.0,45000.0,"POLYGON ((-81.40881801168469 31.544829034357047, -80.75626226908453 27.91502661376889, -81.96594917370523 26.529879413994006, -82.94683191026505 28.14502412492292, -82.51 30.708155221318037, -81.40881801168469 31.544829034357047))"
91C,2019-06-16 19:55:00+00:00,2019-06-16 21:55:00+00:00,0.0,33000.0,"POLYGON ((-103.66916342484141 44.44867750701674, -102.31640990714645 43.977902230126254, -103.01 43.31452417705443, -105.46673979792953 43.675340861728806, -103.66916342484141 44.44867750701674))"
93C,2019-06-16 19:55:00+00:00,2019-06-16 21:55:00+00:00,0.0,45000.0,"POLYGON ((-104.94005912929703 41.51728499553425, -104.72389546806858 36.3722702680982, -107.4952236100283 38.967863948115095, -106.33235799469995 41.147374514194965, -104.94005912929703 41.51728499553425))"
99C,2019-06-16 19:55:00+00:00,2019-06-16 21:55:00+00:00,0.0,45000.0,"POLYGON ((-86.59616144442315 33.0548081558199, -87.08949744268179 30.47643402914033, -88.36 30.230893132790825, -88.0740375215245 32.12325240796213, -86.59616144442315 33.0548081558199))"
98C,2019-06-16 19:55:00+00:00,2019-06-16 21:55:00+00:00,0.0,45000.0,"POLYGON ((-91.95948042395112 31.449869188631517, -94.80941104213585 29.48833419869212, -97.2366343558858 29.764852796737184, -96.85693801094986 31.30641264694936, -91.95948042395112 31.449869188631517))"
97C,2019-06-16 19:55:00+00:00,2019-06-16 21:55:00+00:00,0.0,45000.0,"POLYGON ((-88.21067442012458 35.296086248612134, -88.74025224748245 33.95090199307593, -90.66043909121097 32.89932298160445, -89.98 34.35452417705442, -88.21067442012458 35.296086248612134))"
23W,2019-06-16 19:55:00+00:00,2019-06-16 21:55:00+00:00,0.0,44000.0,"POLYGON ((-110.28930020138755 39.18781137947992, -109.93049746488067 36.558226398950744, -112.9111116509389 35.05216375048904, -113.90963057234929 37.326786125157824, -110.28930020138755 39.18781137947992))"
24W,2019-06-16 19:55:00+00:00,2019-06-16 21:55:00+00:00,0.0,39000.0,"POLYGON ((-108.36665487702608 48.91351919821275, -106.24311592414132 48.834176278521305, -106.63 47.72089313279082, -107.77626776360904 47.89594353686812, -108.36665487702608 48.91351919821275))"
20W,2019-06-16 19:55:00+00:00,2019-06-16 21:55:00+00:00,0.0,45000.0,"POLYGON ((-111.46450706298158 44.92650611926546, -110.9177419217776 44.46474703914681, -114.49000000000001 43.478213734418354, -114.90952866909532 43.92488312498937, -113.2129065192981 44.77750952652983, -111.46450706298158 44.92650611926546))"
22W,2019-06-16 19:55:00+00:00,2019-06-16 21:55:00+00:00,0.0,45000.0,"POLYGON ((-115.35027060233423 40.221166031811265, -116.1586954626358 37.269102627548385, -117.77 38.66547582294557, -117.93459683102067 39.51724500657515, -115.35027060233423 40.221166031811265))"
21W,2019-06-16 19:55:00+00:00,2019-06-16 21:55:00+00:00,0.0,39000.0,"POLYGON ((-111.45227295747773 45.56309518626585, -105.88694676107468 44.833995509884296, -106.28 43.09, -109.76068647097051 43.19429218215637, -111.45227295747773 45.56309518626585))"
11C,2019-06-16 20:55:00+00:00,2019-06-16 22:55:00+00:00,,,"POLYGON ((-91.54080896906424 39.94022637113434, -97.18935372634988 37.77752650838767, -100.2360578947404 37.81897133689955, -94.46967909709608 38.33954329309559, -97.1676726324937 37.77960371945715, -91.45543207959034 39.75936513497866, -94.44731155526304 38.34702621292323, -100.2333375128359 38.01895283484947, -97.18663334444537 37.97750800633759, -97.20831443830154 37.97543079526812, -94.51032090290391 38.53537036890656, -94.53268844473695 38.52788744907891, -91.54080896906424 39.94022637113434))"
76E,2019-06-16 20:55:00+00:00,2019-06-16 22:55:00+00:00,0.0,45000.0,"POLYGON ((-82.83227994554474 30.871764957911303, -80.17569080132787 28.347475588065816, -81.65661389882676 26.26281468517576, -82.71283887326588 27.39990545627565, -84.04063724262618 30.28898565440693, -82.83227994554474 30.871764957911303))"
73E,2019-06-16 20:55:00+00:00,2019-06-16 22:55:00+00:00,0.0,45000.0,"POLYGON ((-83.78815939064454 38.30084379181796, -78.95999338696721 37.78393587740666, -78.73772103449474 37.082963536442186, -83.20455780869561 37.02656029458733, -83.78815939064454 38.30084379181796))"
79E,2019-06-16 20:55:00+00:00,2019-06-16 22:55:00+00:00,0.0,38000.0,"POLYGON ((-80.29 41.73085812115821, -79.80280263918823 41.135967286279325, -81.55728735867291 40.885362810551285, -80.83689852600996 41.609788734334536, -80.29 41.73085812115821))"
25W,2019-06-16 20:55:00+00:00,2019-06-16 22:55:00+00:00,0.0,36000.0,"POLYGON ((-116.4170776646458 48.96524178806523, -113.44888780247051 48.98622942199688, -111.17546355632021 46.38607937512529, -112.92870123217249 45.13872363008262, -115.89363302887097 47.05904215739254, -116.4170776646458 48.96524178806523))"
27W,2019-06-16 20:55:00+00:00,2019-06-16 22:55:00+00:00,0.0,45000.0,"POLYGON ((-114.16657816600733 41.03596980785323, -113.88092843194353 38.082924593953145, -115.6966380018388 36.078803859581036, -118.79069653961763 39.80339367276795, -114.16657816600733 41.03596980785323))"
72E,2019-06-16 20:55:00+00:00,2019-06-16 22:55:00+00:00,0.0,45000.0,"POLYGON ((-83.50396133942155 39.44054401708241, -83.30986735450715 38.74302164269356, -86.35855722106766 37.84276082397626, -89.4974700379245 38.53754194405977, -89.69326688865394 38.60268992551462, -83.50396133942155 39.44054401708241))"
78E,2019-06-16 20:55:00+00:00,2019-06-16 22:55:00+00:00,0.0,45000.0,"POLYGON ((-82.80734252391953 26.144323595407585, -81.35641043642329 25.607146818438366, -81.12523399361866 24.33383181731258, -82.97904246070244 24.139753076510644, -83.49897002959062 25.217107218672528, -82.80734252391953 26.144323595407585))"
74E,2019-06-16 20:55:00+00:00,2019-06-16 22:55:00+00:00,0.0,45000.0,"POLYGON ((-84.695817020496 36.55799405122124, -83.57314068241214 36.51440453849651, -85.76132089629678 33.239787958019946, -86.9 33.67, -84.695817020496 36.55799405122124))"
75E,2019-06-16 20:55:00+00:00,2019-06-16 22:55:00+00:00,0.0,43000.0,"POLYGON ((-79.58248396744256 30.32586483156779, -77.3602197125684 30.584602074602635, -78.53402530115817 27.244510149211685, -79.96838261465777 27.87002282199564, -79.58248396744256 30.32586483156779))"
77E,2019-06-16 20:55:00+00:00,2019-06-16 22:55:00+00:00,0.0,45000.0,"POLYGON ((-80.35729897318505 27.56229618157646, -78.88114592700765 27.120543956737375, -78.60267983213524 24.261108945577764, -80.28562647000876 24.009448607330512, -81.49686748526675 25.914901466215348, -80.35729897318505 27.56229618157646))"
09C,2019-06-16 20:55:00+00:00,2019-06-16 22:55:00+00:00,0.0,45000.0,"POLYGON ((-87.95997185477532 35.631330221950975, -87.64432606318627 34.40249285797874, -89.99874222940363 33.22440102820553, -90.36510966734616 34.25086561920501, -87.95997185477532 35.631330221950975))"
12C,2019-06-16 20:55:00+00:00,2019-06-16 22:55:00+00:00,0.0,45000.0,"POLYGON ((-89.25492411692368 37.984327291508095, -89.32 37.01821373441836, -91.43005871587378 34.9323722435418, -92.18551926512717 36.10365722545654, -90.52818959004591 37.904906418108176, -89.25492411692368 37.984327291508095))"
03C,2019-06-16 20:55:00+00:00,2019-06-16 22:55:00+00:00,0.0,38000.0,"POLYGON ((-106.18911013043432 45.091366878356176, -101.62291781461967 43.9716095242887, -102.4016236448613 42.902433523104975, -107.41900409509721 43.08435157020045, -106.18911013043432 45.091366878356176))"
07C,2019-06-16 20:55:00+00:00,2019-06-16 22:55:00+00:00,0.0,41000.0,"POLYGON ((-93.62508697046131 37.12435176671056, -92.93353794394818 36.59081121853718, -98.17394337298622 34.92807751174218, -99.49899283370362 36.212061646304804, -93.62508697046131 37.12435176671056))"
04C,2019-06-16 20:55:00+00:00,2019-06-16 22:55:00+00:00,0.0,45000.0,"POLYGON ((-100.32287270309077 41.8177411357023, -100.39373670283379 38.952475364965885, -103.78165904164582 39.96744072484128, -102.35104085459446 41.56885928669225, -100.32287270309077 41.8177411357023))"
06C,2019-06-16 20:55:00+00:00,2019-06-16 22:55:00+00:00,0.0,45000.0,"POLYGON ((-96.18545390996505 34.84932725030065, -94.3776293483607 34.124440010838626, -96.87908695166502 31.659404218433295, -100.2767316770249 32.12639114916932, -99.51342413560543 33.6682140965486, -96.18545390996505 34.84932725030065))"
05C,2019-06-16 20:55:00+00:00,2019-06-16 22:55:00+00:00,0.0,45000.0,"POLYGON ((-105.02506109952874 42.70111697496717, -104.0102780194999 39.80818818852272, -104.73047410813709 35.6593067662274, -107.6327755238629 35.03728998449351, -107.63812091854858 41.13432923184285, -105.02506109952874 42.70111697496717))"
08C,2019-06-16 20:55:00+00:00,2019-06-16 22:55:00+00:00,0.0,45000.0,"POLYGON ((-92.4874126414713 34.064793788121676, -90.28 33.46, -90 29.85, -96.31 28.76, -97.30963483202318 29.918700474297374, -92.4874126414713 34.064793788121676))"
10C,2019-06-16 20:55:00+00:00,2019-06-16 22:55:00+00:00,0.0,45000.0,"POLYGON ((-87.27913297145858 32.900895637960986, -86.12929338804406 31.299398184331373, -87.81522181644986 30.258299661579724, -89.54240207820213 31.043338094458317, -87.27913297145858 32.900895637960986))"
29W,2019-06-16 20:55:00+00:00,2019-06-16 22:55:00+00:00,0.0,39000.0,"POLYGON ((-106.63 48.88547582294557, -104.72472114564162 47.8259575261039, -107.05749173148553 46.05629923413265, -108.8402586093116 45.74612159391407, -111.40925462200285 48.97410534556639, -106.63 48.88547582294557))"
28W,2019-06-16 20:55:00+00:00,2019-06-16 22:55:00+00:00,0.0,44000.0,"POLYGON ((-110.7498362024479 40.60891628615097, -108.67363403973721 36.26800915270825, -112.48 34.36726208852721, -114.40173504164744 35.82294241365848, -112.75846229451552 39.76085145483954, -110.7498362024479 40.60891628615097))"
26W,2019-06-16 20:55:00+00:00,2019-06-16 22:55:00+00:00,0.0,45000.0,"POLYGON ((-110.9357346961992 45.89963388125595, -108.25862328174833 45.19460664844538, -108.73308045810458 42.69065199686028, -115.55176860580937 43.73922838156718, -110.9357346961992 45.89963388125595))"
KILO 2,2019-06-16 21:30:00+00:00,2019-06-17 01:30:00+00:00,0.0,48000.0,"POLYGON ((-79.15 26.45, -77.3 26.3, -76.45 23.15, -79.15 24.3, -79.15 26.45))"
83E,2019-06-16 21:55:00+00:00,2019-06-16 23:55:00+00:00,0.0,42000.0,"POLYGON ((-77.54323215293455 30.71832348992393, -77.67968106725532 27.544810087443576, -79.02077934539074 27.67225072788221, -80.18805140062607 29.62878322789309, -77.54323215293455 30.71832348992393))"
88E,2019-06-16 21:55:00+00:00,2019-06-16 23:55:00+00:00,0.0,36000.0,"POLYGON ((-74.58651164170658 40.72481213407145, -74.49348835829343 40.5477622294032, -76.23889797025784 39.63071156332122, -76.33192125367098 39.80776146798947, -74.58651164170658 40.72481213407145))"
19C,2019-06-16 21:55:00+00:00,2019-06-16 23:55:00+00:00,0.0,45000.0,"POLYGON ((-87.33969610335807 35.916889649808404, -87.31413268111187 34.70987365780799, -88.75457729661679 33.28530546197656, -90.01308691877941 33.99397898805165, -87.33969610335807 35.916889649808404))"
18C,2019-06-16 21:55:00+00:00,2019-06-16 23:55:00+00:00,0.0,45000.0,"POLYGON ((-93.6882842549056 32.87216826506067, -90.1 32.71914187884178, -90 29.85, -96.31 28.76, -97.53 30.090858121158213, -93.6882842549056 32.87216826506067))"
21C,2019-06-16 21:55:00+00:00,2019-06-16 23:55:00+00:00,0.0,39000.0,"POLYGON ((-98.12828678384 37.84872873125089, -96.48276899040361 37.84491593412306, -96.48323240525185 37.644916471007086, -98.12875019868824 37.648729268134915, -98.12828678384 37.84872873125089))"
20C,2019-06-16 21:55:00+00:00,2019-06-16 23:55:00+00:00,0.0,45000.0,"POLYGON ((-87.6317951236855 33.05447747274209, -86.12467197625598 31.819151320733045, -87.27210677633968 30.317517752031666, -89.93852225177275 30.631768745107188, -87.6317951236855 33.05447747274209))"
22C,2019-06-16 21:55:00+00:00,2019-06-16 23:55:00+00:00,0.0,40000.0,"POLYGON ((-92.24004919295501 40.24012360627501, -90.52677409497886 39.84756431353672, -92.90349995239337 38.5867063524257, -93.88052904377749 39.01020985067779, -92.24004919295501 40.24012360627501))"
30W,2019-06-16 21:55:00+00:00,2019-06-16 23:55:00+00:00,0.0,36000.0,"POLYGON ((-113.0070776646458 48.96524178806523, -111.95 46.7545709394209, -115.65 46.59257436347464, -117.01273345426384 48.88285264566485, -113.0070776646458 48.96524178806523))"
84E,2019-06-16 21:55:00+00:00,2019-06-16 23:55:00+00:00,0.0,45000.0,"POLYGON ((-82.51 30.541786265581642, -80.0564361067391 28.913867138718043, -82.1518975659114 26.529517657752923, -83.11217033812774 27.398873183371546, -83.1968941686695 29.907328867299743, -82.51 30.541786265581642))"
85E,2019-06-16 21:55:00+00:00,2019-06-16 23:55:00+00:00,0.0,45000.0,"POLYGON ((-80.1424575669761 27.80689957398064, -78.89386582456982 27.733742559785618, -78.60267983213524 24.261108945577764, -80.28562647000876 24.009448607330512, -81.49686748526675 25.914901466215348, -80.1424575669761 27.80689957398064))"
87E,2019-06-16 21:55:00+00:00,2019-06-16 23:55:00+00:00,0.0,36000.0,"POLYGON ((-79.81756831267838 41.66610640290601, -78.3024858193262 41.15486031852961, -80.00705722866473 40.766155455954, -81.2269939646964 40.94775026199233, -79.81756831267838 41.66610640290601))"
81E,2019-06-16 21:55:00+00:00,2019-06-16 23:55:00+00:00,0.0,45000.0,"POLYGON ((-82.27334087515185 38.2886323563011, -78.46500852202657 37.50214482282196, -80.27188140713443 36.28492789047107, -83.36743745087547 37.61589720573819, -82.27334087515185 38.2886323563011))"
86E,2019-06-16 21:55:00+00:00,2019-06-16 23:55:00+00:00,0.0,45000.0,"POLYGON ((-83.07778476558454 26.92844540798563, -82.12320847320805 26.402256074635797, -81.06815885534536 24.588231466088477, -83.14679317876859 24.07469221014595, -83.49897002959062 25.217107218672528, -83.07778476558454 26.92844540798563))"
80E,2019-06-16 21:55:00+00:00,2019-06-16 23:55:00+00:00,0.0,45000.0,"POLYGON ((-87.25 39.82273791147279, -83.41526102165861 39.012954026824886, -84.11 37.52910686720918, -90.38629507567961 35.01932298495471, -91.58110626214004 37.216607091004114, -87.25 39.82273791147279))"
82E,2019-06-16 21:55:00+00:00,2019-06-16 23:55:00+00:00,0.0,45000.0,"POLYGON ((-84.71151350030557 35.89720252945267, -84.05012420864756 34.95237052994372, -86.71330216446391 32.219391105173635, -87.20383855557685 33.0548081558199, -84.71151350030557 35.89720252945267))"
13C,2019-06-16 21:55:00+00:00,2019-06-16 23:55:00+00:00,0.0,42000.0,"POLYGON ((-105.5309532037066 45.275516792125295, -99.83206690957402 44.15424841347357, -102.52122838026271 42.59188240713217, -105.95657858545125 43.32482692374724, -105.5309532037066 45.275516792125295))"
16C,2019-06-16 21:55:00+00:00,2019-06-16 23:55:00+00:00,0.0,45000.0,"POLYGON ((-94.9691054389347 34.847309056890715, -93.5157450070444 33.69976654940333, -97.38193271221485 30.687326283437443, -99.89609488773667 31.83937309642781, -98.03261134666779 34.17974396413633, -94.9691054389347 34.847309056890715))"
14C,2019-06-16 21:55:00+00:00,2019-06-16 23:55:00+00:00,0.0,45000.0,"POLYGON ((-102.35104085459446 41.56885928669225, -100.14033055799331 40.857391004040494, -100.55605810569212 38.644723941847474, -103.18 40.16, -102.35104085459446 41.56885928669225))"
15C,2019-06-16 21:55:00+00:00,2019-06-16 23:55:00+00:00,0.0,45000.0,"POLYGON ((-105.02506109952874 42.70111697496717, -104.0102780194999 39.80818818852272, -104.73047410813709 35.6593067662274, -107.6327755238629 35.03728998449351, -107.63812091854858 41.13432923184285, -105.02506109952874 42.70111697496717))"
17C,2019-06-16 21:55:00+00:00,2019-06-16 23:55:00+00:00,0.0,36000.0,"POLYGON ((-96.10809675674936 36.81439993308308, -95.17150600779054 36.19840899062863, -97.45530307031594 34.44495122397023, -99.02861244032405 35.39158964859917, -96.10809675674936 36.81439993308308))"
32W,2019-06-16 21:55:00+00:00,2019-06-16 23:55:00+00:00,0.0,45000.0,"POLYGON ((-113.76 41.06273791147279, -113.35115391686904 37.685334797711164, -115.53974930584027 35.95206737591577, -118.58154255501813 39.52501716533261, -113.76 41.06273791147279))"
31W,2019-06-16 21:55:00+00:00,2019-06-16 23:55:00+00:00,0.0,43000.0,"POLYGON ((-111.60601005283928 46.84476731534492, -107.06 44.84, -106.62526931669753 42.47465831949591, -115.76675112025553 43.42188502607326, -111.60601005283928 46.84476731534492))"
33W,2019-06-16 21:55:00+00:00,2019-06-16 23:55:00+00:00,0.0,42000.0,"POLYGON ((-110.53287351088423 40.26663594728563, -107.49286030191749 38.802052321605764, -107.54363690104594 35.62606003720466, -111.3715848282088 34.58809449993688, -114.7252698168853 35.72629187968307, -110.53287351088423 40.26663594728563))"
34W,2019-06-16 21:55:00+00:00,2019-06-16 23:55:00+00:00,0.0,35000.0,"POLYGON ((-111.17334512297393 48.91351919821275, -106.63 48.88547582294557, -104.72472114564162 47.8259575261039, -106.79353637376117 45.78867258224413, -111.17334512297393 48.91351919821275))"
35W,2019-06-16 21:55:00+00:00,2019-06-16 23:55:00+00:00,0.0,45000.0,"POLYGON ((-121.10421820352617 41.41251555379324, -117.91952803197142 38.11754602585419, -118.51873032070608 35.94917172234582, -122.57597889235116 40.71433649880541, -121.10421820352617 41.41251555379324))"
ROMEO 3,2019-06-16 22:29:00+00:00,2019-06-17 02:30:00+00:00,0.0,55000.0,"POLYGON ((166.1 8.5, 170.4 5.4, 163.1 7, 166.1 8.5))"
94E,2019-06-16 22:55:00+00:00,2019-06-17 00:55:00+00:00,0.0,35000.0,"POLYGON ((-73.90088054186252 40.57778178384251, -73.78462568088973 40.415040248578165, -75.43247445049623 39.23789497153748, -75.54872931146902 39.400636506801824, -73.90088054186252 40.57778178384251))"
93E,2019-06-16 22:55:00+00:00,2019-06-17 00:55:00+00:00,0.0,34000.0,"POLYGON ((-79.41618545977478 41.655352643227594, -77.56238832168513 41.20259719437259, -79.85754492154769 40.718813396771544, -80.97424627079934 40.82747839598893, -79.41618545977478 41.655352643227594))"
31C,2019-06-16 22:55:00+00:00,2019-06-17 00:55:00+00:00,0.0,36000.0,"POLYGON ((-92.66250207032527 40.26354355017071, -90.52677409497886 39.84756431353672, -92.36146956956046 38.54278228688097, -93.8343348020632 38.7793172349368, -92.66250207032527 40.26354355017071))"
23C,2019-06-16 22:55:00+00:00,2019-06-17 00:55:00+00:00,0.0,42000.0,"POLYGON ((-101.09012973658211 44.10958971409465, -100.16000000000001 43.81171624231643, -101.36403201383447 42.56179113381876, -104.03283249587432 42.29758767908872, -104.45216007047362 42.601517316286255, -101.09012973658211 44.10958971409465))"
32C,2019-06-16 22:55:00+00:00,2019-06-17 00:55:00+00:00,0.0,45000.0,"POLYGON ((-101.40004647894882 32.28417793378543, -100.45 31.803712818262685, -100.91846997966192 31.20317389669552, -101.8753493894274 31.898961787892457, -101.40004647894882 32.28417793378543))"
28C,2019-06-16 22:55:00+00:00,2019-06-17 00:55:00+00:00,0.0,45000.0,"POLYGON ((-89.9685152980986 32.697064011641935, -89.66663139365744 29.84958132485693, -95.95913082928226 29.066227999932764, -97.465956742899 30.246418251477056, -93.87569791431133 32.63641672031332, -89.9685152980986 32.697064011641935))"
30C,2019-06-16 22:55:00+00:00,2019-06-17 00:55:00+00:00,0.0,41000.0,"POLYGON ((-98.42145636827654 37.570379459334255, -96.73854363172346 37.570379459334255, -96.73854363172346 37.37037945933425, -98.42145636827654 37.37037945933425, -98.42145636827654 37.570379459334255))"
38W,2019-06-16 22:55:00+00:00,2019-06-17 00:55:00+00:00,0.0,45000.0,"POLYGON ((-113.76 41.308283757683576, -113.21343886279779 37.68647715838774, -115.49006393411416 35.96889746295603, -119.09768702523766 39.52864539303492, -117.21368457913695 41.10389431809983, -113.76 41.308283757683576))"
36W,2019-06-16 22:55:00+00:00,2019-06-17 00:55:00+00:00,0.0,36000.0,"POLYGON ((-113.0070776646458 48.96524178806523, -112.20337414798816 47.66857139804643, -115.0871666453911 46.52364255295734, -117.01273345426384 48.88285264566485, -113.0070776646458 48.96524178806523))"
90E,2019-06-16 22:55:00+00:00,2019-06-17 00:55:00+00:00,0.0,45000.0,"POLYGON ((-83.45606694825167 30.715289850329363, -81.6879805759425 30.27621284342232, -82.9247816404235 27.399499189432074, -84.2371486005722 27.32825693463806, -83.45606694825167 30.715289850329363))"
89E,2019-06-16 22:55:00+00:00,2019-06-17 00:55:00+00:00,0.0,45000.0,"POLYGON ((-83.57489194801664 40.6419933037123, -82.92621756800199 38.04071865631651, -89.98 35.352737911472786, -91.68358137881246 36.695973531165265, -86.52999369512192 40.18084748146958, -83.57489194801664 40.6419933037123))"
92E,2019-06-16 22:55:00+00:00,2019-06-17 00:55:00+00:00,0.0,45000.0,"POLYGON ((-81.8 24.922737911472787, -81.15613847231714 24.00043193986088, -83.14679317876859 24.07469221014595, -83.08069713220173 24.58458406935596, -81.8 24.922737911472787))"
91E,2019-06-16 22:55:00+00:00,2019-06-17 00:55:00+00:00,0.0,40000.0,"POLYGON ((-79.68772347455695 28.383530149328113, -79.16163806758793 27.500460269641966, -80.27619316342728 26.679878623000164, -81.35531693024825 27.35898047564628, -80.81605302025197 28.34799481983138, -79.68772347455695 28.383530149328113))"
24C,2019-06-16 22:55:00+00:00,2019-06-17 00:55:00+00:00,0.0,45000.0,"POLYGON ((-101.41181269999659 41.048106985827815, -99.96960645451982 40.66891277203669, -100.83838212379538 39.7386190093792, -102.30300924458399 39.858959688514, -101.41181269999659 41.048106985827815))"
26C,2019-06-16 22:55:00+00:00,2019-06-17 00:55:00+00:00,0.0,45000.0,"POLYGON ((-95.17182327856774 34.848486326228624, -93.30580047981931 33.72928289715903, -97.11941951638202 30.73228010495411, -99.56014927195703 31.86482466735543, -97.77352069931364 34.20852210402597, -95.17182327856774 34.848486326228624))"
29C,2019-06-16 22:55:00+00:00,2019-06-17 00:55:00+00:00,0.0,45000.0,"POLYGON ((-86.34470870315192 33.85975904923094, -85.43907463586413 33.510905527783166, -87.22533425646198 30.358295136734466, -89.31778929735192 30.436449738544702, -89.71924940815902 31.48986740793502, -86.34470870315192 33.85975904923094))"
25C,2019-06-16 22:55:00+00:00,2019-06-17 00:55:00+00:00,0.0,45000.0,"POLYGON ((-105.44161448768546 42.832265369960744, -101.96510070978405 40.7772018336578, -104.7519145441844 34.89085105100741, -106.82 36.038213734418356, -106.49429555918218 40.262529686495235, -105.44161448768546 42.832265369960744))"
27C,2019-06-16 22:55:00+00:00,2019-06-17 00:55:00+00:00,0.0,44000.0,"POLYGON ((-96.18841726378886 36.96786669281985, -95.59937124030107 36.263515551304, -97.17 34.54273791147279, -98.41638819607472 35.39725360267512, -96.18841726378886 36.96786669281985))"
41W,2019-06-16 22:55:00+00:00,2019-06-17 00:55:00+00:00,0.0,45000.0,"POLYGON ((-120.83392882706781 41.150336363277574, -118.22003218462595 38.352066289738964, -118.78009761521623 36.875469644973315, -122.24000000000001 40.59910686720917, -120.83392882706781 41.150336363277574))"
39W,2019-06-16 22:55:00+00:00,2019-06-17 00:55:00+00:00,0.0,42000.0,"POLYGON ((-109.86124370997905 39.055099863577, -107.20190261721405 38.14247863532098, -108.09 35.57541730984526, -112.29318773983204 34.63619078524487, -114.33661019839288 36.077183985203185, -109.86124370997905 39.055099863577))"
37W,2019-06-16 22:55:00+00:00,2019-06-17 00:55:00+00:00,0.0,43000.0,"POLYGON ((-111.77837931384587 46.72751249967147, -106.62627124753224 45.90743237521991, -106.28 42.25815522131805, -115.76675112025553 43.42188502607326, -111.77837931384587 46.72751249967147))"
40W,2019-06-16 22:55:00+00:00,2019-06-17 00:55:00+00:00,0.0,33000.0,"POLYGON ((-111.40138514275472 48.926296066270524, -106.14491244475408 48.98751545986747, -104.22967102742844 46.85072181792641, -110.53034596246891 48.03486626399844, -111.40138514275472 48.926296066270524))"
96E,2019-06-16 23:55:00+00:00,2019-06-17 01:55:00+00:00,0.0,44000.0,"POLYGON ((-83.72916900391569 30.61983167926256, -82.01253570620186 30.339039231886876, -83.20134992203248 27.398487322152523, -84.03406888727535 27.40546349176892, -83.72916900391569 30.61983167926256))"
99E,2019-06-16 23:55:00+00:00,2019-06-17 01:55:00+00:00,0.0,39000.0,"POLYGON ((-81.04397102382522 40.5203170357196, -81.03205189631764 40.32067251563588, -86.0569938927636 40.020674677735414, -86.06891302027118 40.22031919781914, -81.04397102382522 40.5203170357196))"
40C,2019-06-16 23:55:00+00:00,2019-06-17 01:55:00+00:00,0.0,44000.0,"POLYGON ((-97.39950159860432 37.445033309471555, -97.34293070753306 37.25320074111205, -98.65932690611015 36.864999162031054, -98.71589779718141 37.056831730390556, -97.39950159860432 37.445033309471555))"
39C,2019-06-16 23:55:00+00:00,2019-06-17 01:55:00+00:00,0.0,45000.0,"POLYGON ((-86.53018039110596 33.97613108107706, -84.78726146867861 33.629514723744855, -87.89464931522758 30.56319514652271, -89.40763734656619 30.359813528013017, -89.7793509515218 31.70801383062494, -86.53018039110596 33.97613108107706))"
42C,2019-06-16 23:55:00+00:00,2019-06-17 01:55:00+00:00,0.0,45000.0,"POLYGON ((-100.05588157942994 32.079149805587576, -99.2007154583307 30.377233831140668, -102.38488612235368 31.609152538286697, -102.03257960340825 31.954577886464204, -100.05588157942994 32.079149805587576))"
38C,2019-06-16 23:55:00+00:00,2019-06-17 01:55:00+00:00,0.0,45000.0,"POLYGON ((-89.91368988366742 33.15277966157111, -89.6916653507062 29.96029164658321, -90.86696548452026 29.454438972716847, -92.3436580599934 31.315230290109554, -89.91368988366742 33.15277966157111))"
33C,2019-06-16 23:55:00+00:00,2019-06-17 01:55:00+00:00,0.0,41000.0,"POLYGON ((-104.41623064735289 43.971376244594566, -100.16000000000001 43.81171624231643, -101.56028013884807 42.55927851683499, -106.72870397901806 42.28771967541403, -104.41623064735289 43.971376244594566))"
34C,2019-06-16 23:55:00+00:00,2019-06-17 01:55:00+00:00,0.0,45000.0,"POLYGON ((-103.70156928034021 41.4890878810311, -100.18665198738566 40.50598304567661, -100.01685579043095 38.85910679185866, -104.39304886298393 40.01414880385706, -103.70156928034021 41.4890878810311))"
46W,2019-06-16 23:55:00+00:00,2019-06-17 01:55:00+00:00,0.0,33000.0,"POLYGON ((-110.02268375469482 48.94042355293693, -107.05068534822499 48.88707073618649, -107.68920174675571 47.499496280695915, -109.21178947962666 47.60379909578386, -110.02268375469482 48.94042355293693))"
44W,2019-06-16 23:55:00+00:00,2019-06-17 01:55:00+00:00,0.0,41000.0,"POLYGON ((-112.9969032740161 40.727487278402855, -113.64221929083561 37.23977437051145, -116.24850090025238 36.964922897051416, -114.52309672598392 40.727487278402855, -112.9969032740161 40.727487278402855))"
95E,2019-06-16 23:55:00+00:00,2019-06-17 01:55:00+00:00,0.0,45000.0,"POLYGON ((-86.28 39.72, -82.34179785035907 39.6886194788622, -82.52968086927974 37.20786087199587, -89.98 35.352737911472786, -91.3890942543931 37.282315926781074, -86.28 39.72))"
97E,2019-06-16 23:55:00+00:00,2019-06-17 01:55:00+00:00,0.0,38000.0,"POLYGON ((-79.68772347455695 28.383530149328113, -78.36017565993521 27.306171963528065, -79.15905003836006 26.67696566493167, -81.05360465960551 27.678859671358637, -80.81605302025197 28.34799481983138, -79.68772347455695 28.383530149328113))"
98E,2019-06-16 23:55:00+00:00,2019-06-17 01:55:00+00:00,0.0,45000.0,"POLYGON ((-81.8 24.59, -81.59071683080413 24.12874107566225, -82.57192140532622 23.882195511106563, -82.64302907886804 24.269323624401174, -81.8 24.59))"
35C,2019-06-16 23:55:00+00:00,2019-06-17 01:55:00+00:00,0.0,41000.0,"POLYGON ((-106.89484146539849 40.64662650021727, -104.66000000000001 40.475475822945576, -103.6 35.84547582294557, -104.4789939374784 33.45756097415807, -106.21041246030663 35.03847559772057, -106.89484146539849 40.64662650021727))"
37C,2019-06-16 23:55:00+00:00,2019-06-17 01:55:00+00:00,0.0,40000.0,"POLYGON ((-95.77713467448257 36.96759931321484, -94.50564181207379 35.850886294712616, -97.54116281019098 34.08210751330618, -97.15414507271706 36.602226178203644, -95.77713467448257 36.96759931321484))"
36C,2019-06-16 23:55:00+00:00,2019-06-17 01:55:00+00:00,0.0,45000.0,"POLYGON ((-94.19205173228609 35.23627007730984, -93.11 29.973631044263612, -95.35 29.294524177054427, -98.07810627503409 30.849418872141715, -97.17 34.37636895573639, -94.19205173228609 35.23627007730984))"
41C,2019-06-16 23:55:00+00:00,2019-06-17 01:55:00+00:00,0.0,36000.0,"POLYGON ((-92.673458557068 40.28367495524262, -90.19653330471573 39.84496021737435, -91.42817343430868 39.0619990367889, -93.35271878407029 39.53928381200256, -92.673458557068 40.28367495524262))"
45W,2019-06-16 23:55:00+00:00,2019-06-17 01:55:00+00:00,0.0,42000.0,"POLYGON ((-107.62723381974715 38.25753273038455, -108.09 35.57541730984526, -111.36201176035362 34.86770303400082, -114.40173504164744 35.82294241365848, -113.45940241133694 37.30231183329928, -107.62723381974715 38.25753273038455))"
47W,2019-06-16 23:55:00+00:00,2019-06-17 01:55:00+00:00,0.0,45000.0,"POLYGON ((-117.83953046295571 39.86049025763161, -116.29224755575727 37.9907539648352, -118.8632278638613 36.557825375138584, -121.0411331266848 39.711801794040966, -117.83953046295571 39.86049025763161))"
42W,2019-06-16 23:55:00+00:00,2019-06-17 01:55:00+00:00,0.0,36000.0,"POLYGON ((-114.87452030668871 48.39891412088235, -112.11213693892783 47.91843305222093, -113.30189975571645 46.98407675363511, -115.19642523300656 47.331770789025775, -114.87452030668871 48.39891412088235))"
43W,2019-06-16 23:55:00+00:00,2019-06-17 01:55:00+00:00,0.0,37000.0,"POLYGON ((-110.9357346961992 45.89963388125595, -105.95 45.714524177054436, -107.57152738490684 42.0266124678051, -114.49000000000001 42.97910686720917, -115.55253557672842 44.297541389087904, -110.9357346961992 45.89963388125595))"
5E,2019-06-17 00:55:00+00:00,2019-06-17 02:55:00+00:00,,,"POLYGON ((-82.52813563603684 40.35295307288791, -84.23712894446399 40.45373221378088, -84.27008933471106 40.4501709894214, -86.52478242978492 39.81606204872923, -84.2489024685614 40.25407905420076, -82.53990916013424 40.15329991330779, -86.47063517338819 39.62353133786807, -84.21594207831433 40.25764027856024, -82.52813563603684 40.35295307288791))"
6E,2019-06-17 00:55:00+00:00,2019-06-17 02:55:00+00:00,,,"POLYGON ((-77.90118432899186 41.05049439496113, -78.81782093832418 40.33238230584516, -80.80782093832417 40.0882012495122, -77.80564678740143 40.8747884526972, -78.78223122920478 40.34378491620208, -80.83217906167582 40.28671241248996, -78.84217906167582 40.53089346882292, -78.87776877079521 40.51949085846601, -77.90118432899186 41.05049439496113))"
5C,2019-06-17 00:55:00+00:00,2019-06-17 02:55:00+00:00,0.0,39000.0,"POLYGON ((-94.68966632276444 36.74999508128221, -93.7774726973524 35.554975936348974, -97.69444762816629 34.20888400333733, -97.25477268628487 36.56945808530502, -94.68966632276444 36.74999508128221))"
1C,2019-06-17 00:55:00+00:00,2019-06-17 02:55:00+00:00,0.0,41000.0,"POLYGON ((-100.68978900454142 43.079017021804276, -101.25164402843143 42.17577907953739, -106.1304043770079 41.64595430539509, -105.73279874178802 42.922719488892625, -100.68978900454142 43.079017021804276))"
8C,2019-06-17 00:55:00+00:00,2019-06-17 02:55:00+00:00,0.0,45000.0,"POLYGON ((-101.67852323887917 32.00897386320637, -98.46210582743345 30.708641881333847, -99.82 30.02171624231643, -102.76902270005931 31.703157094403018, -101.67852323887917 32.00897386320637))"
7C,2019-06-17 00:55:00+00:00,2019-06-17 02:55:00+00:00,0.0,36000.0,"POLYGON ((-91.10616365176476 39.79454531134559, -91.03697678493582 38.85867735263903, -91.87771653320685 38.698850505365996, -92.22 39.243712818262686, -91.10616365176476 39.79454531134559))"
4E,2019-06-17 00:55:00+00:00,2019-06-17 02:55:00+00:00,0.0,45000.0,"POLYGON ((-81.61703809862713 24.589889464733726, -81.15613847231714 24.00043193986088, -82.57192140532622 23.882195511106563, -82.47476600638134 24.33383181731258, -81.61703809862713 24.589889464733726))"
2E,2019-06-17 00:55:00+00:00,2019-06-17 02:55:00+00:00,0.0,39000.0,"POLYGON ((-83.73994109802422 31.188257217783516, -82.88048071823714 30.770941195465262, -83.43267814228359 29.59945114411255, -84.05657576268013 29.784852534521278, -83.73994109802422 31.188257217783516))"
3E,2019-06-17 00:55:00+00:00,2019-06-17 02:55:00+00:00,0.0,36000.0,"POLYGON ((-79.09496772306241 28.18234019871833, -78.36017565993521 27.306171963528065, -79.34523527425056 26.678058003974225, -79.79734241549319 27.423611960799473, -79.09496772306241 28.18234019871833))"
1E,2019-06-17 00:55:00+00:00,2019-06-17 02:55:00+00:00,0.0,45000.0,"POLYGON ((-81.78866142976469 39.892566070301626, -82.17243217147465 37.77531963365785, -89.02996777887955 35.784369232382, -91.90512709527358 36.42454854238829, -90.80425602170722 38.24473038299266, -81.78866142976469 39.892566070301626))"
3C,2019-06-17 00:55:00+00:00,2019-06-17 02:55:00+00:00,0.0,41000.0,"POLYGON ((-104.43 39.121844778681954, -103.6 35.67910686720917, -104.59744031943876 34.35241404465487, -105.8040432303194 35.035765667043, -106.05435615985198 38.76421312104478, -104.43 39.121844778681954))"
6C,2019-06-17 00:55:00+00:00,2019-06-17 02:55:00+00:00,0.0,45000.0,"POLYGON ((-89.36219157424698 33.13828250950137, -87.04469471153226 31.963265228540692, -89.11674504890887 29.528727933702225, -92.43385434104938 29.55006451683722, -91.48483455962217 32.048217220072466, -89.36219157424698 33.13828250950137))"
2C,2019-06-17 00:55:00+00:00,2019-06-17 02:55:00+00:00,0.0,45000.0,"POLYGON ((-102.98 41.59910686720918, -99.78202973047624 40.45186360664409, -100.42833236644896 39.196165079536634, -105.26841418125247 39.337843197327956, -102.98 41.59910686720918))"
4C,2019-06-17 00:55:00+00:00,2019-06-17 02:55:00+00:00,0.0,45000.0,"POLYGON ((-93.98223109754515 35.15437724078143, -92.56325681134877 30.6094298263139, -94.84104837561198 28.883088123032397, -98.07810627503409 30.849418872141715, -96.2082173390972 34.49632675181385, -93.98223109754515 35.15437724078143))"
3W,2019-06-17 00:55:00+00:00,2019-06-17 02:55:00+00:00,0.0,40000.0,"POLYGON ((-108.18799255752646 38.58788503531223, -106.19028280785649 38.44693150842778, -106.2947418945079 36.42681738449713, -109.4510159254994 35.034426750420714, -110.69092944960306 35.64804106634671, -108.18799255752646 38.58788503531223))"
4W,2019-06-17 00:55:00+00:00,2019-06-17 02:55:00+00:00,0.0,45000.0,"POLYGON ((-117.49747774474108 39.49261588178384, -115.87281922522111 38.24067053351646, -118.36419192284036 36.87112090665983, -120.70040051621665 38.43693260795357, -117.49747774474108 39.49261588178384))"
1W,2019-06-17 00:55:00+00:00,2019-06-17 02:55:00+00:00,0.0,37000.0,"POLYGON ((-110.00075657880876 46.30054235345548, -105.31641132413687 45.302292664146236, -106.67042884606956 42.04195873893053, -114.49000000000001 42.97910686720917, -115.55253557672842 44.297541389087904, -110.00075657880876 46.30054235345548))"
2W,2019-06-17 00:55:00+00:00,2019-06-17 02:55:00+00:00,0.0,45000.0,"POLYGON ((-113.14339213107891 40.25779063214721, -112.16791106668718 35.314422610986654, -115.92319230609489 36.33225021413456, -114.52941182250373 40.139230184832236, -113.14339213107891 40.25779063214721))"
9E,2019-06-17 01:55:00+00:00,2019-06-17 03:55:00+00:00,,,"POLYGON ((-75.12707663782217 39.26442335278791, -74.41705662950365 39.62637284541651, -74.21638625537658 39.53189411218324, -75.00518477798087 39.10585988125542, -74.3135141590722 39.63756505472017, -74.13119317435498 39.71284200232304, -74.33186354848205 39.80732073555632, -74.4354060189135 39.79612852625266, -75.12707663782217 39.26442335278791))"
11E,2019-06-17 01:55:00+00:00,2019-06-17 03:55:00+00:00,,,"POLYGON ((-77.16007107059795 40.5545079879716, -78.7985915632018 40.2615591558251, -80.31488533644699 40.57735994868329, -77.14836433433953 40.35485090112974, -78.77234857044468 40.25962986269514, -80.27410608719117 40.77315844926522, -78.75781231394598 40.45735765640703, -78.7840553067031 40.459286949537, -77.16007107059795 40.5545079879716))"
10E,2019-06-17 01:55:00+00:00,2019-06-17 03:55:00+00:00,0.0,38000.0,"POLYGON ((-84.82408792577237 40.3840919984165, -84.77212574837671 40.19096009499217, -87.35667788063192 39.49558582485156, -87.40864005802759 39.68871772827589, -84.82408792577237 40.3840919984165))"
14C,2019-06-17 01:55:00+00:00,2019-06-17 03:55:00+00:00,0.0,45000.0,"POLYGON ((-89.06360930232994 32.91399056122857, -88.36 31.30828375768358, -89.88225654171822 29.747720681443706, -90.1 32.43, -89.06360930232994 32.91399056122857))"
15C,2019-06-17 01:55:00+00:00,2019-06-17 03:55:00+00:00,0.0,32000.0,"POLYGON ((-91.13643082315136 39.582779069827716, -90.85132041457423 38.859412152131846, -92.07853043043956 38.54278228688097, -92.22 38.9545709394209, -91.13643082315136 39.582779069827716))"
13C,2019-06-17 01:55:00+00:00,2019-06-17 03:55:00+00:00,0.0,37000.0,"POLYGON ((-95.33835327059185 36.89278720502112, -93.33 36.637145302895526, -94.0198400285355 35.18528775958156, -96.45019722374622 35.97688566975663, -95.33835327059185 36.89278720502112))"
9C,2019-06-17 01:55:00+00:00,2019-06-17 03:55:00+00:00,0.0,44000.0,"POLYGON ((-104.89436380489916 43.08164035261495, -103.02839718276444 42.690518759260534, -104.25679492030532 41.887382557712264, -105.72377960639103 42.67973916266076, -104.89436380489916 43.08164035261495))"
7E,2019-06-17 01:55:00+00:00,2019-06-17 03:55:00+00:00,0.0,45000.0,"POLYGON ((-83.79129278632804 39.82861816259039, -83.65225093394854 38.19180329451304, -87.7100097957465 36.13559036143849, -91.53597742510217 36.5791390401417, -91.20507588307635 37.984327291508095, -83.79129278632804 39.82861816259039))"
8E,2019-06-17 01:55:00+00:00,2019-06-17 03:55:00+00:00,0.0,45000.0,"POLYGON ((-82.83820214964094 39.6886194788622, -80.57226368324963 39.55862069634339, -81.3146397607615 37.84350662346484, -83.81436312328691 37.264915011127606, -82.83820214964094 39.6886194788622))"
11C,2019-06-17 01:55:00+00:00,2019-06-17 03:55:00+00:00,0.0,42000.0,"POLYGON ((-104.98859526101656 39.194714966818175, -103.58215914232034 38.28694906440312, -103.29848560657396 33.57691182784401, -105.04074452348908 32.98636818345616, -107.05199703644213 36.73549266106669, -104.98859526101656 39.194714966818175))"
10C,2019-06-17 01:55:00+00:00,2019-06-17 03:55:00+00:00,0.0,45000.0,"POLYGON ((-100.828241123569 42.821619203865964, -98.9726290308528 40.907752625200835, -100.82391369050924 39.06748970489262, -103.5918916827497 39.390741605151966, -103.48 42.389106867209186, -100.828241123569 42.821619203865964))"
16C,2019-06-17 01:55:00+00:00,2019-06-17 03:55:00+00:00,0.0,45000.0,"POLYGON ((-101.79760156332466 32.009396041398844, -98.35416804982187 31.083258342505104, -98.99154167604539 29.829940069245925, -102.41412453647303 31.5486882144357, -101.79760156332466 32.009396041398844))"
12C,2019-06-17 01:55:00+00:00,2019-06-17 03:55:00+00:00,0.0,45000.0,"POLYGON ((-94.35141873228052 33.274400425435914, -92.81733287662304 29.524855935199767, -93.69179473095363 28.909078579739848, -97.91569651594695 30.379433610004686, -97.32087489072435 33.104967577383995, -94.35141873228052 33.274400425435914))"
6W,2019-06-17 01:55:00+00:00,2019-06-17 03:55:00+00:00,0.0,43000.0,"POLYGON ((-114.45202577285426 39.42665645939684, -111.71879402220321 37.497572236376115, -113.97608007105325 35.97213740854439, -115.9847334327212 36.542878782015435, -114.45202577285426 39.42665645939684))"
5W,2019-06-17 01:55:00+00:00,2019-06-17 03:55:00+00:00,0.0,39000.0,"POLYGON ((-110.22483324697738 46.59738370492382, -104.9413946890793 45.049085742822754, -106.67042884606956 42.04195873893053, -115.13287629472515 42.948774308550135, -115.94308922974695 44.30857291307928, -110.22483324697738 46.59738370492382))"
7W,2019-06-17 01:55:00+00:00,2019-06-17 03:55:00+00:00,0.0,42000.0,"POLYGON ((-117.99092825476505 39.74153843914938, -116.00972122452049 37.3859164620757, -118.57213884942861 36.873476424307285, -120.48801756577417 38.43520728750607, -117.99092825476505 39.74153843914938))"
GOLF 1,2019-06-17 02:00:00+00:00,2019-06-17 06:00:00+00:00,29000.0,38000.0,"POLYGON ((-176 48, 180 48, -179.45 33.15, -174.45 34.15, -176 48))"
14E,2019-06-17 02:55:00+00:00,2019-06-17 04:55:00+00:00,,,"POLYGON ((-73.84194921664046 39.72512682591938, -74.13726850202518 39.68171084733589, -74.17802056934566 39.66609434397387, -74.82775154422478 39.2348867928291, -74.1081784451505 39.483837734986, -73.81285915976578 39.52725371356949, -74.71715735270914 39.06824668720324, -74.06742637783002 39.49945423834802, -73.84194921664046 39.72512682591938))"
15E,2019-06-17 02:55:00+00:00,2019-06-17 04:55:00+00:00,,,"POLYGON ((-84.21278821177589 40.38635130737303, -87.1068698901252 39.38992205105344, -88.86152797393555 39.4167358995351, -84.15992425986303 40.19346428710429, -87.07890994023323 39.3934668667159, -88.85847202606448 39.61671255112876, -87.10381394225412 39.5898987026471, -87.13177389214609 39.58635388698464, -84.21278821177589 40.38635130737303))"
13E,2019-06-17 02:55:00+00:00,2019-06-17 04:55:00+00:00,0.0,45000.0,"POLYGON ((-81.38633016308411 40.018621626831354, -78.54202070422784 39.7853769324327, -81.6345212270413 37.36997028636946, -83.2050855021032 37.74216770931573, -81.38633016308411 40.018621626831354))"
17C,2019-06-17 02:55:00+00:00,2019-06-17 04:55:00+00:00,0.0,39000.0,"POLYGON ((-105.09228316742045 43.08385806470935, -102.39789538720642 42.21688557871865, -102.94313699994932 41.72277317742848, -104.77 41.78828375768358, -105.09228316742045 43.08385806470935))"
23C,2019-06-17 02:55:00+00:00,2019-06-17 04:55:00+00:00,0.0,45000.0,"POLYGON ((-101.56145958615454 31.78715024790566, -99.19787994136524 30.819819914120085, -98.92178334766544 29.80517478812073, -102.66887851403955 30.838977591758326, -101.56145958615454 31.78715024790566))"
21C,2019-06-17 02:55:00+00:00,2019-06-17 04:55:00+00:00,0.0,38000.0,"POLYGON ((-94.83719203114421 37.15944702872854, -93.58219695388934 36.248796386933066, -93.94187300740062 35.500206411032785, -96.04402730147034 36.40418606498418, -94.83719203114421 37.15944702872854))"
20C,2019-06-17 02:55:00+00:00,2019-06-17 04:55:00+00:00,0.0,45000.0,"POLYGON ((-95.11030646463465 33.50565249331188, -92.64743753828544 29.97321448923831, -93.67891582966323 28.936678513136577, -98.71598134464557 30.174018711206724, -98.66040399394547 32.47431103603906, -95.11030646463465 33.50565249331188))"
22C,2019-06-17 02:55:00+00:00,2019-06-17 04:55:00+00:00,0.0,45000.0,"POLYGON ((-88.51 33.20085812115821, -88.20470472521691 30.6745826520639, -89.69234801042859 29.738993627144485, -90.1 32.71914187884178, -88.51 33.20085812115821))"
12E,2019-06-17 02:55:00+00:00,2019-06-17 04:55:00+00:00,0.0,45000.0,"POLYGON ((-84.28870721367196 39.82861816259039, -83.01981883374182 39.06416854423543, -83.66585328888475 37.38209581838609, -88.58727546766781 36.60598089917474, -88.7385531450642 38.24428950742302, -84.28870721367196 39.82861816259039))"
18C,2019-06-17 02:55:00+00:00,2019-06-17 04:55:00+00:00,0.0,45000.0,"POLYGON ((-100.62417737049861 42.097681064228084, -98.81781081289273 41.02612794572446, -100.82391369050924 39.06748970489262, -103.93700186906663 39.21120396952538, -102.5712684589607 41.22661187148692, -100.62417737049861 42.097681064228084))"
19C,2019-06-17 02:55:00+00:00,2019-06-17 04:55:00+00:00,0.0,45000.0,"POLYGON ((-103.97669614148178 35.306750451660314, -103.22276016315152 33.730877293526476, -103.62431443531193 33.33602754337187, -105.32887894529699 33.926192836898785, -105.5280854558156 34.89085105100741, -103.97669614148178 35.306750451660314))"
10W,2019-06-17 02:55:00+00:00,2019-06-17 04:55:00+00:00,0.0,37000.0,"POLYGON ((-118.47089869720155 39.141925550117854, -117.1366340729856 37.99830161352744, -118.363350388536 37.52794270066945, -119.65999999999998 38.53178626558165, -118.47089869720155 39.141925550117854))"
8W,2019-06-17 02:55:00+00:00,2019-06-17 04:55:00+00:00,0.0,36000.0,"POLYGON ((-112.91570489434017 45.86424025152738, -111.68062111094915 44.992025641022735, -113.72353765089818 44.40462214768829, -114.94591098430517 44.762052011952925, -112.91570489434017 45.86424025152738))"
9W,2019-06-17 02:55:00+00:00,2019-06-17 04:55:00+00:00,0.0,40000.0,"POLYGON ((-113.99006048170043 39.296836914775156, -111.45906417155736 37.68701421784924, -113.85572080933926 36.23440880477919, -115.71118460821371 36.79548280732911, -113.99006048170043 39.296836914775156))"
MIKE 1,2019-06-17 03:30:00+00:00,2019-06-17 07:30:00+00:00,0.0,45000.0,"POLYGON ((-79 26.3, -75.3 23.3, -75.45 22.3, -79 24.45, -79 26.3))"
18E,2019-06-17 03:55:00+00:00,2019-06-17 05:55:00+00:00,,,"POLYGON ((-71.95435068031348 40.68995266102753, -72.27131458498755 40.27446223555493, -74.53553300984824 39.01245280158756, -71.8538631199849 40.5170299898152, -72.2697562198357 40.27534922772363, -74.63290383987312 39.1871494571373, -72.36868541501244 40.44915889110467, -72.37024378016429 40.44827189893596, -71.95435068031348 40.68995266102753))"
25C,2019-06-17 03:55:00+00:00,2019-06-17 05:55:00+00:00,0.0,43000.0,"POLYGON ((-100.88534485538337 40.947693669751715, -100.02216920969283 40.19861281062765, -100.3723647149429 38.992780906503185, -103.98690504844771 37.566052895301496, -104.14594980804895 38.823923279548055, -100.88534485538337 40.947693669751715))"
26C,2019-06-17 03:55:00+00:00,2019-06-17 05:55:00+00:00,0.0,45000.0,"POLYGON ((-104.63928227870083 35.25005345411433, -103.36626516590256 34.4988718127511, -103.92780615443608 33.33808015740791, -105.48368012446501 34.05260664690216, -104.63928227870083 35.25005345411433))"
17E,2019-06-17 03:55:00+00:00,2019-06-17 05:55:00+00:00,0.0,44000.0,"POLYGON ((-81.22216093339668 40.14663890851792, -78.49898910900467 39.70470651808565, -81.00587277088148 37.324914211774725, -82.59302549411288 37.672705993824664, -81.22216093339668 40.14663890851792))"
16E,2019-06-17 03:55:00+00:00,2019-06-17 05:55:00+00:00,0.0,45000.0,"POLYGON ((-84.04 40.62273791147279, -82.18857484306923 40.02197295814105, -82.94898922779338 37.406356199840886, -87.68867892587713 36.923464558574686, -88.36043152924202 38.399041526900064, -84.04 40.62273791147279))"
28C,2019-06-17 03:55:00+00:00,2019-06-17 05:55:00+00:00,0.0,34000.0,"POLYGON ((-94.61994162044762 37.349587941109924, -93.50111052195068 36.24840607562531, -94.12 35.917262088527224, -96.10809675674936 36.81439993308308, -94.61994162044762 37.349587941109924))"
29C,2019-06-17 03:55:00+00:00,2019-06-17 05:55:00+00:00,0.0,45000.0,"POLYGON ((-108.56115104299123 42.99858681949768, -105.93473068330248 42.47465831949591, -106.74859294091132 41.653767063541366, -108.58922134405637 42.35772600282377, -108.56115104299123 42.99858681949768))"
24C,2019-06-17 03:55:00+00:00,2019-06-17 05:55:00+00:00,0.0,43000.0,"POLYGON ((-103.04714899444285 42.65771748292251, -102.3626351763203 41.88458415455579, -103.65023067380693 41.5824642037497, -104.77 42.04184477868197, -103.04714899444285 42.65771748292251))"
27C,2019-06-17 03:55:00+00:00,2019-06-17 05:55:00+00:00,0.0,45000.0,"POLYGON ((-95.59278718736687 33.123042573428044, -92.81366308186142 30.754486775385548, -93.11 28.642679398372472, -99.88545931363056 29.675415091848656, -102.39803548748212 30.948696402189565, -95.59278718736687 33.123042573428044))"
21E,2019-06-17 04:55:00+00:00,2019-06-17 06:55:00+00:00,,,"POLYGON ((-71.93228019264083 40.62397975873984, -71.97511539001222 40.25924035794677, -74.03515589280629 39.45008086450365, -71.77251547912664 40.50366668249401, -71.93179270716989 40.29216115456892, -74.10827524063582 39.63623553399378, -72.04823473784175 40.4453950274369, -72.09155742068408 40.41247423081474, -71.93228019264083 40.62397975873984))"
20E,2019-06-17 04:55:00+00:00,2019-06-17 06:55:00+00:00,0.0,41000.0,"POLYGON ((-76.79851841492165 39.654855807969206, -74.7917534467398 39.488801270568445, -74.80824655326019 39.28948248711514, -76.81501152144203 39.4555370245159, -76.79851841492165 39.654855807969206))"
31C,2019-06-17 04:55:00+00:00,2019-06-17 06:55:00+00:00,0.0,45000.0,"POLYGON ((-103.72491494539217 35.07770875869441, -102.90723943306577 34.63354772374766, -103.81807113138879 33.61404962163371, -104.62 34.20742563652537, -103.72491494539217 35.07770875869441))"
30C,2019-06-17 04:55:00+00:00,2019-06-17 06:55:00+00:00,0.0,43000.0,"POLYGON ((-101.15783079030716 40.19861281062765, -101.17029580084211 39.55482011906384, -103.6 37.83828375768358, -103.90606572677103 38.697746390683385, -101.15783079030716 40.19861281062765))"
19E,2019-06-17 04:55:00+00:00,2019-06-17 06:55:00+00:00,0.0,45000.0,"POLYGON ((-84.2921243093654 40.75084200960281, -77.57922937636404 39.68946409543577, -85.15 35.95821373441836, -86.44 37.76184477868196, -84.2921243093654 40.75084200960281))"
34C,2019-06-17 04:55:00+00:00,2019-06-17 06:55:00+00:00,0.0,45000.0,"POLYGON ((-108.03884895700877 42.99858681949768, -105.48221051056439 42.49900961081331, -106.16317209119403 41.33915001415225, -108.50180500955042 42.51107563774263, -108.03884895700877 42.99858681949768))"
33C,2019-06-17 04:55:00+00:00,2019-06-17 06:55:00+00:00,0.0,34000.0,"POLYGON ((-94.6058430501672 37.62908336415014, -93.03491302953867 37.12435176671056, -93.70740389766979 36.24929158266429, -95.5850817857034 37.032043322811624, -94.6058430501672 37.62908336415014))"
32C,2019-06-17 04:55:00+00:00,2019-06-17 06:55:00+00:00,0.0,45000.0,"POLYGON ((-101.04325951123346 32.47446493334528, -92.35055295314753 31.5673233176737, -93.11 28.642679398372472, -101.17634444960974 29.712306022433808, -101.04325951123346 32.47446493334528))"
GOLF 2,2019-06-17 05:30:00+00:00,2019-06-17 09:30:00+00:00,29000.0,38000.0,"POLYGON ((-175.15 48, 180 48, -179 33.15, -174.45 33.45, -175.15 48))"
23E,2019-06-17 05:55:00+00:00,2019-06-17 07:55:00+00:00,,,"POLYGON ((-83.88812555258518 40.38975542786047, -80.89225959215335 40.02447872183802, -77.14106806753212 39.4012625117891, -83.8991619757759 40.19006016661685, -80.88138863024923 40.02327892440075, -77.10828972053316 39.59855817815817, -80.8594812451544 40.22177438820709, -80.87035220705852 40.22297418564437, -83.88812555258518 40.38975542786047))"
24E,2019-06-17 05:55:00+00:00,2019-06-17 07:55:00+00:00,,,"POLYGON ((-74.98365211486946 39.31344413104409, -73.79147278865689 39.6995980038745, -73.80278596596041 39.69515728368766, -72.08161660532681 40.49465212526391, -73.72984389551202 39.5093300887397, -74.92202322172459 39.12317621590931, -71.9973613575749 40.3132656505028, -73.7185307182085 39.51377080892654, -74.98365211486946 39.31344413104409))"
22E,2019-06-17 05:55:00+00:00,2019-06-17 07:55:00+00:00,0.0,45000.0,"POLYGON ((-83.2188322774304 39.1259946821082, -80.49576852684028 39.03666581518671, -84.6514368539167 36.152266145683434, -85.29209587804843 36.54246587941211, -83.2188322774304 39.1259946821082))"
37C,2019-06-17 05:55:00+00:00,2019-06-17 07:55:00+00:00,0.0,45000.0,"POLYGON ((-107.65671750507657 42.98762576675823, -105.16732246430921 42.26108124373157, -105.63540143789614 41.18626411203833, -108.06580794768904 42.291924207960676, -107.65671750507657 42.98762576675823))"
36C,2019-06-17 05:55:00+00:00,2019-06-17 07:55:00+00:00,0.0,45000.0,"POLYGON ((-100.28001260696541 32.83222496003222, -91.4482210374633 30.78732594917064, -94.04841832680896 28.138501521682947, -101.47719140418367 29.61280135552095, -100.28001260696541 32.83222496003222))"
35C,2019-06-17 05:55:00+00:00,2019-06-17 07:55:00+00:00,0.0,40000.0,"POLYGON ((-103.48 42.389106867209186, -101.63240377032213 41.04663469567416, -100.87459499565706 39.25822327103064, -102.93460050215498 38.66086163624919, -103.48 42.389106867209186))"
26E,2019-06-17 06:55:00+00:00,2019-06-17 08:55:00+00:00,,,"POLYGON ((-83.78154941706161 40.47436644457172, -80.31653474085043 40.7162861999304, -77.04606390932317 39.35609397115181, -83.7569046047479 40.27589066966198, -80.26581103918353 40.70938108294816, -76.96926131830308 39.54075951209706, -80.23973214983035 40.90095174087565, -80.29045585149724 40.90785685785789, -83.78154941706161 40.47436644457172))"
27E,2019-06-17 06:55:00+00:00,2019-06-17 08:55:00+00:00,,,"POLYGON ((-74.55027752330591 39.91671507272557, -73.80233136929456 39.72299602242463, -73.8655735136205 39.71861917538105, -71.7873327260325 40.5768468950621, -73.85247700711167 39.52938451706424, -74.60042316112302 39.72310356736518, -71.71099407519773 40.39198908378887, -73.78923486278573 39.53376136410782, -74.55027752330591 39.91671507272557))"
25E,2019-06-17 06:55:00+00:00,2019-06-17 08:55:00+00:00,0.0,45000.0,"POLYGON ((-80.4033722994769 39.144889334487225, -84.20685931758786 36.51440453849651, -87.24959332346529 35.94765038022213, -87.7100097957465 36.13559036143849, -82.03 38.916368955736395, -80.4033722994769 39.144889334487225))"
39C,2019-06-17 06:55:00+00:00,2019-06-17 08:55:00+00:00,0.0,45000.0,"POLYGON ((-100.59088404073808 32.73255585949597, -91.83610582025322 30.669903612897098, -94.04870196712392 27.91352960498772, -99.89097089581738 29.03878587607854, -100.59088404073808 32.73255585949597))"
40C,2019-06-17 06:55:00+00:00,2019-06-17 08:55:00+00:00,0.0,45000.0,"POLYGON ((-106.28 43.589106867209196, -104.45776816085792 43.07554145562987, -105.55119927071922 41.0324666108411, -107.77965903333937 41.9653571372671, -106.28 43.589106867209196))"
38C,2019-06-17 06:55:00+00:00,2019-06-17 08:55:00+00:00,0.0,45000.0,"POLYGON ((-103.30812298260119 42.19728196833578, -101.21548586148344 40.69613889059496, -100.82715875571198 39.44947717561415, -103.0050416445513 37.72907798010899, -103.30812298260119 42.19728196833578))"
MIKE 2,2019-06-17 07:00:00+00:00,2019-06-17 11:00:00+00:00,0.0,48000.0,"POLYGON ((-77.15 25.45, -75.15 23.45, -76 22.3, -78 24, -77.15 25.45))"
29E,2019-06-17 07:55:00+00:00,2019-06-17 09:55:00+00:00,,,"POLYGON ((-82.75024171113175 40.50574972871839, -80.19103240014324 40.84045697877672, -76.65588659944252 39.40677047243722, -82.71028765962096 40.30978117571085, -80.13347317277746 40.83514188874891, -76.58072219622174 39.59210884538914, -80.11586799692246 41.02579535172864, -80.17342722428825 41.03111044175645, -82.75024171113175 40.50574972871839))"
31E,2019-06-17 07:55:00+00:00,2019-06-17 09:55:00+00:00,0.0,43000.0,"POLYGON ((-82.6731274645978 26.195271487277914, -80.84530087005747 25.28777385273359, -81.21141014158597 24.810154482990676, -83.80395292100026 26.269910764870556, -82.6731274645978 26.195271487277914))"
30E,2019-06-17 07:55:00+00:00,2019-06-17 09:55:00+00:00,0.0,39000.0,"POLYGON ((-71.30783809175034 40.597229995310826, -71.73958955654903 39.84259801456907, -71.0990111966572 39.27681015139469, -74.18297446786144 39.358622560509886, -73.77 40.463631044263614, -71.30783809175034 40.597229995310826))"
32E,2019-06-17 07:55:00+00:00,2019-06-17 09:55:00+00:00,0.0,36000.0,"POLYGON ((-79.36281421450062 27.675438843385773, -78.06274229849522 25.783188621498848, -79.08942577615537 25.349494405187173, -80.60519661227653 26.488071277098406, -79.36281421450062 27.675438843385773))"
28E,2019-06-17 07:55:00+00:00,2019-06-17 09:55:00+00:00,0.0,41000.0,"POLYGON ((-81.1495824883655 39.40471150290264, -79.45859512704347 38.90824531068147, -83.524182979504 36.55799405122124, -87.44378093391809 36.39224488726232, -82.48030684743435 38.39621229948763, -81.1495824883655 39.40471150290264))"
42C,2019-06-17 07:55:00+00:00,2019-06-17 09:55:00+00:00,0.0,45000.0,"POLYGON ((-99.93560133738796 32.63368228509672, -92.16561299927645 29.313136185217296, -95.11427998141316 27.695978643763755, -97.44 28.232737911472782, -100.8105267911084 31.49682920279749, -99.93560133738796 32.63368228509672))"
41C,2019-06-17 07:55:00+00:00,2019-06-17 09:55:00+00:00,0.0,43000.0,"POLYGON ((-106.90944799765116 42.89727179389724, -100.34161787620462 39.7386190093792, -100.89737968412349 39.13263958934428, -106.9555050190518 41.71541548608721, -106.90944799765116 42.89727179389724))"
34E,2019-06-17 08:55:00+00:00,2019-06-17 10:55:00+00:00,0.0,43000.0,"POLYGON ((-84.10008087615607 26.81844441120513, -81.30104037320453 25.414440217940218, -82.15226527965021 25.35811317607286, -83.73133591168641 26.336271200575712, -84.10008087615607 26.81844441120513))"
35E,2019-06-17 08:55:00+00:00,2019-06-17 10:55:00+00:00,0.0,39000.0,"POLYGON ((-79.87084140091446 29.73994642773686, -78.22819914450551 26.667863783618706, -79.93818753645583 25.92693358338929, -80.15614644654264 29.29661144503285, -79.87084140091446 29.73994642773686))"
33E,2019-06-17 08:55:00+00:00,2019-06-17 10:55:00+00:00,0.0,38000.0,"POLYGON ((-80.1 39.57547582294556, -80.06756782852536 37.77531963365785, -86.28962017670557 35.3708399752367, -87.1189897732137 36.49212224709734, -80.1 39.57547582294556))"
43C,2019-06-17 08:55:00+00:00,2019-06-17 10:55:00+00:00,0.0,45000.0,"POLYGON ((-100.45 32.03547582294557, -91.59365920240424 29.86485148460848, -95.59412167759774 27.221068773946314, -97.36806182717743 27.746276456047113, -100.45 32.03547582294557))"
GOLF 3,2019-06-17 09:00:00+00:00,2019-06-17 13:00:00+00:00,29000.0,38000.0,"POLYGON ((-178 45.3, -174 45.3, -174 33.45, -178 33.45, -178 45.3))"
37E,2019-06-17 09:55:00+00:00,2019-06-17 11:55:00+00:00,0.0,43000.0,"POLYGON ((-83.59941969077893 27.008802494670114, -81.53379442271535 25.99552441694599, -82.16743181149891 25.390949368690812, -83.57781130248443 26.476197794614915, -83.59941969077893 27.008802494670114))"
36E,2019-06-17 09:55:00+00:00,2019-06-17 11:55:00+00:00,0.0,38000.0,"POLYGON ((-82.94898922779338 37.406356199840886, -82.8667559692422 37.025946366629825, -85.64999020425351 36.13559036143849, -86.24787817114547 36.8661785981093, -82.94898922779338 37.406356199840886))"
38E,2019-06-17 09:55:00+00:00,2019-06-17 11:55:00+00:00,0.0,43000.0,"POLYGON ((-79.96538687754567 29.295120554181896, -78.79928014299323 27.66973798985201, -79.30487910356018 25.972002635340605, -79.87709734847402 26.218726895225966, -79.96538687754567 29.295120554181896))"
44C,2019-06-17 09:55:00+00:00,2019-06-17 11:55:00+00:00,0.0,45000.0,"POLYGON ((-100.2767316770249 32.12639114916932, -97.95671399586817 31.06995703664485, -98.99154167604539 29.829940069245925, -100.1776144409752 30.72684432285914, -100.2767316770249 32.12639114916932))"
45C,2019-06-17 09:55:00+00:00,2019-06-17 11:55:00+00:00,0.0,45000.0,"POLYGON ((-97.14430348405305 30.379433610004686, -91.8434001766788 30.008310933543626, -93.11 27.977203575426895, -97.83804421273247 27.54650673740423, -97.14430348405305 30.379433610004686))"
40E,2019-06-17 10:55:00+00:00,2019-06-17 12:55:00+00:00,0.0,41000.0,"POLYGON ((-79.89002798325157 28.851859291279634, -78.66905525749983 28.33198082399619, -78.5879179705453 27.225337714382924, -80.23886556185559 28.21403789833526, -79.89002798325157 28.851859291279634))"
46C,2019-06-17 10:55:00+00:00,2019-06-17 12:55:00+00:00,0.0,45000.0,"POLYGON ((-101.99340239903928 32.41054689499933, -97.86722829561282 31.147473050320073, -98.92178334766544 29.80517478812073, -101.99511387764633 31.609152538286697, -101.99340239903928 32.41054689499933))"
39E,2019-06-17 10:55:00+00:00,2019-06-17 12:55:00+00:00,0.0,45000.0,"POLYGON ((-82.94898922779338 37.406356199840886, -83.01546578347724 37.142586036432675, -85.23803814396068 36.131357487269696, -85.47457910984734 37.24443338509137, -82.94898922779338 37.406356199840886))"
42E,2019-06-17 10:55:00+00:00,2019-06-17 12:55:00+00:00,0.0,45000.0,"POLYGON ((-80.09 27.17910686720918, -78.78669224824179 26.674052879508793, -78.06274229849522 25.783188621498848, -79.56552150578052 26.20847576277964, -80.09 27.17910686720918))"
41E,2019-06-17 10:55:00+00:00,2019-06-17 12:55:00+00:00,0.0,44000.0,"POLYGON ((-84.04905865282791 27.391987640929162, -82.1518975659114 26.529517657752923, -82.20358956357671 25.607146818438366, -84.10008087615607 26.81844441120513, -84.04905865282791 27.391987640929162))"
47C,2019-06-17 10:55:00+00:00,2019-06-17 12:55:00+00:00,0.0,45000.0,"POLYGON ((-91.8434001766788 30.008310933543626, -93.11 27.977203575426895, -97.44 27.068155221318037, -97.36585252328616 29.13789487785986, -91.8434001766788 30.008310933543626))"
46E,2019-06-17 11:55:00+00:00,2019-06-17 13:55:00+00:00,0.0,45000.0,"POLYGON ((-79.53995786936207 25.521504637156102, -79.67223960418944 24.463082130579462, -80.04666107383566 23.915982850192126, -80.8460756492823 24.58699525391474, -79.53995786936207 25.521504637156102))"
45E,2019-06-17 11:55:00+00:00,2019-06-17 13:55:00+00:00,0.0,45000.0,"POLYGON ((-84.04905865282791 27.391987640929162, -82.1518975659114 26.529517657752923, -82.20358956357671 25.607146818438366, -84.10008087615607 26.81844441120513, -84.04905865282791 27.391987640929162))"
44E,2019-06-17 11:55:00+00:00,2019-06-17 13:55:00+00:00,0.0,45000.0,"POLYGON ((-80.05492341585561 28.601548608159696, -77.86366744383696 28.610195383562644, -77.87801023231266 25.780270568716933, -79.87709734847402 26.218726895225966, -80.05492341585561 28.601548608159696))"
43E,2019-06-17 11:55:00+00:00,2019-06-17 13:55:00+00:00,0.0,39000.0,"POLYGON ((-86.91632679447427 37.92698828417791, -83.53094278749766 37.219594591654314, -84.42645233611516 36.41475897846102, -86.88355589291147 37.28209881891041, -86.91632679447427 37.92698828417791))"
49C,2019-06-17 11:55:00+00:00,2019-06-17 13:55:00+00:00,0.0,45000.0,"POLYGON ((-91.6860921257889 30.47943134191858, -92.19685027122722 28.399676889285463, -97.38 26.585475822945575, -98.1929908513793 27.897953807176233, -91.6860921257889 30.47943134191858))"
48C,2019-06-17 11:55:00+00:00,2019-06-17 13:55:00+00:00,0.0,45000.0,"POLYGON ((-101.64507134293633 32.19983554356206, -97.82707999446383 30.99448355733466, -98.18992729684344 29.404445190405358, -101.63788923533468 31.53824102870433, -101.64507134293633 32.19983554356206))"
52C,2019-06-17 12:55:00+00:00,2019-06-17 14:55:00+00:00,0.0,40000.0,"POLYGON ((-93.25323106065414 39.13740980733712, -92.15978754428897 36.96694898122989, -94.12 36.683712818262684, -94.27741844451972 38.6705071266076, -93.25323106065414 39.13740980733712))"
48E,2019-06-17 12:55:00+00:00,2019-06-17 14:55:00+00:00,0.0,45000.0,"POLYGON ((-80.4067456818193 29.043491787627, -77.86366744383696 28.610195383562644, -78.06274229849522 25.783188621498848, -80.28 25.467262088527217, -80.4067456818193 29.043491787627))"
49E,2019-06-17 12:55:00+00:00,2019-06-17 14:55:00+00:00,0.0,45000.0,"POLYGON ((-84.40914502331523 27.262553444255794, -81.64837893093764 26.647580179048138, -81.8 24.922737911472787, -83.66981819575396 25.27875136274062, -84.40914502331523 27.262553444255794))"
50E,2019-06-17 12:55:00+00:00,2019-06-17 14:55:00+00:00,0.0,45000.0,"POLYGON ((-79.25895962679549 25.414440217940218, -79.444141645063 23.953169938557586, -81.02807859467377 23.882195511106563, -80.70225120345002 24.586020889740663, -79.25895962679549 25.414440217940218))"
47E,2019-06-17 12:55:00+00:00,2019-06-17 14:55:00+00:00,0.0,41000.0,"POLYGON ((-86.0306551988418 38.452063200793475, -82.59334534801955 37.770826915389044, -83.72557525844441 36.90204625391, -86.44 37.595475822945566, -86.0306551988418 38.452063200793475))"
51C,2019-06-17 12:55:00+00:00,2019-06-17 14:55:00+00:00,0.0,45000.0,"POLYGON ((-91.16333000123778 30.597569365301997, -93.11 26.97898984100855, -98.16954681085284 26.623699920561336, -97.36785717513483 28.053686085679313, -91.16333000123778 30.597569365301997))"
50C,2019-06-17 12:55:00+00:00,2019-06-17 14:55:00+00:00,0.0,45000.0,"POLYGON ((-100.41492304560786 32.00821909695236, -97.53 30.71273791147279, -98.67875758657176 29.178705907425243, -101.16812651666069 31.113332600325847, -100.41492304560786 32.00821909695236))"
ALFA 1,2019-06-17 13:00:00+00:00,2019-06-17 17:00:00+00:00,0.0,47000.0,"POLYGON ((-92.15 29.15, -91.15 28, -95.3 26, -96.3 27.15, -92.15 29.15))"
BRAVO 1,2019-06-17 13:15:00+00:00,2019-06-17 17:15:00+00:00,0.0,40000.0,"POLYGON ((-61.3 41.15, -59.15 40.3, -65.3 38, -66.45 39.15, -61.3 41.15))"
51E,2019-06-17 13:55:00+00:00,2019-06-17 15:55:00+00:00,0.0,38000.0,"POLYGON ((-85.58 38.53371281826268, -83.14219414213609 38.744730389518956, -84.11 37.463712818262685, -85.23164813791327 37.43165303228569, -85.58 38.53371281826268))"
55C,2019-06-17 13:55:00+00:00,2019-06-17 15:55:00+00:00,0.0,43000.0,"POLYGON ((-92.36146956956046 38.54278228688097, -91.43518141548834 37.04398936994461, -93.33 36.78171624231642, -93.7174257292498 37.66605061224992, -92.36146956956046 38.54278228688097))"
54E,2019-06-17 13:55:00+00:00,2019-06-17 15:55:00+00:00,0.0,45000.0,"POLYGON ((-79.25895962679549 25.414440217940218, -79.5128567803571 24.10724738331726, -81.02807859467377 23.882195511106563, -81.1500602686632 25.176804459684146, -79.25895962679549 25.414440217940218))"
52E,2019-06-17 13:55:00+00:00,2019-06-17 15:55:00+00:00,0.0,45000.0,"POLYGON ((-79.33647472704759 29.924948248318806, -77.70047740192894 25.768728893325953, -80.01918559080688 25.564486356748745, -80.4067456818193 29.043491787627, -79.33647472704759 29.924948248318806))"
53E,2019-06-17 13:55:00+00:00,2019-06-17 15:55:00+00:00,0.0,45000.0,"POLYGON ((-84.5625264528548 27.89720728744805, -81.78 26.53, -81.37674800908502 25.511635231589047, -83.66981819575396 25.27875136274062, -84.5625264528548 27.89720728744805))"
54C,2019-06-17 13:55:00+00:00,2019-06-17 15:55:00+00:00,0.0,45000.0,"POLYGON ((-91.44728784707017 30.172507489061243, -92.19685027122722 28.399676889285463, -95.83444405140816 26.484788496089298, -97.38 25.92, -98.4986280808861 26.653488576999436, -94.98536704089454 29.19097370021501, -91.44728784707017 30.172507489061243))"
53C,2019-06-17 13:55:00+00:00,2019-06-17 15:55:00+00:00,0.0,45000.0,"POLYGON ((-99.9088440199936 31.559864288047677, -97.30963483202318 29.918700474297374, -98.75123884803914 29.02486242619867, -100.78640376847284 30.59642894582137, -99.9088440199936 31.559864288047677))"
55E,2019-06-17 14:55:00+00:00,2019-06-17 16:55:00+00:00,0.0,45000.0,"POLYGON ((-78.91967636056603 28.244138042531155, -77.83746882689503 27.489862605286607, -79.5128567803571 24.10724738331726, -82.07870782025289 23.9749247783217, -78.91967636056603 28.244138042531155))"
56E,2019-06-17 14:55:00+00:00,2019-06-17 16:55:00+00:00,0.0,45000.0,"POLYGON ((-84.2371486005722 27.32825693463806, -81.26547286847614 26.33807733320986, -81.8 25.588213734418353, -83.8612390655358 26.21748090730025, -84.2371486005722 27.32825693463806))"
58C,2019-06-17 14:55:00+00:00,2019-06-17 16:55:00+00:00,0.0,44000.0,"POLYGON ((-93.4503234371462 39.28288589275387, -89.8796610192135 38.3878960443224, -92.17564338928928 36.97237909931712, -93.47823814792771 37.477548186472404, -93.4503234371462 39.28288589275387))"
57C,2019-06-17 14:55:00+00:00,2019-06-17 16:55:00+00:00,0.0,45000.0,"POLYGON ((-91.3 30.48, -90.86219487579237 29.177841928328096, -97.01004771500816 25.919530440197065, -98.16954681085284 26.623699920561336, -91.3 30.48))"
56C,2019-06-17 14:55:00+00:00,2019-06-17 16:55:00+00:00,0.0,45000.0,"POLYGON ((-99.10383237487044 30.85270571132936, -97.12067642780897 29.463423173109778, -98.75123884803914 29.02486242619867, -100.53241263676385 30.34339259729768, -99.10383237487044 30.85270571132936))"
ZULU 1,2019-06-17 15:11:00+00:00,2019-06-17 19:15:00+00:00,0.0,34000.0,"POLYGON ((151.3 20.4, 156.5 20.4, 153.4 16.4, 149.3 17, 151.3 20.4))"
58E,2019-06-17 15:55:00+00:00,2019-06-17 17:55:00+00:00,0.0,45000.0,"POLYGON ((-83.68984091745448 27.395367570569487, -80.87452603568174 26.02008999815083, -81.8 25.457425636525368, -83.69098303548607 26.373098682536693, -83.68984091745448 27.395367570569487))"
62C,2019-06-17 15:55:00+00:00,2019-06-17 17:55:00+00:00,0.0,44000.0,"POLYGON ((-91.10588322437067 39.90519480831645, -89.82826685333556 38.347047334641815, -93.19128242127205 37.0927866203999, -93.88052904377749 39.01020985067779, -91.10588322437067 39.90519480831645))"
59C,2019-06-17 15:55:00+00:00,2019-06-17 17:55:00+00:00,0.0,45000.0,"POLYGON ((-99.58296709005478 30.39533096916344, -96.77828790039614 29.168100877813117, -98.46 28.62800342405374, -100.15566722478216 29.579892089021953, -99.58296709005478 30.39533096916344))"
57E,2019-06-17 15:55:00+00:00,2019-06-17 17:55:00+00:00,0.0,45000.0,"POLYGON ((-77.83746882689503 27.489862605286607, -78.9860466174684 24.617894306950927, -82.31556621708232 24.11856181931795, -80.09 27.01273791147279, -77.83746882689503 27.489862605286607))"
59E,2019-06-17 15:55:00+00:00,2019-06-17 17:55:00+00:00,0.0,45000.0,"POLYGON ((-84.89822060700128 30.869417956824673, -83.41894494151983 30.368014129630584, -84.28195952825253 29.148646149510487, -85.80676761458878 28.98261148211376, -86.68 29.831786265581645, -84.89822060700128 30.869417956824673))"
60C,2019-06-17 15:55:00+00:00,2019-06-17 17:55:00+00:00,0.0,45000.0,"POLYGON ((-90.67149772023794 30.946421966718926, -90.17732885622122 29.913548178255937, -92.02331061961289 28.465932883794697, -93.97750880328364 28.292691090479412, -90.67149772023794 30.946421966718926))"
61C,2019-06-17 15:55:00+00:00,2019-06-17 17:55:00+00:00,0.0,45000.0,"POLYGON ((-94.56734362335169 28.112163378606606, -95.90024978959222 25.91248758424627, -97.74995228499183 25.919530440197065, -98.30207637668643 26.740559352923494, -94.56734362335169 28.112163378606606))"
ALFA 2,2019-06-17 16:00:00+00:00,2019-06-17 20:00:00+00:00,0.0,47000.0,"POLYGON ((-91.3 29.15, -92.45 25, -97 26.15, -94.45 28.15, -91.3 29.15))"
BRAVO 2,2019-06-17 16:00:00+00:00,2019-06-17 20:00:00+00:00,0.0,40000.0,"POLYGON ((-63 40, -61.3 38.15, -65.3 37.3, -66.15 39.3, -63 40))"
60E,2019-06-17 16:55:00+00:00,2019-06-17 18:55:00+00:00,0.0,45000.0,"POLYGON ((-81.1500602686632 25.176804459684146, -79.65078528567945 24.415309580049954, -82.44386152768286 24.000431939860878, -81.1500602686632 25.176804459684146))"
61E,2019-06-17 16:55:00+00:00,2019-06-17 18:55:00+00:00,0.0,45000.0,"POLYGON ((-83.06848421503878 27.20804198493829, -81.51648664156929 26.765038902439738, -78.53402530115817 27.244510149211685, -78.85801633912979 24.49907333891924, -83.73133591168641 26.336271200575712, -83.06848421503878 27.20804198493829))"
62E,2019-06-17 16:55:00+00:00,2019-06-17 18:55:00+00:00,0.0,43000.0,"POLYGON ((-84.89822060700128 30.869417956824673, -83.41894494151983 30.368014129630584, -84.28195952825253 29.148646149510487, -85.80676761458878 28.98261148211376, -86.38530161259438 30.21484687132116, -84.89822060700128 30.869417956824673))"
63C,2019-06-17 16:55:00+00:00,2019-06-17 18:55:00+00:00,0.0,42000.0,"POLYGON ((-98.84283005915168 29.63945025158266, -97.18934202485907 29.075486169836065, -98.3121617852948 28.215586620616307, -99.6247133900029 29.355108574801317, -98.84283005915168 29.63945025158266))"
65C,2019-06-17 16:55:00+00:00,2019-06-17 18:55:00+00:00,0.0,45000.0,"POLYGON ((-95.48894834335243 26.60803521734189, -95.90024978959222 25.91248758424627, -98.0650625936352 26.173055034308472, -97.66464490600363 26.534540942128007, -95.48894834335243 26.60803521734189))"
67C,2019-06-17 16:55:00+00:00,2019-06-17 18:55:00+00:00,0.0,42000.0,"POLYGON ((-93.77146650280437 43.857682560182, -94.29 42.77636895573639, -96.34199056312308 42.2443818494563, -95.72351675108197 43.3267855442747, -93.77146650280437 43.857682560182))"
64C,2019-06-17 16:55:00+00:00,2019-06-17 18:55:00+00:00,0.0,45000.0,"POLYGON ((-90.49421537231797 32.42938614609215, -90 30.349106867209183, -90.80593440386266 29.432815042019243, -91.77882222363127 31.51265379423271, -90.49421537231797 32.42938614609215))"
66C,2019-06-17 16:55:00+00:00,2019-06-17 18:55:00+00:00,0.0,41000.0,"POLYGON ((-90.88032668127143 39.72198028895139, -89.35025575810836 38.816732686255826, -92.9438990898424 37.232038793773086, -93.40984639578936 39.185981755880455, -90.88032668127143 39.72198028895139))"
65E,2019-06-17 17:55:00+00:00,2019-06-17 19:55:00+00:00,0.0,43000.0,"POLYGON ((-81.31689326278378 30.740556550058493, -81.17543139651792 28.539900803568553, -82.37739679696396 28.020319210333618, -83.20352920999999 29.544586755276523, -81.31689326278378 30.740556550058493))"
64E,2019-06-17 17:55:00+00:00,2019-06-17 19:55:00+00:00,0.0,45000.0,"POLYGON ((-81.35531693024825 27.35898047564628, -78.78669224824179 26.674052879508793, -78.73022793261835 24.380144620417656, -81.8 24.090893132790825, -83.14827054507217 26.0141478377521, -81.35531693024825 27.35898047564628))"
63E,2019-06-17 17:55:00+00:00,2019-06-17 19:55:00+00:00,0.0,45000.0,"POLYGON ((-83.51687895901455 37.49909034178673, -78.15879170989544 37.497034629905386, -82.69292777233419 34.69849476116072, -86.08409087283432 34.63808667098187, -83.51687895901455 37.49909034178673))"
72C,2019-06-17 17:55:00+00:00,2019-06-17 19:55:00+00:00,0.0,44000.0,"POLYGON ((-93.77146650280437 43.857682560182, -94.29 42.61, -95.74 42.16821373441836, -95.13 43.471786265581656, -93.77146650280437 43.857682560182))"
69C,2019-06-17 17:55:00+00:00,2019-06-17 19:55:00+00:00,0.0,45000.0,"POLYGON ((-90.1 32.92910686720917, -89.59164770620805 30.202293638944663, -90.80593440386266 29.432815042019243, -91.74001902142996 31.90482411935296, -90.1 32.92910686720917))"
70C,2019-06-17 17:55:00+00:00,2019-06-17 19:55:00+00:00,0.0,44000.0,"POLYGON ((-92.22 39.47547582294556, -91.73600035653028 37.88676629511325, -93.0330569896605 37.59491059880739, -93.21066134485365 39.12415958345098, -92.22 39.47547582294556))"
68C,2019-06-17 17:55:00+00:00,2019-06-17 19:55:00+00:00,0.0,45000.0,"POLYGON ((-92.7033548973466 29.78645152874501, -90.62912294644406 29.36995977389581, -91.30037076406397 28.11588683181027, -93.11 28.30994148689969, -92.7033548973466 29.78645152874501))"
71C,2019-06-17 17:55:00+00:00,2019-06-17 19:55:00+00:00,0.0,44000.0,"POLYGON ((-90.19653330471573 39.84496021737435, -88.25049335177371 38.85121722820007, -91.22919589003293 38.26939433341656, -91.44511998411275 39.542472935479566, -90.19653330471573 39.84496021737435))"
11W,2019-06-17 17:55:00+00:00,2019-06-17 19:55:00+00:00,0.0,41000.0,"POLYGON ((-105.06092418988851 39.936644065592645, -104.73074101119208 38.524897949888825, -109.12800296355789 36.73549266106669, -108.79 39.06, -110.74130995190455 39.66782450372679, -105.06092418988851 39.936644065592645))"
CHARLIE 1,2019-06-17 18:50:00+00:00,2019-06-17 22:50:00+00:00,0.0,49000.0,"POLYGON ((-77 27.15, -76.45 22.45, -79.3 24.15, -79.3 27.15, -77 27.15))"
ZULU 2,2019-06-17 18:54:00+00:00,2019-06-17 22:50:00+00:00,0.0,49000.0,"POLYGON ((156.1 20.4, 154.4 17, 150.4 20.3, 156.1 20.4))"
ALFA 3,2019-06-17 18:55:00+00:00,2019-06-17 22:55:00+00:00,0.0,49000.0,"POLYGON ((-92.15 29, -90 28.15, -93.3 24.45, -95.3 25.45, -92.15 29))"
BRAVO 3,2019-06-17 18:55:00+00:00,2019-06-17 22:55:00+00:00,0.0,39000.0,"POLYGON ((-62 40, -60.45 38.15, -65.15 38, -65.45 39.15, -62 40))"
68E,2019-06-17 18:55:00+00:00,2019-06-17 20:55:00+00:00,0.0,45000.0,"POLYGON ((-81.35532563259967 30.28458407886132, -81.11 29.3, -82.4481954132247 28.114260155857515, -83.28561962433773 29.804246099223043, -81.35532563259967 30.28458407886132))"
67E,2019-06-17 18:55:00+00:00,2019-06-17 20:55:00+00:00,0.0,45000.0,"POLYGON ((-79.27344022477787 35.70301562455789, -78.27797853706761 35.46004541412379, -79.53650590705773 34.12771099066702, -81.7282937736374 34.62913446528222, -79.27344022477787 35.70301562455789))"
69E,2019-06-17 18:55:00+00:00,2019-06-17 20:55:00+00:00,0.0,45000.0,"POLYGON ((-81.22351923692818 28.642177390868724, -80.4282850330691 25.744599922008263, -81.9831173676868 24.99058746653026, -83.35085788746275 26.682127353065905, -81.22351923692818 28.642177390868724))"
77C,2019-06-17 18:55:00+00:00,2019-06-17 20:55:00+00:00,0.0,44000.0,"POLYGON ((-94.41995731018017 43.9566525659237, -93.17781869274309 43.357031711098145, -95.35589335380085 41.16936198513087, -95.74 41.89285469710447, -94.41995731018017 43.9566525659237))"
66E,2019-06-17 18:55:00+00:00,2019-06-17 20:55:00+00:00,0.0,45000.0,"POLYGON ((-83.70714819342305 37.797846403413594, -77.32 37.333631044263605, -82.92666333307866 34.57209717191184, -86.51403025039139 34.437925929927665, -83.70714819342305 37.797846403413594))"
70E,2019-06-17 18:55:00+00:00,2019-06-17 20:55:00+00:00,0.0,45000.0,"POLYGON ((-78.41435664634788 26.67016943413214, -78.60267983213524 24.261108945577764, -80.28562647000876 24.009448607330512, -79.95820533913952 26.797579782734935, -78.41435664634788 26.67016943413214))"
74C,2019-06-17 18:55:00+00:00,2019-06-17 20:55:00+00:00,0.0,45000.0,"POLYGON ((-88.74025224748245 33.95090199307593, -89.45488213162677 30.319442990420686, -90.17710284501707 29.786215195833986, -92.04 32.18726208852723, -88.74025224748245 33.95090199307593))"
73C,2019-06-17 18:55:00+00:00,2019-06-17 20:55:00+00:00,0.0,45000.0,"POLYGON ((-90.53266469332227 30.0399310133552, -91.30037076406397 28.11588683181027, -92.31360642950564 28.446843926913996, -92.22419422492321 29.818693376637544, -90.53266469332227 30.0399310133552))"
76C,2019-06-17 18:55:00+00:00,2019-06-17 20:55:00+00:00,0.0,41000.0,"POLYGON ((-85.4836347390498 39.46260786396473, -87.12723753617452 37.92830588633819, -90.39841405181784 38.70626671830634, -89.87166285697703 39.32898979095147, -85.4836347390498 39.46260786396473))"
78C,2019-06-17 18:55:00+00:00,2019-06-17 20:55:00+00:00,0.0,44000.0,"POLYGON ((-107.37051670448355 41.83759521148134, -105.11174011300854 41.824317088729245, -104.43 38.29, -108.38450654374036 36.974918856810575, -107.37051670448355 41.83759521148134))"
75C,2019-06-17 18:55:00+00:00,2019-06-17 20:55:00+00:00,0.0,45000.0,"POLYGON ((-92.54967538127465 39.42435825961499, -90.65036303972171 37.669254075316225, -92.55386366427547 37.61213474549222, -93.43050747301857 38.26523641987832, -92.54967538127465 39.42435825961499))"
13W,2019-06-17 18:55:00+00:00,2019-06-17 20:55:00+00:00,0.0,43000.0,"POLYGON ((-110.89602956056595 45.23806238880657, -108.47453929269295 43.15245709978581, -108.06704636346768 39.929249061139, -112.22525013291725 36.43454715277821, -113.9354247536618 36.38788060981834, -110.89602956056595 45.23806238880657))"
12W,2019-06-17 18:55:00+00:00,2019-06-17 20:55:00+00:00,0.0,45000.0,"POLYGON ((-110.13945796074525 37.34272185623019, -104.48825976310918 36.362058323422325, -107.42090862971632 33.39756115573098, -110.85808808913704 36.1192949477437, -110.13945796074525 37.34272185623019))"
14W,2019-06-17 18:55:00+00:00,2019-06-17 20:55:00+00:00,0.0,43000.0,"POLYGON ((-112.55 45.915475822945574, -111.88111487916977 44.324810723765815, -114.05297942368769 43.24770048455137, -114.44420106214594 45.63424491728228, -112.55 45.915475822945574))"
83C,2019-06-17 19:55:00+00:00,2019-06-17 21:55:00+00:00,,,"POLYGON ((-93.20961862843518 44.70775586414364, -94.08356901844029 42.49240819677982, -95.56861882690191 41.17410774786494, -93.03011612871612 44.61955806034666, -94.06020508231784 42.52309381583837, -95.70139345437607 41.32367678977902, -94.21634364591445 42.6419772386939, -94.2397075820369 42.61129161963535, -93.20961862843518 44.70775586414364))"
85C,2019-06-17 19:55:00+00:00,2019-06-17 21:55:00+00:00,0.0,45000.0,"POLYGON ((-102.38348559144522 39.60924458573941, -101.29142547930859 39.69600287842828, -101.87556141447195 37.03655904578317, -104.66247710936061 36.89051908481228, -102.38348559144522 39.60924458573941))"
79C,2019-06-17 19:55:00+00:00,2019-06-17 21:55:00+00:00,0.0,45000.0,"POLYGON ((-91.2358914020001 30.346418188943357, -90 29.85, -90.91395631607222 28.461950658065916, -92.17205986107848 29.318849748822867, -91.2358914020001 30.346418188943357))"
71E,2019-06-17 19:55:00+00:00,2019-06-17 21:55:00+00:00,0.0,45000.0,"POLYGON ((-77.435488833756 38.98666700716526, -78.02479903578671 34.657312435190434, -85.01151544038649 33.049842841447195, -86.09137542501622 35.274706015909025, -84.11 38.02821373441835, -77.435488833756 38.98666700716526))"
72E,2019-06-17 19:55:00+00:00,2019-06-17 21:55:00+00:00,0.0,45000.0,"POLYGON ((-81.66300115910121 31.6882340533802, -79.59857482846496 25.54374708596181, -81.28054378176266 25.05966952607401, -83.31845039228463 25.948760376132892, -83.1968941686695 29.907328867299743, -81.66300115910121 31.6882340533802))"
86C,2019-06-17 19:55:00+00:00,2019-06-17 21:55:00+00:00,0.0,45000.0,"POLYGON ((-100.68631369014213 43.466550143163985, -98.82291569707452 41.73195678964553, -103.79271350318164 40.84247184342569, -103.65187701739882 42.19728196833578, -100.68631369014213 43.466550143163985))"
84C,2019-06-17 19:55:00+00:00,2019-06-17 21:55:00+00:00,0.0,43000.0,"POLYGON ((-107.16281320661902 41.776692039888474, -104.77 42.04184477868197, -103.82655157074204 38.75902166027757, -108.09 37.23910686720918, -107.16281320661902 41.776692039888474))"
80C,2019-06-17 19:55:00+00:00,2019-06-17 21:55:00+00:00,0.0,45000.0,"POLYGON ((-88.37365338896903 35.697943967210314, -88.08853786590034 33.13636413219181, -89.64511625117478 29.976858819699675, -92.82920852467535 32.5175361009145, -88.37365338896903 35.697943967210314))"
81C,2019-06-17 19:55:00+00:00,2019-06-17 21:55:00+00:00,0.0,44000.0,"POLYGON ((-91.91705761580361 39.04489073426621, -89.98718601739743 38.130866430544664, -92.09707481737732 36.48654279794418, -92.9686807736934 38.21939860491814, -91.91705761580361 39.04489073426621))"
82C,2019-06-17 19:55:00+00:00,2019-06-17 21:55:00+00:00,0.0,38000.0,"POLYGON ((-85.04277362489681 39.967327381695306, -85.66830377926415 37.182173970849256, -89.3296886757926 38.372436704664004, -89.4678060361943 39.26784713992989, -85.04277362489681 39.967327381695306))"
18W,2019-06-17 19:55:00+00:00,2019-06-17 21:55:00+00:00,0.0,42000.0,"POLYGON ((-114.8102241172438 42.714836545806726, -113.60985345125799 37.992746947617, -118.35668524712375 38.18954440380013, -117.45329975396196 42.46191081262574, -114.8102241172438 42.714836545806726))"
17W,2019-06-17 19:55:00+00:00,2019-06-17 21:55:00+00:00,0.0,43000.0,"POLYGON ((-114.35612625628521 48.09222465316499, -110.43835431769615 46.81180918421376, -111.74674146160733 44.08906405655649, -113.84712370527485 42.948774308550135, -116.68014737082277 46.749498621951375, -114.35612625628521 48.09222465316499))"
15W,2019-06-17 19:55:00+00:00,2019-06-17 21:55:00+00:00,0.0,45000.0,"POLYGON ((-109.24969225761683 37.19474696010024, -103.83535634115081 36.4855335533089, -107.42052934039874 33.16228030114929, -109.78368787925523 35.879260345684685, -109.24969225761683 37.19474696010024))"
76E,2019-06-17 20:55:00+00:00,2019-06-17 22:55:00+00:00,,,"POLYGON ((-78.86291235186906 35.81426865886174, -79.69698058884913 34.36036487084957, -80.98698058884914 34.87381332151341, -78.69708764813095 35.70245556647017, -79.57708764813094 34.39736922847229, -80.91301941115087 35.05963512915042, -79.62301941115086 34.54618667848658, -79.74291235186905 34.50918232086386, -78.86291235186906 35.81426865886174))"
87C,2019-06-17 20:55:00+00:00,2019-06-17 22:55:00+00:00,,,"POLYGON ((-91.73549908324259 44.15658055029643, -94.13899164214237 42.37854673705991, -95.67584781065148 41.09328952743079, -93.32146311666256 43.11901215796616, -94.13600753015494 42.3811443427103, -91.64395994575472 43.97875876786251, -93.34282984925457 43.10421413366802, -95.80415218934851 41.24671047256921, -94.26729602083941 42.53196768219834, -94.27028013282684 42.52937007654795, -93.45573571933446 43.26723789180381, -93.43436898674244 43.28203591610195, -91.73549908324259 44.15658055029643))"
74E,2019-06-17 20:55:00+00:00,2019-06-17 22:55:00+00:00,0.0,45000.0,"POLYGON ((-78.42526309308963 38.638687715480295, -77.25571060712973 36.25518396575115, -80.71 36.511716242316425, -80.71 37.09, -78.42526309308963 38.638687715480295))"
77E,2019-06-17 20:55:00+00:00,2019-06-17 22:55:00+00:00,0.0,45000.0,"POLYGON ((-83.57186344497559 33.626967102046464, -82.64076001517927 33.5430936499386, -83.7810834197624 32.42279953972168, -84.16533602627851 32.68894656482088, -83.57186344497559 33.626967102046464))"
93C,2019-06-17 20:55:00+00:00,2019-06-17 22:55:00+00:00,0.0,45000.0,"POLYGON ((-104.26137391687324 31.865917858315626, -102.98 30.22714530289553, -104.53894634372638 29.787545901249587, -105.42930854266149 31.817170657651978, -104.26137391687324 31.865917858315626))"
19W,2019-06-17 20:55:00+00:00,2019-06-17 22:55:00+00:00,0.0,45000.0,"POLYGON ((-106.59486989845834 40.73916043143415, -106.54110407966238 33.891180524581266, -108.33310623781779 34.14072362296327, -110.2809368578072 37.61785327281012, -106.59486989845834 40.73916043143415))"
79E,2019-06-17 20:55:00+00:00,2019-06-17 22:55:00+00:00,0.0,45000.0,"POLYGON ((-82.51 31.54, -78.98651900960778 25.79427881205052, -78.85801633912979 24.49907333891924, -83.14827054507217 26.0141478377521, -83.45732168839922 29.952299972303155, -82.51 31.54))"
78E,2019-06-17 20:55:00+00:00,2019-06-17 22:55:00+00:00,0.0,45000.0,"POLYGON ((-87.81503068148606 32.37617093036559, -84.29 31.66, -84.35 30.4, -87.97291012078095 30.72942565123441, -87.81503068148606 32.37617093036559))"
75E,2019-06-17 20:55:00+00:00,2019-06-17 22:55:00+00:00,0.0,45000.0,"POLYGON ((-83.01103166767426 38.427558092677764, -80.95 36.02184477868196, -85.59314934811667 33.817939894501365, -85.73222510669639 35.81792757448312, -83.01103166767426 38.427558092677764))"
73E,2019-06-17 20:55:00+00:00,2019-06-17 22:55:00+00:00,0.0,45000.0,"POLYGON ((-76.38077062363597 39.68946409543577, -74.8 38.60089313279083, -76.93317967696534 37.37203560912972, -78.50898163536328 38.63826216468226, -76.38077062363597 39.68946409543577))"
97C,2019-06-17 20:55:00+00:00,2019-06-17 22:55:00+00:00,0.0,45000.0,"POLYGON ((-86.44 37.429106867209185, -86.9 33.83636895573639, -88.90477818355014 30.258299661579724, -91.16819071059288 28.23463979765442, -92.63191112654536 32.51861404163612, -86.44 37.429106867209185))"
95C,2019-06-17 20:55:00+00:00,2019-06-17 22:55:00+00:00,0.0,43000.0,"POLYGON ((-84.64622355395741 40.479420387532926, -82.92019883520608 39.534709348106524, -85.41886734215153 37.792480026001066, -89.3296886757926 38.372436704664004, -89.31662728040386 39.38618129629181, -84.64622355395741 40.479420387532926))"
96C,2019-06-17 20:55:00+00:00,2019-06-17 22:55:00+00:00,0.0,45000.0,"POLYGON ((-91.07070918014108 37.667016371402305, -93.33101463122763 35.068029229266116, -95.3546129872837 35.84628842029848, -95.79 36.699106867209174, -91.07070918014108 37.667016371402305))"
94C,2019-06-17 20:55:00+00:00,2019-06-17 22:55:00+00:00,0.0,44000.0,"POLYGON ((-92.22 39.47547582294556, -90.23 38.16910686720918, -91.19674745858849 37.34771408685742, -93.43050747301857 38.26523641987832, -92.22 39.47547582294556))"
88C,2019-06-17 20:55:00+00:00,2019-06-17 22:55:00+00:00,0.0,38000.0,"POLYGON ((-103.5033869326701 44.331864422432695, -102.37125641280045 43.787217296060874, -103.81940678559239 43.388922083153396, -104.39708218538034 43.9716095242887, -103.5033869326701 44.331864422432695))"
89C,2019-06-17 20:55:00+00:00,2019-06-17 22:55:00+00:00,0.0,42000.0,"POLYGON ((-100.16000000000001 43.72452417705442, -97.32076768654082 41.69376061398301, -103.8000217966286 40.62891511548124, -103.65187701739882 42.19728196833578, -100.16000000000001 43.72452417705442))"
90C,2019-06-17 20:55:00+00:00,2019-06-17 22:55:00+00:00,0.0,43000.0,"POLYGON ((-103.48 42.888213734418365, -104.62 32.67452417705444, -106.57161962438006 33.866197425802795, -106.28 42.75726208852723, -103.48 42.888213734418365))"
92C,2019-06-17 20:55:00+00:00,2019-06-17 22:55:00+00:00,0.0,45000.0,"POLYGON ((-103.99321109902964 35.94789102965843, -103.6 35.84547582294557, -102.2817631287848 34.30772979278121, -103.14676253323326 33.884796373472774, -103.99321109902964 35.94789102965843))"
91C,2019-06-17 20:55:00+00:00,2019-06-17 22:55:00+00:00,0.0,45000.0,"POLYGON ((-102.57834095835419 39.96744072484128, -101.44121225381512 39.850850607503126, -101.74282308268009 37.29216397920319, -104.17789469453746 37.06759423341364, -102.57834095835419 39.96744072484128))"
21W,2019-06-17 20:55:00+00:00,2019-06-17 22:55:00+00:00,0.0,43000.0,"POLYGON ((-117.9535219762103 48.97541809741828, -112.67 48.834524177054426, -106.22655451144004 43.93613455228577, -112.65 42.87, -115.5013772323446 43.54793351022476, -117.9535219762103 48.97541809741828))"
22W,2019-06-17 20:55:00+00:00,2019-06-17 22:55:00+00:00,0.0,42000.0,"POLYGON ((-115.67084449875757 42.62658509963513, -112.92375850635821 41.84610026683886, -113.98136830456616 37.015381501341764, -118.66469062656621 35.83214145630211, -120.65183515119149 39.20744250335287, -115.67084449875757 42.62658509963513))"
CHARLIE 2,2019-06-17 21:45:00+00:00,2019-06-18 01:45:00+00:00,,,"POLYGON ((-77 31.15, -75.15 28, -76.45 23, -79 24.15, -79 27, -77 27, -77 31.15))"
83E,2019-06-17 21:55:00+00:00,2019-06-17 23:55:00+00:00,,,"POLYGON ((-78.60146967983701 35.81068933586765, -78.901079615122 35.76240013301435, -78.90985561265138 35.76057881376772, -80.76978434531523 35.28673204395574, -78.86925559608295 35.56494828619543, -78.56964566079796 35.61323748904873, -80.72040833121741 35.09292283563009, -78.86047959855357 35.56676960544207, -78.60146967983701 35.81068933586765))"
98C,2019-06-17 21:55:00+00:00,2019-06-17 23:55:00+00:00,,,"POLYGON ((-91.76768919922254 44.90759010040823, -94.01595907300596 42.46892735108253, -95.57095855812231 41.17209443568999, -93.26116444544225 43.1849194859385, -94.01117110096489 42.47318783915195, -91.62864765898739 44.76382831797271, -93.26047922988242 43.18557593978331, -95.69905372315567 41.32569010195397, -94.14405423803932 42.62252301734651, -94.14884221008039 42.61826252927709, -93.39883555455775 43.32999417606364, -93.39952077011758 43.32933772221883, -91.76768919922254 44.90759010040823))"
ALFA 4,2019-06-17 21:55:00+00:00,2019-06-18 01:55:00+00:00,0.0,51000.0,"POLYGON ((-92 28.15, -89 28.15, -92.15 24.3, -93 24.3, -94.45 25.3, -92 28.15))"
81E,2019-06-17 21:55:00+00:00,2019-06-17 23:55:00+00:00,0.0,45000.0,"POLYGON ((-78.21252929929439 38.75015080605942, -76.51175834830622 36.37019198689301, -80.47664913811579 36.21495134760355, -80.71 37.09, -78.21252929929439 38.75015080605942))"
84E,2019-06-17 21:55:00+00:00,2019-06-17 23:55:00+00:00,0.0,45000.0,"POLYGON ((-84.1187590174909 33.74023466248975, -82.68137445476825 33.70890482608766, -83.65000000000002 32.40085812115821, -85.21 33.05, -84.1187590174909 33.74023466248975))"
80E,2019-06-17 21:55:00+00:00,2019-06-17 23:55:00+00:00,0.0,45000.0,"POLYGON ((-75.68 40.146287181737314, -74.5373052897242 38.89525065192308, -76.51175834830622 36.37019198689301, -78.00069200179028 38.53770016064219, -75.68 40.146287181737314))"
03C,2019-06-17 21:55:00+00:00,2019-06-17 23:55:00+00:00,0.0,45000.0,"POLYGON ((-101.28887371377856 40.63983227210977, -101.29491366058468 39.082649181804086, -102.056659252973 37.0350451042426, -103.80743759861086 36.85912025750068, -103.18 40.44914187884178, -101.28887371377856 40.63983227210977))"
01C,2019-06-17 21:55:00+00:00,2019-06-17 23:55:00+00:00,0.0,45000.0,"POLYGON ((-99.92931208036636 43.989068424707895, -97.93934057446326 41.68595327861694, -98.70540783783724 41.26880290351836, -103.20623001907214 41.6852201031577, -99.92931208036636 43.989068424707895))"
02C,2019-06-17 21:55:00+00:00,2019-06-17 23:55:00+00:00,0.0,43000.0,"POLYGON ((-106.90467192227769 44.572762142552264, -102.98 41.1, -104.42223564210244 32.939144731615464, -107.08236962127548 32.8791450887873, -106.90467192227769 44.572762142552264))"
09C,2019-06-17 21:55:00+00:00,2019-06-17 23:55:00+00:00,0.0,44000.0,"POLYGON ((-95.1345276967742 38.982651555867484, -94.75115334761861 38.47416515393296, -96.66582112287232 37.74646952745947, -96.73222946971424 38.023593436432385, -95.1345276967742 38.982651555867484))"
05C,2019-06-17 21:55:00+00:00,2019-06-17 23:55:00+00:00,0.0,45000.0,"POLYGON ((-104.02873830210861 32.14419121934785, -103.10866131096864 30.682804008643735, -103.95 29.432574363474636, -104.53894634372638 29.787545901249587, -105.25917942553144 31.815925798258387, -104.02873830210861 32.14419121934785))"
85E,2019-06-17 21:55:00+00:00,2019-06-17 23:55:00+00:00,0.0,45000.0,"POLYGON ((-85.21 32.55089313279082, -85.71128912687138 30.826396151860205, -88.65817976081344 31.3444788351749, -88.01201653144327 32.377549361245386, -85.21 32.55089313279082))"
87E,2019-06-17 21:55:00+00:00,2019-06-17 23:55:00+00:00,0.0,43000.0,"POLYGON ((-84.72500236403162 40.626141198285254, -81.93703734750947 40.14816621941935, -81.70060801783845 39.36435925198643, -83.41526102165861 39.012954026824886, -84.7 39.51910686720918, -84.72500236403162 40.626141198285254))"
82E,2019-06-17 21:55:00+00:00,2019-06-17 23:55:00+00:00,0.0,45000.0,"POLYGON ((-82.03 39.08273791147279, -80.27188140713443 36.28492789047107, -84.86373597555458 34.72438263587329, -85.9211610358806 35.88293715542125, -82.03 39.08273791147279))"
86E,2019-06-17 21:55:00+00:00,2019-06-17 23:55:00+00:00,0.0,45000.0,"POLYGON ((-82.51 31.872737911472793, -78.98651900960778 25.79427881205052, -78.73022793261835 24.380144620417656, -82.69389247378191 25.703610405595555, -83.81642834450271 30.207915635652693, -82.51 31.872737911472793))"
07C,2019-06-17 21:55:00+00:00,2019-06-17 23:55:00+00:00,0.0,43000.0,"POLYGON ((-84.72500236403162 40.626141198285254, -84.7 39.51910686720918, -85.87995075976357 38.33490056036163, -88.51175364967199 38.515820689814504, -88.86 39.74, -84.72500236403162 40.626141198285254))"
10C,2019-06-17 21:55:00+00:00,2019-06-17 23:55:00+00:00,0.0,44000.0,"POLYGON ((-85.79141347585791 38.09981060756547, -84.2146128334744 38.09675878106805, -87.86338158143018 34.58209695959877, -89.41563094290318 35.209694617628415, -85.79141347585791 38.09981060756547))"
11C,2019-06-17 21:55:00+00:00,2019-06-17 23:55:00+00:00,0.0,44000.0,"POLYGON ((-89.16742330401641 35.01729199628249, -87.05355002086738 33.97731489692558, -88.73333151339516 31.49799042518937, -92.11537688370758 32.36627264456828, -92.31622576310302 33.61220381536558, -89.16742330401641 35.01729199628249))"
04C,2019-06-17 21:55:00+00:00,2019-06-17 23:55:00+00:00,0.0,45000.0,"POLYGON ((-104.04227361938875 36.48714142637541, -102.03252452118056 34.49734396100283, -102.84 33.83452417705443, -104.16548559878315 35.369686840390514, -104.04227361938875 36.48714142637541))"
99C,2019-06-17 21:55:00+00:00,2019-06-17 23:55:00+00:00,0.0,32000.0,"POLYGON ((-104.3777280407082 46.814953004992944, -106.31505111748488 45.764595195825954, -108.28102483478868 46.04478152269107, -107.5222719592918 46.814953004992944, -104.3777280407082 46.814953004992944))"
06C,2019-06-17 21:55:00+00:00,2019-06-17 23:55:00+00:00,0.0,44000.0,"POLYGON ((-91.88876264762871 39.37784094086639, -89.69326688865394 38.60268992551462, -90.65036303972171 37.669254075316225, -92.9686807736934 38.21939860491814, -91.88876264762871 39.37784094086639))"
08C,2019-06-17 21:55:00+00:00,2019-06-17 23:55:00+00:00,0.0,44000.0,"POLYGON ((-91.49102152831092 37.66328709864097, -90.65036303972171 37.669254075316225, -93.3235738112464 35.70464766751552, -94.7070436406514 36.719131705146665, -91.49102152831092 37.66328709864097))"
12C,2019-06-17 21:55:00+00:00,2019-06-17 23:55:00+00:00,0.0,45000.0,"POLYGON ((-90.95273161336281 31.88634538079279, -88.76619753622238 29.173391202068682, -90.1 28.181786265581643, -91.30037076406397 28.11588683181027, -91.84867908116075 30.949414291731443, -90.95273161336281 31.88634538079279))"
27W,2019-06-17 21:55:00+00:00,2019-06-17 23:55:00+00:00,0.0,42000.0,"POLYGON ((-115.9384398611665 42.02517513952692, -114.09920907081855 41.344325563403906, -113.83072156721605 37.172729973422385, -118.81022069409255 35.71493523333193, -120.79285270375662 39.02577647795027, -115.9384398611665 42.02517513952692))"
28W,2019-06-17 21:55:00+00:00,2019-06-17 23:55:00+00:00,0.0,45000.0,"POLYGON ((-110.13 39.30815522131804, -107.18997004092304 38.33226372830432, -107.28 33.28, -114.13026633965856 36.89909777491729, -114.14522851601262 38.71086118030446, -110.13 39.30815522131804))"
25W,2019-06-17 21:55:00+00:00,2019-06-17 23:55:00+00:00,0.0,42000.0,"POLYGON ((-108.80167589103466 45.50244575330999, -107.36508146919567 43.99626809500719, -111.66784727675984 41.08486135849537, -111.81948811905576 41.7277035974375, -113.69987334010801 41.889068173965995, -108.80167589103466 45.50244575330999))"
23W,2019-06-17 21:55:00+00:00,2019-06-17 23:55:00+00:00,0.0,42000.0,"POLYGON ((-117.62999999999998 49.057320601627545, -112.67 48.834524177054426, -111.95 46.61, -115.26198691464185 45.837447244625366, -117.62999999999998 49.057320601627545))"
24W,2019-06-17 21:55:00+00:00,2019-06-17 23:55:00+00:00,0.0,42000.0,"POLYGON ((-110.2145786213869 46.87701460850575, -108.62000000000002 45.64363104426361, -110.90676710180499 43.91727401028197, -113.33098856368396 42.86798207702423, -117.53845842520589 45.3007946148915, -110.2145786213869 46.87701460850575))"
26W,2019-06-17 21:55:00+00:00,2019-06-17 23:55:00+00:00,0.0,42000.0,"POLYGON ((-106.86826580740198 44.126534587961245, -107.04 38.45, -112.99058817749629 40.139230184832236, -106.86826580740198 44.126534587961245))"
BRAVO 4,2019-06-17 22:30:00+00:00,2019-06-18 02:30:00+00:00,0.0,41000.0,"POLYGON ((-64.15 39.3, -59.3 39.3, -61 37.45, -67 38.3, -64.15 39.3))"
13C,2019-06-17 22:55:00+00:00,2019-06-18 00:55:00+00:00,,,"POLYGON ((-91.76768919922254 44.90759010040823, -94.01595907300596 42.46892735108253, -95.57095855812231 41.17209443568999, -93.26116444544225 43.1849194859385, -94.01117110096489 42.47318783915195, -91.62864765898739 44.76382831797271, -93.26047922988242 43.18557593978331, -95.69905372315567 41.32569010195397, -94.14405423803932 42.62252301734651, -94.14884221008039 42.61826252927709, -93.39883555455775 43.32999417606364, -93.39952077011758 43.32933772221883, -91.76768919922254 44.90759010040823))"
92E,2019-06-17 22:55:00+00:00,2019-06-18 00:55:00+00:00,,,"POLYGON ((-78.64076544855853 35.89146793315417, -78.93591044401798 35.51513528097103, -80.00453592639863 35.78559994687505, -78.5377078905919 35.72006449168943, -78.85984573863604 35.52637678236254, -79.95546407360138 35.97948639112282, -78.88683859122072 35.7090217252188, -78.96290329660266 35.69778022382729, -78.64076544855853 35.89146793315417))"
22C,2019-06-17 22:55:00+00:00,2019-06-18 00:55:00+00:00,0.0,44000.0,"POLYGON ((-91.32581597028161 37.664930849451345, -90.56697921936681 37.558870531112156, -92.20257682935924 36.103480872339496, -94.61792493611482 36.41494381466042, -91.32581597028161 37.664930849451345))"
32W,2019-06-17 22:55:00+00:00,2019-06-18 00:55:00+00:00,0.0,42000.0,"POLYGON ((-107.15385920290164 40.78704041361274, -107.04 38.73914187884179, -108.09979260618938 39.27926864310407, -107.87053225899453 40.51859702114021, -107.15385920290164 40.78704041361274))"
88E,2019-06-17 22:55:00+00:00,2019-06-18 00:55:00+00:00,0.0,45000.0,"POLYGON ((-83.50065877512417 40.697660330185414, -81.35077037412165 39.60987713932289, -85.31945983602088 38.30416691567594, -85.93477819273532 38.767299589683255, -85.75780304522627 39.88480647876619, -83.50065877512417 40.697660330185414))"
89E,2019-06-17 22:55:00+00:00,2019-06-18 00:55:00+00:00,0.0,45000.0,"POLYGON ((-75.14487586677761 40.16985291431469, -74.65795585833885 38.83278139930197, -78.04889615179155 37.497760765197235, -78.55188865965162 38.41671841999612, -75.14487586677761 40.16985291431469))"
94E,2019-06-17 22:55:00+00:00,2019-06-18 00:55:00+00:00,0.0,45000.0,"POLYGON ((-85.52829890839922 32.93894592447128, -86.05638147157309 31.049806323466374, -89.12516467039455 31.711751551147827, -88.28643951627517 32.37895906060462, -85.52829890839922 32.93894592447128))"
95E,2019-06-17 22:55:00+00:00,2019-06-18 00:55:00+00:00,0.0,45000.0,"POLYGON ((-82.87102650971933 31.84617438546095, -82.25181316195408 31.005475972924508, -83.35756401803185 29.710295257522464, -84.04063724262618 30.28898565440693, -82.87102650971933 31.84617438546095))"
16C,2019-06-17 22:55:00+00:00,2019-06-18 00:55:00+00:00,0.0,43000.0,"POLYGON ((-107.15385920290164 40.78704041361274, -103.5831077046974 40.465984036243746, -103.98376714894411 36.952698358851165, -107.08854031497255 34.50543903559577, -107.15385920290164 40.78704041361274))"
14C,2019-06-17 22:55:00+00:00,2019-06-18 00:55:00+00:00,0.0,32000.0,"POLYGON ((-106.7252076500246 44.204100258945275, -101.63927127729782 41.32321472983598, -103.39846675219745 40.56049376009222, -106.79281130417574 41.66698282221223, -106.7252076500246 44.204100258945275))"
23C,2019-06-17 22:55:00+00:00,2019-06-18 00:55:00+00:00,0.0,44000.0,"POLYGON ((-94.88242510736544 39.022780813855476, -94.63145829063698 38.53704749625457, -95.16842841095037 38.04674448968452, -95.77891872100993 38.26294988058969, -94.88242510736544 39.022780813855476))"
24C,2019-06-17 22:55:00+00:00,2019-06-18 00:55:00+00:00,0.0,44000.0,"POLYGON ((-85.58 38.1, -85.23164813791327 37.43165303228569, -87.69093434928345 34.3091364406388, -89.32939076741496 34.79696286050115, -85.58 38.1))"
25C,2019-06-17 22:55:00+00:00,2019-06-18 00:55:00+00:00,0.0,44000.0,"POLYGON ((-89.32939076741496 34.79696286050115, -87.03336859831062 33.93706070001702, -88.67908842755818 32.277715197302626, -92.74 32.826287181737314, -92.38086260931398 34.27913662505488, -89.32939076741496 34.79696286050115))"
18C,2019-06-17 22:55:00+00:00,2019-06-18 00:55:00+00:00,0.0,45000.0,"POLYGON ((-103.98376714894411 36.952698358851165, -101.91 34.133712818262694, -104.88328695402953 32.8054573396795, -106.49417415103618 34.92891449695642, -103.98376714894411 36.952698358851165))"
29W,2019-06-17 22:55:00+00:00,2019-06-18 00:55:00+00:00,0.0,42000.0,"POLYGON ((-117.91199224006975 48.98749830476983, -113.09021771359913 48.831400538118686, -111.71016385152252 46.209049721851954, -114.80962026281235 45.52882655606605, -117.91199224006975 48.98749830476983))"
90E,2019-06-17 22:55:00+00:00,2019-06-18 00:55:00+00:00,0.0,45000.0,"POLYGON ((-76.10615866032872 37.877923844248194, -75.42871202880268 37.14217759696002, -77.63645762399983 36.246590745255496, -78.65250593071032 36.777982519131015, -76.10615866032872 37.877923844248194))"
93E,2019-06-17 22:55:00+00:00,2019-06-18 00:55:00+00:00,0.0,45000.0,"POLYGON ((-84.13193273380537 34.24443827871876, -82.86229989296405 33.11980648720882, -84.65157692564308 32.57819219491744, -85.61095706590513 34.036897021025304, -84.13193273380537 34.24443827871876))"
96E,2019-06-17 22:55:00+00:00,2019-06-18 00:55:00+00:00,0.0,45000.0,"POLYGON ((-81.11 29.3, -79.06133213016837 26.294299452237617, -79.37559051258955 23.79906199044408, -82.56412362453968 25.82201670001851, -83.26867239453674 29.138706198859943, -81.11 29.3))"
91E,2019-06-17 22:55:00+00:00,2019-06-18 00:55:00+00:00,0.0,45000.0,"POLYGON ((-81.78349508244985 39.21085658541598, -80.49435117651517 38.78200285313742, -79.24 36.58452417705443, -84.05012420864756 34.95237052994372, -85.25939248632041 36.64244578460034, -81.78349508244985 39.21085658541598))"
20C,2019-06-17 22:55:00+00:00,2019-06-18 00:55:00+00:00,0.0,44000.0,"POLYGON ((-91.61209727102471 39.278992607187426, -89.8894186494299 38.66751107370577, -90.52818959004591 37.904906418108176, -92.38270865526083 38.50247719091719, -91.61209727102471 39.278992607187426))"
21C,2019-06-17 22:55:00+00:00,2019-06-18 00:55:00+00:00,0.0,43000.0,"POLYGON ((-85.44124887024759 40.5186115957699, -86.36400253824851 38.352066166173906, -87.76 38.09636895573639, -87.84586007168704 39.297477307934656, -85.44124887024759 40.5186115957699))"
19C,2019-06-17 22:55:00+00:00,2019-06-18 00:55:00+00:00,0.0,45000.0,"POLYGON ((-103.653987551537 31.51640717749893, -102.5920216978198 30.949420618964208, -103.36730441863041 29.069070318372592, -104.6272204200906 29.7100533582447, -105.01987389219816 31.368121387453883, -103.653987551537 31.51640717749893))"
15C,2019-06-17 22:55:00+00:00,2019-06-18 00:55:00+00:00,0.0,45000.0,"POLYGON ((-99.46347298258941 43.49103491467323, -97.39897225214558 42.08195323227986, -98.66243546964549 41.14429536350664, -101.77399601243113 41.36381358475938, -99.46347298258941 43.49103491467323))"
17C,2019-06-17 22:55:00+00:00,2019-06-18 00:55:00+00:00,0.0,45000.0,"POLYGON ((-100.75 41.05, -100.59 40.2, -102.76388797243752 37.25706026562896, -104.04136125046182 36.906257398041944, -103.64420517475564 40.511997578643935, -100.75 41.05))"
26C,2019-06-17 22:55:00+00:00,2019-06-18 00:55:00+00:00,0.0,45000.0,"POLYGON ((-91.13179596163505 32.19840184218151, -90.25034919903813 32.122500913341504, -88.50766383181676 30.422506660920455, -90.1 28.181786265581643, -91.16819071059288 28.23463979765442, -91.13179596163505 32.19840184218151))"
31W,2019-06-17 22:55:00+00:00,2019-06-18 00:55:00+00:00,0.0,42000.0,"POLYGON ((-106.86826580740198 44.126534587961245, -107.04942374928679 41.33235069864018, -111.37216197870094 40.657402292431875, -111.64016392317036 41.46432345651647, -114.14804428686593 41.86466928864445, -106.86826580740198 44.126534587961245))"
34W,2019-06-17 22:55:00+00:00,2019-06-18 00:55:00+00:00,0.0,45000.0,"POLYGON ((-108.95470500947661 39.36729416550024, -107.12700154347048 37.054460288640634, -107.28 33.28, -113.98886376079429 37.48078966150074, -113.78688945535066 38.719023877543414, -108.95470500947661 39.36729416550024))"
30W,2019-06-17 22:55:00+00:00,2019-06-18 00:55:00+00:00,0.0,42000.0,"POLYGON ((-110.00075657880876 46.30054235345548, -108.62 45.81, -107.06 44.50726208852722, -113.06857712448463 42.74190337424565, -117.53845842520589 45.3007946148915, -110.00075657880876 46.30054235345548))"
33W,2019-06-17 22:55:00+00:00,2019-06-18 00:55:00+00:00,0.0,42000.0,"POLYGON ((-116.323647961402 41.644414655698505, -113.76 40.73, -113.83072156721605 37.172729973422385, -118.69139311578981 35.479311353787125, -121.0411331266848 39.711801794040966, -116.323647961402 41.644414655698505))"
37W,2019-06-17 23:55:00+00:00,2019-06-18 01:55:00+00:00,0.0,42000.0,"POLYGON ((-106.86855254132591 44.30588307514239, -106.79281130417574 41.66698282221223, -109.02 41.15628718173732, -110.11 43.15828375768358, -106.86855254132591 44.30588307514239))"
03E,2019-06-17 23:55:00+00:00,2019-06-18 01:55:00+00:00,0.0,45000.0,"POLYGON ((-84.0033735142225 34.69797931777682, -83.43415468025522 34.432794157208384, -83.89349184225405 32.89421911139596, -84.84538482099009 32.742788001974844, -84.0033735142225 34.69797931777682))"
04E,2019-06-17 23:55:00+00:00,2019-06-18 01:55:00+00:00,0.0,45000.0,"POLYGON ((-87.38901178798201 33.26012765346314, -85.21 32.760858121158215, -86.36854926349257 30.940277313478457, -88.99566782556536 31.979150389351314, -87.38901178798201 33.26012765346314))"
98E,2019-06-17 23:55:00+00:00,2019-06-18 01:55:00+00:00,0.0,44000.0,"POLYGON ((-80.29550089668525 40.184793964076796, -80.78445415284757 38.68669922714114, -82.54259631508462 38.58290472199439, -83.01924469498647 39.34780588274859, -82.21172208346802 40.14938455677428, -80.29550089668525 40.184793964076796))"
01E,2019-06-17 23:55:00+00:00,2019-06-18 01:55:00+00:00,0.0,45000.0,"POLYGON ((-76.01976953301461 38.18292064143042, -75.29622075654017 36.88657774342138, -76.6779890575131 36.42494343699633, -77.19096886311284 37.60215696362585, -76.01976953301461 38.18292064143042))"
99E,2019-06-17 23:55:00+00:00,2019-06-18 01:55:00+00:00,0.0,45000.0,"POLYGON ((-74.43000000000002 40.10914187884179, -74.24113220115693 39.09866597433693, -77.06158311717377 37.70417306833537, -79.24510310078773 38.630252375450375, -74.43000000000002 40.10914187884179))"
30C,2019-06-17 23:55:00+00:00,2019-06-18 01:55:00+00:00,0.0,45000.0,"POLYGON ((-102.34846201087133 35.28793453962528, -101.94942176331496 31.805318724005996, -104.88328695402953 32.8054573396795, -105.47765491723639 34.99169673145791, -102.34846201087133 35.28793453962528))"
35W,2019-06-17 23:55:00+00:00,2019-06-18 01:55:00+00:00,0.0,42000.0,"POLYGON ((-117.91199224006975 48.98749830476983, -113.09021771359913 48.831400538118686, -111.71016385152252 46.209049721851954, -114.80962026281235 45.52882655606605, -117.91199224006975 48.98749830476983))"
02E,2019-06-17 23:55:00+00:00,2019-06-18 01:55:00+00:00,0.0,45000.0,"POLYGON ((-79.83487803605058 37.71907851916679, -79.0015058380135 36.788645613707395, -83.86216225640253 34.88971008063144, -84.07990193807704 35.96351720540274, -79.83487803605058 37.71907851916679))"
97E,2019-06-17 23:55:00+00:00,2019-06-18 01:55:00+00:00,0.0,45000.0,"POLYGON ((-85.35788602565815 40.67246816470484, -82.757347148634 40.45728958988116, -84.45574777563111 38.55862991208368, -87.76 37.93, -87.25 39.49, -85.35788602565815 40.67246816470484))"
06E,2019-06-17 23:55:00+00:00,2019-06-18 01:55:00+00:00,0.0,45000.0,"POLYGON ((-79.97020366320871 27.488030491583192, -78.97286876565066 26.675630616850057, -78.60267983213524 24.261108945577764, -79.444141645063 23.953169938557586, -80.13893324849997 25.49252228283299, -79.97020366320871 27.488030491583192))"
05E,2019-06-17 23:55:00+00:00,2019-06-18 01:55:00+00:00,0.0,45000.0,"POLYGON ((-83.06492998408234 32.00936513770828, -82.51 31.04089313279082, -84.07786910491039 30.164436683270303, -84.49809797611508 30.707326216639554, -83.06492998408234 32.00936513770828))"
29C,2019-06-17 23:55:00+00:00,2019-06-18 01:55:00+00:00,0.0,43000.0,"POLYGON ((-102.98 41.1, -100.89911514931549 40.43487091095333, -102.22048516427567 37.03343839908489, -105.52495200509733 37.114351899317576, -104.91032606679207 40.27084662363903, -102.98 41.1))"
33C,2019-06-17 23:55:00+00:00,2019-06-18 01:55:00+00:00,0.0,44000.0,"POLYGON ((-85.58 38.43273791147279, -84.2688599009208 36.72248419739157, -87.49 34.71, -87.95997185477532 35.631330221950975, -85.58 38.43273791147279))"
32C,2019-06-17 23:55:00+00:00,2019-06-18 01:55:00+00:00,0.0,44000.0,"POLYGON ((-92.36721343452265 37.03775803263106, -91.3479472659147 36.877868866166466, -92.18551926512717 36.10365722545654, -93.82736687513187 36.48492528861765, -92.36721343452265 37.03775803263106))"
31C,2019-06-17 23:55:00+00:00,2019-06-18 01:55:00+00:00,0.0,45000.0,"POLYGON ((-103.653987551537 31.51640717749893, -102.2650174601098 30.69336544469163, -103.36730441863041 29.069070318372592, -104.6272204200906 29.7100533582447, -105.05065600209092 31.23652157106794, -103.653987551537 31.51640717749893))"
35C,2019-06-17 23:55:00+00:00,2019-06-18 01:55:00+00:00,0.0,45000.0,"POLYGON ((-89.46733530667773 30.0399310133552, -89.03180928940711 28.23463979765442, -91.03571626812398 28.35326538449789, -90.95906305529513 29.846534814906935, -89.46733530667773 30.0399310133552))"
27C,2019-06-17 23:55:00+00:00,2019-06-18 01:55:00+00:00,0.0,44000.0,"POLYGON ((-104.62820751412535 43.968580025891704, -102.86243358710607 41.69734283561895, -103.79271350318164 40.84247184342569, -106.60094617350804 42.85426925104558, -104.62820751412535 43.968580025891704))"
28C,2019-06-17 23:55:00+00:00,2019-06-18 01:55:00+00:00,0.0,45000.0,"POLYGON ((-97.62609187862887 43.392204869410456, -96.05368510671185 41.40485658614403, -100.89911514931549 40.43487091095333, -102.98 41.1, -97.62609187862887 43.392204869410456))"
34C,2019-06-17 23:55:00+00:00,2019-06-18 01:55:00+00:00,0.0,45000.0,"POLYGON ((-89.32 37.01821373441836, -87.49 34.71, -88.51 33.49, -89.74807843569131 34.558664395551276, -89.90529588619165 36.489143741459884, -89.32 37.01821373441836))"
38W,2019-06-17 23:55:00+00:00,2019-06-18 01:55:00+00:00,0.0,42000.0,"POLYGON ((-113.12372218068526 42.1980288942044, -111.03680985587275 41.55202563868247, -112.93070927727554 37.688320474488826, -118.69139311578981 35.479311353787125, -121.13918327226212 39.207810865524465, -113.12372218068526 42.1980288942044))"
39W,2019-06-17 23:55:00+00:00,2019-06-18 01:55:00+00:00,0.0,45000.0,"POLYGON ((-108.79000000000002 39.72547582294557, -107.12700154347048 37.054460288640634, -107.28 33.28, -111.27 36.12, -110.7 39.08547582294557, -108.79000000000002 39.72547582294557))"
36W,2019-06-17 23:55:00+00:00,2019-06-18 01:55:00+00:00,0.0,42000.0,"POLYGON ((-110.00075657880876 46.30054235345548, -107.06 44.50726208852722, -112.60909738057846 42.31753082141505, -116.4443417653568 44.76976039053459, -110.00075657880876 46.30054235345548))"
1E,2019-06-18 00:55:00+00:00,2019-06-18 02:55:00+00:00,,,"POLYGON ((-82.80512566540212 40.34835050242264, -85.53611194166642 38.01014546012745, -89.4717037361429 36.08786660256354, -84.35073474590716 38.94109474479536, -85.51811728111817 38.02144728455495, -82.68524341380162 40.18826225878434, -84.35267633898874 38.93960333842126, -89.55947985281006 36.26757568230865, -85.62388805833358 38.18985453987256, -85.64188271888183 38.17855271544505, -84.47450018367083 39.09820017568546, -84.47255859058924 39.09969158205956, -82.80512566540212 40.34835050242264))"
8E,2019-06-18 00:55:00+00:00,2019-06-18 02:55:00+00:00,0.0,45000.0,"POLYGON ((-81.78 26.819141878841787, -81.08287755621247 25.797795738054837, -82.36443033925931 25.10008101007333, -83.11775444081408 26.025844170879648, -81.78 26.819141878841787))"
10E,2019-06-18 00:55:00+00:00,2019-06-18 02:55:00+00:00,0.0,45000.0,"POLYGON ((-81.8 24.59, -79.58173747224515 24.261294029606137, -78.60267983213524 24.261108945577764, -82.44386152768286 24.000431939860878, -81.8 24.59))"
2E,2019-06-18 00:55:00+00:00,2019-06-18 02:55:00+00:00,0.0,40000.0,"POLYGON ((-78.75528582192072 40.91747037888307, -80.1 38.91, -80.78445415284757 38.68669922714114, -82.54498528994014 38.91484620724385, -80.91372910184691 40.60655839906034, -78.75528582192072 40.91747037888307))"
5E,2019-06-18 00:55:00+00:00,2019-06-18 02:55:00+00:00,0.0,45000.0,"POLYGON ((-80.71 37.09, -79.24 36.816287181737316, -79.84360446718713 35.782790395162415, -82.38347739304542 36.23527761939183, -80.71 37.09))"
4E,2019-06-18 00:55:00+00:00,2019-06-18 02:55:00+00:00,0.0,45000.0,"POLYGON ((-75.51 37.91628718173732, -75.29622075654017 36.88657774342138, -76.43289640804915 36.055279376820536, -77.06299440315294 37.295267102511666, -75.51 37.91628718173732))"
4C,2019-06-18 00:55:00+00:00,2019-06-18 02:55:00+00:00,0.0,45000.0,"POLYGON ((-102.34846201087133 35.28793453962528, -101.84901407873554 32.009543936574744, -104.88328695402953 32.8054573396795, -105.47765491723639 34.99169673145791, -102.34846201087133 35.28793453962528))"
8C,2019-06-18 00:55:00+00:00,2019-06-18 02:55:00+00:00,0.0,45000.0,"POLYGON ((-92.58307876588198 31.604800828342555, -92.41692123411802 31.493482929341035, -93.36126522952651 30.083917452264966, -93.52742276129047 30.195235351266486, -92.58307876588198 31.604800828342555))"
5W,2019-06-18 00:55:00+00:00,2019-06-18 02:55:00+00:00,0.0,45000.0,"POLYGON ((-121.53927519244567 40.31919203830062, -115.36432633735879 35.67912787456118, -118.77150454267134 35.59020493349972, -122.24 40.1, -121.53927519244567 40.31919203830062))"
9E,2019-06-18 00:55:00+00:00,2019-06-18 02:55:00+00:00,0.0,45000.0,"POLYGON ((-79.56117451794687 27.14958210160337, -78.78669224824179 26.674052879508793, -78.9860466174684 24.617894306950927, -80.28 25.13452417705443, -79.56117451794687 27.14958210160337))"
6E,2019-06-18 00:55:00+00:00,2019-06-18 02:55:00+00:00,0.0,45000.0,"POLYGON ((-83.12856314608328 36.152266145683434, -81.61662726170177 35.64441769540652, -83.84057353217882 33.628554061276965, -84.7233503359014 33.86495836522623, -83.12856314608328 36.152266145683434))"
3E,2019-06-18 00:55:00+00:00,2019-06-18 02:55:00+00:00,0.0,45000.0,"POLYGON ((-73.16415537694975 40.43741463175717, -73.03826328663932 39.36599150718487, -77.02249638951126 37.734908715085794, -78.46192302544942 38.829510553520834, -73.16415537694975 40.43741463175717))"
7E,2019-06-18 00:55:00+00:00,2019-06-18 02:55:00+00:00,0.0,45000.0,"POLYGON ((-87.95831287271236 33.297777165858435, -84.21182375388081 33.16867559786982, -86.45649057216711 31.290922835561766, -89.0485046770977 31.316386786392243, -87.95831287271236 33.297777165858435))"
2C,2019-06-18 00:55:00+00:00,2019-06-18 02:55:00+00:00,0.0,45000.0,"POLYGON ((-97.21441171028903 42.88064655251599, -95.90995413406812 41.477285171616685, -100.89911514931549 40.43487091095333, -102.57285018070358 40.97194931062784, -97.21441171028903 42.88064655251599))"
6C,2019-06-18 00:55:00+00:00,2019-06-18 02:55:00+00:00,0.0,44000.0,"POLYGON ((-85.84767128556543 37.399095692685854, -85.06863633778889 36.707804421097194, -87.79752155618463 34.09479335616299, -90.16753871927507 34.95618907771466, -85.84767128556543 37.399095692685854))"
5C,2019-06-18 00:55:00+00:00,2019-06-18 02:55:00+00:00,0.0,45000.0,"POLYGON ((-103.63180117398302 31.86939931966077, -102.16297931382807 30.241585849351253, -103.22382077489397 28.760946855203418, -104.6272204200906 29.7100533582447, -105.05065600209092 31.23652157106794, -103.63180117398302 31.86939931966077))"
3C,2019-06-18 00:55:00+00:00,2019-06-18 02:55:00+00:00,0.0,43000.0,"POLYGON ((-102.57285018070358 40.97194931062784, -100.89911514931549 40.43487091095333, -102.4552775052322 35.28726475362841, -104.82894466384278 35.044779516018906, -103.98748982620536 40.411867581395214, -102.57285018070358 40.97194931062784))"
1C,2019-06-18 00:55:00+00:00,2019-06-18 02:55:00+00:00,0.0,45000.0,"POLYGON ((-103.73844307096422 42.350826132649324, -101.74908019372502 41.475471075517035, -103.79271350318164 40.84247184342569, -105.24737849123774 41.69195815133927, -103.73844307096422 42.350826132649324))"
7C,2019-06-18 00:55:00+00:00,2019-06-18 02:55:00+00:00,0.0,45000.0,"POLYGON ((-89.46733530667773 30.0399310133552, -89.03180928940711 28.23463979765442, -91.03571626812398 28.35326538449789, -90.93349366334407 29.710963116014522, -89.46733530667773 30.0399310133552))"
4W,2019-06-18 00:55:00+00:00,2019-06-18 02:55:00+00:00,0.0,42000.0,"POLYGON ((-112.8641302854245 42.07192106312077, -111.19541896100077 41.435558493571186, -112.3 37.69, -113.54 36.119106867209176, -117.49747774474108 39.49261588178384, -112.8641302854245 42.07192106312077))"
3W,2019-06-18 00:55:00+00:00,2019-06-18 02:55:00+00:00,0.0,42000.0,"POLYGON ((-106.9277184958198 43.646036931002655, -104.27748918262753 42.475459389853405, -108.39421840135098 40.5148392422274, -109.6334002890859 42.226087198708484, -106.9277184958198 43.646036931002655))"
2W,2019-06-18 00:55:00+00:00,2019-06-18 02:55:00+00:00,0.0,40000.0,"POLYGON ((-112.29398994716074 46.84476731534492, -107.49257470100996 44.711849056716204, -112.45 42.2, -114.92702057631232 43.24770048455137, -114.92077210662622 45.60513990608235, -112.29398994716074 46.84476731534492))"
1W,2019-06-18 00:55:00+00:00,2019-06-18 02:55:00+00:00,0.0,40000.0,"POLYGON ((-118.50228246427531 48.94010127098074, -112.67 48.834524177054426, -112.68227517109172 48.20027236804019, -117.10346617069611 47.911722863842556, -118.50228246427531 48.94010127098074))"
6W,2019-06-18 00:55:00+00:00,2019-06-18 02:55:00+00:00,0.0,45000.0,"POLYGON ((-108.10570444081783 40.262529686495235, -106.82 36.038213734418356, -108.85558112184647 34.18438933219583, -110.23798823964638 34.86770303400082, -109.71822631844245 39.37074212179964, -108.10570444081783 40.262529686495235))"
ALFA 5,2019-06-18 01:20:00+00:00,2019-06-18 05:20:00+00:00,0.0,45000.0,"POLYGON ((-91 28.15, -89 28.15, -90 27.15, -91.15 27.15, -91 28.15))"
11E,2019-06-18 01:55:00+00:00,2019-06-18 03:55:00+00:00,,,"POLYGON ((-82.54721583401512 40.26881448855295, -82.32870087456094 38.89318152321221, -82.45364504053101 38.97400509199304, -85.75640872588924 38.07800600392228, -85.77324336858425 38.07176921026905, -89.55860883524223 36.26799591301879, -82.5262244103596 38.86180553230202, -82.74473936981379 40.23743849764276, -85.70404392974775 37.88498287545043, -82.40128024438953 38.78098196352119, -89.47257475371073 36.0874463718534, -85.68720928705275 37.89121966910366, -82.54721583401512 40.26881448855295))"
14E,2019-06-18 01:55:00+00:00,2019-06-18 03:55:00+00:00,,,"POLYGON ((-79.72633697100657 36.2891852589772, -80.65200371369626 36.94818851674218, -80.77416497099259 36.94342400693213, -83.36416497099259 34.77669978160021, -83.36434920607397 34.7765452786111, -84.50434920607397 33.81818316594514, -84.50565890195811 33.81706274128587, -86.25370039892144 32.29535631092109, -80.76799628630373 36.78525993392167, -79.84232954361404 36.12625667615669, -83.2358350290074 34.6233002183998, -80.6458350290074 36.79002444373172, -84.37565079392603 33.66509260872295, -83.23565079392603 34.62345472138891, -86.1223825950052 32.14450660301743, -84.37434109804188 33.66621303338221, -79.72633697100657 36.2891852589772))"
15E,2019-06-18 01:55:00+00:00,2019-06-18 03:55:00+00:00,0.0,45000.0,"POLYGON ((-81.78 26.53, -81.02004213063793 25.521504637156102, -82.36443033925931 25.10008101007333, -82.82147967814069 26.138947310243392, -81.78 26.53))"
12E,2019-06-18 01:55:00+00:00,2019-06-18 03:55:00+00:00,0.0,40000.0,"POLYGON ((-79.50155813572545 41.04913684554356, -78.37265023282545 40.919367581618566, -80.36199523285742 38.70525264361196, -80.99426783132634 39.964544526958385, -79.50155813572545 41.04913684554356))"
8W,2019-06-18 01:55:00+00:00,2019-06-18 03:55:00+00:00,0.0,36000.0,"POLYGON ((-111.95 46.61, -109.0121684826058 45.14149309230987, -111.98 40.85, -113.76 40.73, -114.79670923732755 44.50660993717226, -111.95 46.61))"
13E,2019-06-18 01:55:00+00:00,2019-06-18 03:55:00+00:00,0.0,45000.0,"POLYGON ((-73.30741789298474 40.276152664690514, -72.84093513924302 39.29978629200471, -76.69089893117365 37.49833195662816, -78.11611984863796 39.10085760187229, -73.30741789298474 40.276152664690514))"
17E,2019-06-18 01:55:00+00:00,2019-06-18 03:55:00+00:00,0.0,45000.0,"POLYGON ((-80.28 24.801786265581647, -78.60267983213524 24.261108945577764, -81.8 23.924524177054433, -81.8 24.59, -80.28 24.801786265581647))"
16E,2019-06-18 01:55:00+00:00,2019-06-18 03:55:00+00:00,0.0,45000.0,"POLYGON ((-79.57307447071443 26.870063887745584, -78.78669224824179 26.674052879508793, -78.92007418187025 25.284354710145234, -80.28 25.13452417705443, -79.57307447071443 26.870063887745584))"
10C,2019-06-18 01:55:00+00:00,2019-06-18 03:55:00+00:00,0.0,43000.0,"POLYGON ((-101.24344389512761 40.198162970143144, -101.91324066807857 31.77441821727351, -103.62431443531193 33.33602754337187, -104.43 38.29, -103.42823810848272 39.69861938502003, -101.24344389512761 40.198162970143144))"
14C,2019-06-18 01:55:00+00:00,2019-06-18 03:55:00+00:00,0.0,45000.0,"POLYGON ((-89.07336190668987 30.473382534849762, -89.03180928940711 28.23463979765442, -90.53366277448461 28.25707270258019, -90.76599373514455 30.287912163885885, -89.07336190668987 30.473382534849762))"
12C,2019-06-18 01:55:00+00:00,2019-06-18 03:55:00+00:00,0.0,45000.0,"POLYGON ((-104.02359213355078 31.867597322391006, -102.46607336090584 29.873048685196448, -103.22382077489397 28.760946855203418, -104.31585227335323 29.530966792072043, -104.90950567417596 31.81265647901546, -104.02359213355078 31.867597322391006))"
13C,2019-06-18 01:55:00+00:00,2019-06-18 03:55:00+00:00,0.0,44000.0,"POLYGON ((-85.58 37.434524177054435, -84.87755619122086 36.77285820568842, -86.92776930745075 34.89970959924097, -87.92116445146783 35.06216346737892, -85.58 37.434524177054435))"
9C,2019-06-18 01:55:00+00:00,2019-06-18 03:55:00+00:00,0.0,45000.0,"POLYGON ((-96.78 42.319048354108865, -95.74 41.17, -104.20291390445946 39.456179071034505, -104.1065715417319 41.20809628620395, -96.78 42.319048354108865))"
11C,2019-06-18 01:55:00+00:00,2019-06-18 03:55:00+00:00,0.0,45000.0,"POLYGON ((-104.72301296234241 34.79280941478406, -103.78187520733637 32.631336659183106, -104.62 32.67452417705444, -105.32887894529699 33.926192836898785, -104.72301296234241 34.79280941478406))"
12W,2019-06-18 01:55:00+00:00,2019-06-18 03:55:00+00:00,0.0,45000.0,"POLYGON ((-107.54954468283759 40.05861598845079, -106.69966467634637 36.64088674229378, -109.14 34.42, -110.23535263367455 35.249692676198656, -109.12086539472628 39.67435410625065, -107.54954468283759 40.05861598845079))"
9W,2019-06-18 01:55:00+00:00,2019-06-18 03:55:00+00:00,0.0,42000.0,"POLYGON ((-107.99846605979631 44.83615702994761, -104.6854883517249 43.078929754179086, -107.90831249280167 40.709407469187745, -109.48569057548515 42.38730231811874, -107.99846605979631 44.83615702994761))"
11W,2019-06-18 01:55:00+00:00,2019-06-18 03:55:00+00:00,0.0,41000.0,"POLYGON ((-120.93510497288065 40.09267828999023, -115.47267126095001 35.464773294524875, -118.72189660467589 35.606743943710605, -120.91279249031193 38.43827456745044, -120.93510497288065 40.09267828999023))"
7W,2019-06-18 01:55:00+00:00,2019-06-18 03:55:00+00:00,0.0,30000.0,"POLYGON ((-117.62999999999998 49.057320601627545, -116.46727346391862 48.884528047598145, -115.65 47.46, -117.17334982891515 47.686428616199635, -117.62999999999998 49.057320601627545))"
10W,2019-06-18 01:55:00+00:00,2019-06-18 03:55:00+00:00,0.0,42000.0,"POLYGON ((-116.75313574390808 40.26246991407796, -112.75846229451552 39.76085145483954, -112.3 37.69, -113.54 36.119106867209176, -116.8655491385817 38.70239577812766, -116.75313574390808 40.26246991407796))"
18E,2019-06-18 02:55:00+00:00,2019-06-18 04:55:00+00:00,,,"POLYGON ((-82.33495139013452 40.2735186229602, -82.26125601284875 38.86155044655632, -82.38625322442881 38.95312831323751, -85.75535946913496 38.07828454872425, -85.77266337299744 38.07204330603199, -89.36243704517894 36.38964358468074, -82.46098415337596 38.85112596184291, -82.53467953066173 40.26309413824679, -85.70509318650204 37.88470433064847, -82.3359869417959 38.75954809516173, -89.27756295482105 36.20854585198947, -85.68778928263956 37.89094557334072, -82.33495139013452 40.2735186229602))"
21E,2019-06-18 02:55:00+00:00,2019-06-18 04:55:00+00:00,,,"POLYGON ((-79.49058019254505 37.17697052820529, -83.29988907894634 34.60000006151742, -83.57146586067319 34.59969882550433, -79.38527273631345 37.00694012015417, -83.2473462718842 34.61498479597444, -83.57168770278051 34.79969870246949, -83.30011092105366 34.79999993848259, -83.3526537281158 34.78501520402556, -79.49058019254505 37.17697052820529))"
24E,2019-06-18 02:55:00+00:00,2019-06-18 04:55:00+00:00,0.0,45000.0,"POLYGON ((-82.12186423526543 26.222911517540677, -78.59826229481254 24.256980316914582, -80.62904358868819 24.14288289400962, -82.59151615448968 25.30351415153013, -82.12186423526543 26.222911517540677))"
19E,2019-06-18 02:55:00+00:00,2019-06-18 04:55:00+00:00,0.0,40000.0,"POLYGON ((-78.56102829069278 40.524143226521595, -79.09734754917714 40.11523760288453, -80.47061619441938 40.130125654726015, -80.06434995619085 40.562775948774046, -78.56102829069278 40.524143226521595))"
22E,2019-06-18 02:55:00+00:00,2019-06-18 04:55:00+00:00,0.0,45000.0,"POLYGON ((-84.57330600625582 33.897060808331815, -84.44 33.340858121158206, -86.07778508950157 32.42422333324176, -86.76745729085373 33.402796946539354, -84.57330600625582 33.897060808331815))"
19C,2019-06-18 02:55:00+00:00,2019-06-18 04:55:00+00:00,0.0,44000.0,"POLYGON ((-85.76970492084845 37.149418696164474, -84.77728394385545 36.80682998104681, -86.05116513660599 35.62721705440935, -87.1507388838783 35.37736169956549, -85.76970492084845 37.149418696164474))"
15W,2019-06-18 02:55:00+00:00,2019-06-18 04:55:00+00:00,0.0,42000.0,"POLYGON ((-107.49021685598836 44.5325083036228, -106.56090407851369 43.294111362606564, -107.24857316668496 42.37029678141689, -108.3 43.46, -107.49021685598836 44.5325083036228))"
16W,2019-06-18 02:55:00+00:00,2019-06-18 04:55:00+00:00,0.0,42000.0,"POLYGON ((-113.3081807242209 37.353750652726816, -112.64646306854672 37.02166056894082, -113.4034251056674 35.88705529123142, -113.88317441640856 36.28734556357681, -113.3081807242209 37.353750652726816))"
14W,2019-06-18 02:55:00+00:00,2019-06-18 04:55:00+00:00,0.0,36000.0,"POLYGON ((-113.4953029051846 43.48027248912222, -110.52855715992719 42.885921865653245, -111.98 40.85, -113.61456700574831 40.462776271398916, -114.26349991567679 42.880476279859174, -113.4953029051846 43.48027248912222))"
23E,2019-06-18 02:55:00+00:00,2019-06-18 04:55:00+00:00,0.0,45000.0,"POLYGON ((-78.78669224824179 26.674052879508793, -78.92007418187025 25.284354710145234, -79.6298812004389 25.210354803629514, -79.53142368096782 26.678907617793083, -78.78669224824179 26.674052879508793))"
20E,2019-06-18 02:55:00+00:00,2019-06-18 04:55:00+00:00,0.0,42000.0,"POLYGON ((-73.4610711473136 40.39430638883012, -73.23596497331097 39.43186283948943, -75.26798700973912 37.88863594415126, -77.6337623726889 39.04949877690833, -73.4610711473136 40.39430638883012))"
20C,2019-06-18 02:55:00+00:00,2019-06-18 04:55:00+00:00,0.0,45000.0,"POLYGON ((-88.74708987921905 30.72942565123441, -89.03180928940711 28.23463979765442, -90.53366277448461 28.25707270258019, -91.02632812679325 30.714995550376187, -88.74708987921905 30.72942565123441))"
17C,2019-06-18 02:55:00+00:00,2019-06-18 04:55:00+00:00,0.0,45000.0,"POLYGON ((-104.3391269155134 33.10440247204681, -103.70344273150931 33.018297884250586, -104.02359213355078 31.867597322391006, -104.90950567417596 31.81265647901546, -104.3391269155134 33.10440247204681))"
16C,2019-06-18 02:55:00+00:00,2019-06-18 04:55:00+00:00,0.0,45000.0,"POLYGON ((-101.23564291298746 39.036192356083724, -101.7721848025133 32.36223752213527, -103.24000000000001 32.86821373441835, -103.7689686731065 34.17814746467652, -103.32510170134243 38.19828936038757, -101.23564291298746 39.036192356083724))"
18C,2019-06-18 02:55:00+00:00,2019-06-18 04:55:00+00:00,0.0,45000.0,"POLYGON ((-103.33796895465312 30.822173448357546, -102.46607336090584 29.873048685196448, -103.22382077489397 28.760946855203418, -103.95 29.301786265581644, -104.48303084744293 30.107919967433553, -103.33796895465312 30.822173448357546))"
15C,2019-06-18 02:55:00+00:00,2019-06-18 04:55:00+00:00,0.0,45000.0,"POLYGON ((-96.84789503391721 41.98821452767679, -95.74 41.17, -103.32510170134243 38.19828936038757, -104.15885208127268 41.01738192414574, -96.84789503391721 41.98821452767679))"
18W,2019-06-18 02:55:00+00:00,2019-06-18 04:55:00+00:00,0.0,45000.0,"POLYGON ((-107.30000000000001 41.01910686720919, -106.89 39.44, -110.24025258475787 36.115593592275864, -111.27 36.12, -108.39421840135098 40.5148392422274, -107.30000000000001 41.01910686720919))"
13W,2019-06-18 02:55:00+00:00,2019-06-18 04:55:00+00:00,0.0,30000.0,"POLYGON ((-117.62999999999998 48.724582690154755, -116.65734938276965 48.57631395951177, -115.65 47.46, -116.38818719367559 47.45763102323195, -117.62999999999998 48.724582690154755))"
17W,2019-06-18 02:55:00+00:00,2019-06-18 04:55:00+00:00,0.0,41000.0,"POLYGON ((-119.65999999999998 38.698155221318046, -115.47267126095001 35.464773294524875, -118.22550906696767 36.18269924888947, -120.55382696576423 38.397831450609225, -119.65999999999998 38.698155221318046))"
25E,2019-06-18 03:55:00+00:00,2019-06-18 05:55:00+00:00,,,"POLYGON ((-82.15265907642126 40.26660106341233, -85.41886023794657 37.88209173875122, -88.04836539862998 37.59339805767905, -82.08553877548185 38.80834187991456, -85.40296400567243 37.88515523799943, -82.35159809772443 40.24602763873548, -82.21181795264249 38.89439436926306, -88.0701922670998 37.79220345954933, -85.44068710641639 38.0808971406215, -85.45658333869054 38.07783364137328, -82.13915810849996 39.00102028328841, -82.01287893133932 38.91496779393992, -82.15265907642126 40.26660106341233))"
27E,2019-06-18 03:55:00+00:00,2019-06-18 05:55:00+00:00,,,"POLYGON ((-79.3684340735418 37.21317643574288, -80.81986270114167 35.29949331330988, -83.17857150756875 34.68216070379959, -79.21876065995474 37.0805194748807, -80.77034564166625 35.32990632066809, -83.22921080220497 34.87564367937818, -80.8705019957779 35.49297628888847, -80.92001905525332 35.46256328153027, -79.3684340735418 37.21317643574288))"
28E,2019-06-18 03:55:00+00:00,2019-06-18 05:55:00+00:00,0.0,45000.0,"POLYGON ((-84.53018096894917 34.44728709878532, -84.30669399374419 33.897060808331815, -86.9 32.94714530289554, -86.9 33.67, -84.53018096894917 34.44728709878532))"
23C,2019-06-18 03:55:00+00:00,2019-06-18 05:55:00+00:00,0.0,45000.0,"POLYGON ((-103.6 35.18, -100.99059138166845 34.368004085246916, -101.51466422034146 32.89797223780684, -103.72364546091423 32.27799364951388, -104.62 34.06285469710448, -103.6 35.18))"
25C,2019-06-18 03:55:00+00:00,2019-06-18 05:55:00+00:00,0.0,44000.0,"POLYGON ((-85.01544219130439 37.02656029458733, -84.71731789880238 36.17379102600564, -86.17628231519406 35.73003501507558, -86.68 36.14, -85.01544219130439 37.02656029458733))"
21W,2019-06-18 03:55:00+00:00,2019-06-18 05:55:00+00:00,0.0,35000.0,"POLYGON ((-116.74999999999999 36.51085812115821, -115.43197857663075 35.54542746708072, -115.80762443466732 35.01956052456805, -116.74999999999999 35.932574363474636, -116.74999999999999 36.51085812115821))"
26E,2019-06-18 03:55:00+00:00,2019-06-18 05:55:00+00:00,0.0,45000.0,"POLYGON ((-72.57102434695909 40.458612172131694, -72.44912037204143 38.31226701060093, -75.67168126293946 38.04247903401322, -76.5823375534553 39.37198876138292, -72.57102434695909 40.458612172131694))"
29E,2019-06-18 03:55:00+00:00,2019-06-18 05:55:00+00:00,0.0,45000.0,"POLYGON ((-82.04243512662475 26.29447874667893, -78.3482983082875 24.022719882865772, -80.4532068212314 24.07469221014595, -82.71166105579938 25.41072961911324, -82.04243512662475 26.29447874667893))"
22C,2019-06-18 03:55:00+00:00,2019-06-18 05:55:00+00:00,0.0,45000.0,"POLYGON ((-101.69 39.72273791147279, -100.23000000000002 38.59452417705443, -100.69475799213349 35.60466129276366, -102.39560253367048 35.5423195980979, -102.69 38.2, -101.69 39.72273791147279))"
26C,2019-06-18 03:55:00+00:00,2019-06-18 05:55:00+00:00,0.0,45000.0,"POLYGON ((-88.91012369435754 31.199402798588817, -87.99257532348068 29.960957988443386, -89.03180928940711 28.23463979765442, -90.53366277448461 28.25707270258019, -88.91012369435754 31.199402798588817))"
24C,2019-06-18 03:55:00+00:00,2019-06-18 05:55:00+00:00,0.0,45000.0,"POLYGON ((-104.09794484169585 30.60732655035264, -102.46607336090584 29.873048685196448, -103.22382077489397 28.760946855203418, -104.6272204200906 29.7100533582447, -104.09794484169585 30.60732655035264))"
21C,2019-06-18 03:55:00+00:00,2019-06-18 05:55:00+00:00,0.0,41000.0,"POLYGON ((-96.36964182850062 41.63885506453588, -96.5535733373827 40.912464794067716, -100.59 40.2, -102.98 41.1, -96.36964182850062 41.63885506453588))"
20W,2019-06-18 03:55:00+00:00,2019-06-18 05:55:00+00:00,0.0,35000.0,"POLYGON ((-107.41537064625493 44.22462562057288, -106.62526931669753 42.47465831949591, -107.57152738490684 42.0266124678051, -108.72440496044406 43.58654953667821, -107.41537064625493 44.22462562057288))"
19W,2019-06-18 03:55:00+00:00,2019-06-18 05:55:00+00:00,0.0,36000.0,"POLYGON ((-111.77627781931474 42.1980288942044, -111.81244023188165 40.54246872170039, -113.42700197245816 40.114699634929536, -113.76 41.39547582294556, -111.77627781931474 42.1980288942044))"
22W,2019-06-18 03:55:00+00:00,2019-06-18 05:55:00+00:00,0.0,35000.0,"POLYGON ((-110.7 37.421786265581645, -109.40758689317491 36.88680149956497, -110.22178842538176 35.529193221970885, -111.34866258065223 35.96626939558292, -110.7 37.421786265581645))"
DELTA 1,2019-06-18 04:05:00+00:00,2019-06-18 08:05:00+00:00,0.0,45000.0,"POLYGON ((-62.45 38.45, -62.3 37.15, -67.15 37.15, -67.15 38.3, -62.45 38.45))"
ECHO 1,2019-06-18 04:10:00+00:00,2019-06-18 08:10:00+00:00,0.0,45000.0,"POLYGON ((-85.15 25.15, -82.45 25.15, -82.15 24, -85.15 24, -85.15 25.15))"
33E,2019-06-18 04:55:00+00:00,2019-06-18 06:55:00+00:00,0.0,43000.0,"POLYGON ((-83.82753389291138 34.69886335595646, -83.94654922040172 34.03792968524566, -86.07237509826568 33.04703323551713, -87.14625195012803 33.87421016201342, -83.82753389291138 34.69886335595646))"
27C,2019-06-18 04:55:00+00:00,2019-06-18 06:55:00+00:00,0.0,34000.0,"POLYGON ((-98.62162770901486 41.17522587943798, -98.0574641036483 40.84536333223153, -99.8844494924698 39.37013962929982, -100.82321338589959 40.91641067547894, -98.62162770901486 41.17522587943798))"
29C,2019-06-18 04:55:00+00:00,2019-06-18 06:55:00+00:00,0.0,45000.0,"POLYGON ((-100.7878352464824 34.777901998547975, -101.51466422034146 32.89797223780684, -103.24000000000001 32.30371281826268, -104.27389926265407 33.3395200323287, -103.868992939464 34.6454374953078, -100.7878352464824 34.777901998547975))"
23W,2019-06-18 04:55:00+00:00,2019-06-18 06:55:00+00:00,0.0,32000.0,"POLYGON ((-111.98 41.28371281826269, -111.7618957872094 40.44909553536317, -113.04152219717064 39.70770355371108, -113.22991237632286 40.89476389906878, -111.98 41.28371281826269))"
24W,2019-06-18 04:55:00+00:00,2019-06-18 06:55:00+00:00,0.0,30000.0,"POLYGON ((-106.58235767007871 44.10213881760829, -106.43218130725691 43.357031711098145, -108.01927547159057 43.25520172781773, -108.37638921844338 43.59354074275412, -106.58235767007871 44.10213881760829))"
32E,2019-06-18 04:55:00+00:00,2019-06-18 06:55:00+00:00,0.0,43000.0,"POLYGON ((-80.4184808072863 36.40212488567535, -79.39590813581286 35.86842813686892, -82.35914591264499 34.67632171374924, -83.06637415550192 35.160892080146894, -80.4184808072863 36.40212488567535))"
30E,2019-06-18 04:55:00+00:00,2019-06-18 06:55:00+00:00,0.0,35000.0,"POLYGON ((-81.1495824883655 39.40471150290264, -83.70714819342305 37.797846403413594, -84.42645233611516 36.41475897846102, -85.9211610358806 35.88293715542125, -87.92211352372895 38.23729876066183, -81.1495824883655 39.40471150290264))"
31E,2019-06-18 04:55:00+00:00,2019-06-18 06:55:00+00:00,0.0,45000.0,"POLYGON ((-71.85541947727528 40.56614317245856, -71.17713667859279 38.76239319143765, -72.64304587494642 38.379696802941126, -73.60298752762402 40.322469659402074, -71.85541947727528 40.56614317245856))"
34E,2019-06-18 04:55:00+00:00,2019-06-18 06:55:00+00:00,0.0,45000.0,"POLYGON ((-82.17325249751944 26.17653939656358, -79.42867591818403 25.479191370833874, -79.72000179692368 24.569293734988953, -82.84290201139846 25.527518179151137, -82.17325249751944 26.17653939656358))"
28C,2019-06-18 04:55:00+00:00,2019-06-18 06:55:00+00:00,0.0,40000.0,"POLYGON ((-100.99171969689428 40.071971730078126, -99.9039418943079 38.644723941847474, -100.11572438597068 35.878653405358904, -100.91408644530053 35.876040035675935, -101.93878774618487 39.850850607503126, -100.99171969689428 40.071971730078126))"
30C,2019-06-18 04:55:00+00:00,2019-06-18 06:55:00+00:00,0.0,43000.0,"POLYGON ((-103.67683662277412 30.53499759987818, -102.46607336090584 29.873048685196448, -103.22382077489397 28.760946855203418, -103.95 29.301786265581644, -103.67683662277412 30.53499759987818))"
31C,2019-06-18 04:55:00+00:00,2019-06-18 06:55:00+00:00,0.0,41000.0,"POLYGON ((-88.36 31.06273791147279, -87.54479807310904 30.02160816642563, -89.03180928940711 28.23463979765442, -91.03571626812398 28.35326538449789, -88.36 31.06273791147279))"
ALFA 6,2019-06-18 05:00:00+00:00,2019-06-18 09:00:00+00:00,0.0,45000.0,"POLYGON ((-91 28.15, -88.45 28.15, -88.45 27.3, -91.15 27.3, -91 28.15))"
FOXTROT 1,2019-06-18 05:40:00+00:00,2019-06-18 09:40:00+00:00,0.0,45000.0,"POLYGON ((-79 26, -75.45 24, -76.3 23, -79 24.45, -79 26))"
37E,2019-06-18 05:55:00+00:00,2019-06-18 07:55:00+00:00,0.0,43000.0,"POLYGON ((-80.4184808072863 36.40212488567535, -79.39590813581286 35.86842813686892, -82.35914591264499 34.67632171374924, -83.06637415550192 35.160892080146894, -80.4184808072863 36.40212488567535))"
39E,2019-06-18 05:55:00+00:00,2019-06-18 07:55:00+00:00,0.0,45000.0,"POLYGON ((-82.04243512662475 26.29447874667893, -79.35607044589158 25.79708094283153, -79.72000179692368 24.569293734988953, -82.84290201139846 25.527518179151137, -82.04243512662475 26.29447874667893))"
38E,2019-06-18 05:55:00+00:00,2019-06-18 07:55:00+00:00,0.0,43000.0,"POLYGON ((-86.68048016577929 34.70732305395598, -84.9952099668973 34.652491948389375, -84.59347784799772 33.93731504050098, -86.5001941232837 33.66935638194009, -86.68048016577929 34.70732305395598))"
36E,2019-06-18 05:55:00+00:00,2019-06-18 07:55:00+00:00,0.0,45000.0,"POLYGON ((-71.10658688901002 40.53162012229959, -71.17713667859279 38.76239319143765, -72.25555602617851 38.24451853059374, -73.15430113998076 40.15779641440894, -71.10658688901002 40.53162012229959))"
35E,2019-06-18 05:55:00+00:00,2019-06-18 07:55:00+00:00,0.0,35000.0,"POLYGON ((-81.43715982005439 38.939504674348996, -84.11 37.52910686720918, -88.3527945544061 37.45794645069503, -87.76 38.595475822945566, -81.43715982005439 38.939504674348996))"
34C,2019-06-18 05:55:00+00:00,2019-06-18 07:55:00+00:00,0.0,45000.0,"POLYGON ((-100.88913633775006 35.033010917333264, -100.1639755120101 33.09445467995339, -102.74780894856973 32.479342979329445, -104.22171560149069 33.33936438538558, -104.31449242131589 34.58969415374992, -100.88913633775006 35.033010917333264))"
32C,2019-06-18 05:55:00+00:00,2019-06-18 07:55:00+00:00,0.0,34000.0,"POLYGON ((-98.03756453035453 41.14429536350664, -98.20178459189913 40.00450130606194, -99.77188658857021 39.61202672807144, -100.08818730000341 41.048106985827815, -98.03756453035453 41.14429536350664))"
35C,2019-06-18 05:55:00+00:00,2019-06-18 07:55:00+00:00,0.0,41000.0,"POLYGON ((-88.08561423058345 30.964992691111963, -87.36084317142596 30.240016139093544, -89.03180928940711 28.23463979765442, -91.16819071059288 28.23463979765442, -89.29294429181337 29.59345013510345, -88.08561423058345 30.964992691111963))"
33C,2019-06-18 05:55:00+00:00,2019-06-18 07:55:00+00:00,0.0,40000.0,"POLYGON ((-100.59 40.033631044263615, -99.4808474570229 37.10786330182102, -100.45384977143895 36.52962951206631, -102.30300924458399 39.858959688514, -100.59 40.033631044263615))"
GOLF 1,2019-06-18 06:05:00+00:00,2019-06-18 10:05:00+00:00,0.0,45000.0,"POLYGON ((-50.3 40.3, -51 38.3, -58 37.45, -57.45 40, -50.3 40.3))"
41E,2019-06-18 06:55:00+00:00,2019-06-18 08:55:00+00:00,0.0,35000.0,"POLYGON ((-70.03 39.834290605791075, -70.03 39.25600684810749, -72.41702371631723 38.301063751040715, -72.32 39.18514872694927, -70.03 39.834290605791075))"
38C,2019-06-18 06:55:00+00:00,2019-06-18 08:55:00+00:00,0.0,35000.0,"POLYGON ((-88.10110845979044 31.26400770974263, -87.15418475342834 30.42022791390091, -89.05552690687395 28.255906807532195, -90.47727622864093 28.37807481163178, -88.92620314144315 29.458382138503936, -88.10110845979044 31.26400770974263))"
43E,2019-06-18 06:55:00+00:00,2019-06-18 08:55:00+00:00,0.0,40000.0,"POLYGON ((-85.38437743314 35.42088991178049, -84.13193273380537 34.24443827871876, -86.33146879287571 34.139262809979385, -86.47811248651783 34.70581733632313, -85.38437743314 35.42088991178049))"
40E,2019-06-18 06:55:00+00:00,2019-06-18 08:55:00+00:00,0.0,34000.0,"POLYGON ((-81.43715982005439 38.939504674348996, -84.11 37.52910686720918, -88.3527945544061 37.45794645069503, -87.76 38.595475822945566, -81.43715982005439 38.939504674348996))"
42E,2019-06-18 06:55:00+00:00,2019-06-18 08:55:00+00:00,0.0,40000.0,"POLYGON ((-79.98 36.549106867209176, -79.19060844055129 35.86930138786026, -83.58536947712075 34.46438587084129, -83.7311116509389 35.05216375048904, -79.98 36.549106867209176))"
44E,2019-06-18 06:55:00+00:00,2019-06-18 08:55:00+00:00,0.0,37000.0,"POLYGON ((-82.68 28.40910686720918, -82.20334685953063 27.526904711845656, -83.24091393609818 27.143632369639118, -83.62131887702573 27.906801511507688, -82.68 28.40910686720918))"
45E,2019-06-18 06:55:00+00:00,2019-06-18 08:55:00+00:00,0.0,37000.0,"POLYGON ((-80.54769864257302 31.159962613839394, -79.7174551077208 30.964444740028352, -78.8209924521177 29.280485096039094, -79.68772347455695 28.383530149328113, -80.54769864257302 31.159962613839394))"
36C,2019-06-18 06:55:00+00:00,2019-06-18 08:55:00+00:00,0.0,37000.0,"POLYGON ((-99.37578812332485 40.5756759355119, -99.4808474570229 37.10786330182102, -100.34473040215371 37.03835951549176, -100.75596004293715 39.89247147467219, -99.37578812332485 40.5756759355119))"
37C,2019-06-18 06:55:00+00:00,2019-06-18 08:55:00+00:00,0.0,45000.0,"POLYGON ((-100.86332317628079 34.839228059388795, -99.86 32.979106867209175, -102.49236913390017 32.624461259451536, -104.22171560149069 33.33936438538558, -103.6 34.680893132790814, -100.86332317628079 34.839228059388795))"
DELTA 2,2019-06-18 07:40:00+00:00,2019-06-18 11:40:00+00:00,0.0,45000.0,"POLYGON ((-62.3 38.45, -62.15 36.45, -67.15 36.45, -67.15 38.45, -62.3 38.45))"
46E,2019-06-18 07:55:00+00:00,2019-06-18 09:55:00+00:00,,,"POLYGON ((-83.89504751896344 40.5077473290827, -79.93277619025513 40.73123165384776, -77.01466959239895 40.20158450878456, -83.87393871271665 40.3088644029708, -79.90436319658932 40.73018262314226, -76.97895241131411 40.39836937348546, -79.89705900917029 40.92801651854867, -79.9254720028361 40.92906554925417, -83.89504751896344 40.5077473290827))"
HOTEL 1,2019-06-18 07:55:00+00:00,2019-06-18 11:55:00+00:00,0.0,45000.0,"POLYGON ((-166 33, -164 32.45, -164.45 30, -166.3 30, -166 33))"
47E,2019-06-18 07:55:00+00:00,2019-06-18 09:55:00+00:00,0.0,36000.0,"POLYGON ((-84.30361368981833 39.14666318688431, -83.91150595684472 38.76267480859985, -87.54907629864074 37.929811762162885, -87.76 38.595475822945566, -84.30361368981833 39.14666318688431))"
48E,2019-06-18 07:55:00+00:00,2019-06-18 09:55:00+00:00,0.0,40000.0,"POLYGON ((-69.20212328424691 39.73994761723672, -68.8813193150752 39.12232121281624, -71.09818341852446 38.60786054786287, -71.33607441871698 39.071297915783774, -69.20212328424691 39.73994761723672))"
50E,2019-06-18 07:55:00+00:00,2019-06-18 09:55:00+00:00,0.0,45000.0,"POLYGON ((-80.25764982726768 30.779700634568805, -79.7174551077208 30.964444740028352, -78.8209924521177 29.280485096039094, -79.68772347455695 28.383530149328113, -80.25764982726768 30.779700634568805))"
49E,2019-06-18 07:55:00+00:00,2019-06-18 09:55:00+00:00,0.0,40000.0,"POLYGON ((-79.55735354595129 36.63475561336929, -79.34765987058917 35.677663676693896, -84.13193273380537 34.24443827871876, -84.33801861124773 34.957298025751605, -79.55735354595129 36.63475561336929))"
39C,2019-06-18 07:55:00+00:00,2019-06-18 09:55:00+00:00,0.0,31000.0,"POLYGON ((-99.43306934821706 39.51195578775288, -98.93254176232153 37.296584825392486, -99.88 37.17184477868197, -100.42833236644896 39.196165079536634, -99.43306934821706 39.51195578775288))"
41C,2019-06-18 07:55:00+00:00,2019-06-18 09:55:00+00:00,0.0,34000.0,"POLYGON ((-91.32697679203754 28.728742840558308, -88.69861320022164 28.6633742230678, -88.35044641608883 28.531968360228927, -91.30037076406397 28.11588683181027, -91.32697679203754 28.728742840558308))"
40C,2019-06-18 07:55:00+00:00,2019-06-18 09:55:00+00:00,0.0,45000.0,"POLYGON ((-103.98584482045804 34.41086199811254, -100.05986189824452 33.90866967949095, -99.29924413269605 32.949320588324674, -102.4163910612882 32.470913742071424, -103.70344273150931 33.018297884250586, -103.98584482045804 34.41086199811254))"
ALFA 7,2019-06-18 08:10:00+00:00,2019-06-18 12:10:00+00:00,0.0,45000.0,"POLYGON ((-92 28.15, -88 28.15, -88.45 27.3, -92.15 27.15, -92 28.15))"
51E,2019-06-18 08:55:00+00:00,2019-06-18 10:55:00+00:00,,,"POLYGON ((-82.72218249364957 40.45419398474231, -79.89103892410503 40.8388353192103, -77.02476795740911 40.18115225410828, -82.68206960587716 40.2582578823146, -79.84861807225732 40.83833435606484, -76.9800391414861 40.37608643024507, -79.84631010818202 41.03376949534709, -79.88873096002973 41.03427045849255, -82.72218249364957 40.45419398474231))"
52E,2019-06-18 08:55:00+00:00,2019-06-18 10:55:00+00:00,0.0,36000.0,"POLYGON ((-85.01544219130439 37.02656029458733, -85.15 35.53828375768358, -87.86446153159365 35.016109146470505, -87.67653795566102 36.4678283683787, -85.01544219130439 37.02656029458733))"
54E,2019-06-18 08:55:00+00:00,2019-06-18 10:55:00+00:00,0.0,40000.0,"POLYGON ((-83.0684442524197 35.62057421138418, -82.28310509240747 35.0294885799404, -83.94810393733025 34.47698341148857, -84.49634285930613 35.17955013285486, -83.0684442524197 35.62057421138418))"
53E,2019-06-18 08:55:00+00:00,2019-06-18 10:55:00+00:00,0.0,40000.0,"POLYGON ((-70.03 39.68971966637016, -70.03 39.25600684810749, -71.25367779272571 38.91151791170162, -71.46200002677536 39.31398548001714, -70.03 39.68971966637016))"
42C,2019-06-18 08:55:00+00:00,2019-06-18 10:55:00+00:00,0.0,33000.0,"POLYGON ((-99.71208262613268 40.473315796292944, -97.65009708546302 37.88354539190558, -99.46359483039151 37.14067747100759, -100.94031325841858 40.310122299247, -99.71208262613268 40.473315796292944))"
55E,2019-06-18 08:55:00+00:00,2019-06-18 10:55:00+00:00,0.0,45000.0,"POLYGON ((-80.58964575885813 31.082999404695936, -79.73796961131684 30.976178166474565, -78.8209924521177 29.280485096039094, -79.68772347455695 28.383530149328113, -80.58964575885813 31.082999404695936))"
56E,2019-06-18 08:55:00+00:00,2019-06-18 10:55:00+00:00,0.0,41000.0,"POLYGON ((-79.69379427792553 27.032371714733443, -78.97286876565066 26.675630616850057, -79.08942577615537 25.349494405187173, -79.59857482846496 25.54374708596181, -79.69379427792553 27.032371714733443))"
43C,2019-06-18 08:55:00+00:00,2019-06-18 10:55:00+00:00,0.0,45000.0,"POLYGON ((-103.95390643149781 34.11293896649421, -99.32929551556148 33.73312081889757, -99.12911595926192 32.73255585949597, -99.99927227054955 32.36228268584, -102.56860829460385 32.77796287137032, -103.95390643149781 34.11293896649421))"
44C,2019-06-18 08:55:00+00:00,2019-06-18 10:55:00+00:00,0.0,43000.0,"POLYGON ((-88.35044641608883 28.531968360228927, -88.63614510363612 27.87800241321844, -91.95691798744568 27.520243119050857, -91.15234888172321 28.793887402199687, -88.35044641608883 28.531968360228927))"
FOXTROT 2,2019-06-18 09:20:00+00:00,2019-06-18 13:20:00+00:00,0.0,50000.0,"POLYGON ((-79 26.45, -75 24.45, -76.3 23, -79 24.45, -79 26.45))"
DELTA 3,2019-06-18 09:25:00+00:00,2019-06-18 13:25:00+00:00,0.0,45000.0,"POLYGON ((-67.15 38.45, -61.3 38.45, -61.15 37, -67.15 37, -67.15 38.45))"
GOLF 2,2019-06-18 09:25:00+00:00,2019-06-18 13:25:00+00:00,0.0,45000.0,"POLYGON ((-50.3 39.3, -50.45 37.45, -58 37.3, -57.45 39.15, -50.3 39.3))"
INDIA 1,2019-06-18 09:30:00+00:00,2019-06-18 13:30:00+00:00,0.0,45000.0,"POLYGON ((-82.45 26, -82.3 25.3, -82.3 24, -85 24, -82.45 26))"
46C,2019-06-18 09:55:00+00:00,2019-06-18 11:55:00+00:00,0.0,33000.0,"POLYGON ((-88.36 31.01914187884179, -88.82535068477242 30.56319514652271, -90.62899425982661 30.478282393785946, -90.26 31.15542906057911, -88.36 31.01914187884179))"
45C,2019-06-18 09:55:00+00:00,2019-06-18 11:55:00+00:00,0.0,45000.0,"POLYGON ((-101.75639575577044 34.007314789155345, -98.9602037808315 33.862112117463354, -98.47955100329553 32.472466311721895, -101.64733765109825 31.817844643112714, -102.19 32.84184477868196, -101.75639575577044 34.007314789155345))"
47C,2019-06-18 09:55:00+00:00,2019-06-18 11:55:00+00:00,0.0,43000.0,"POLYGON ((-88.36 29.066310442636077, -88.63614510363612 27.87800241321844, -91.82618299562877 27.639619376697883, -91.50138679977834 28.66337422306781, -88.36 29.066310442636077))"
60E,2019-06-18 10:00:00+00:00,2019-06-18 11:55:00+00:00,0.0,40000.0,"POLYGON ((-85.76970492084845 37.149418696164474, -84.88347114204021 36.22786455707166, -88.37691209385699 33.75706118663541, -89.1265334842041 33.9996111914881, -86.77466325231116 37.040180657195684, -85.76970492084845 37.149418696164474))"
62E,2019-06-18 10:00:00+00:00,2019-06-18 11:55:00+00:00,0.0,31000.0,"POLYGON ((-79.73777125054352 27.401345267768733, -79.19049584944513 27.009114035463508, -79.19571773354795 26.345253240139744, -79.64220724689848 26.513323578505126, -79.73777125054352 27.401345267768733))"
61E,2019-06-18 10:00:00+00:00,2019-06-18 11:55:00+00:00,0.0,39000.0,"POLYGON ((-82.13 37.16285469710447, -82.0932243519304 35.08521564769037, -83.43502368791978 34.96705787512451, -84.04081990793958 36.8964137740823, -82.13 37.16285469710447))"
57E,2019-06-18 10:00:00+00:00,2019-06-18 11:55:00+00:00,0.0,30000.0,"POLYGON ((-77.97 41.65457093942089, -77.4583826797877 41.084755744120265, -79.23041746206576 40.01262677438189, -79.8791704788066 41.712584186819825, -77.97 41.65457093942089))"
58E,2019-06-18 10:00:00+00:00,2019-06-18 11:55:00+00:00,0.0,30000.0,"POLYGON ((-84.7 39.35273791147279, -84.09832757812153 38.54788724200906, -86.55234322050309 37.77765252504662, -86.84199799864682 38.72075875392721, -84.7 39.35273791147279))"
59E,2019-06-18 10:00:00+00:00,2019-06-18 11:55:00+00:00,0.0,38000.0,"POLYGON ((-69.1213873865366 39.585623900234644, -68.8813193150752 39.12232121281624, -70.03 38.618096708217735, -70.03 38.950834619690504, -69.1213873865366 39.585623900234644))"
63E,2019-06-18 10:00:00+00:00,2019-06-18 11:55:00+00:00,0.0,45000.0,"POLYGON ((-79.4862113480442 31.57662182340266, -78.63029664222483 29.27709787387556, -79.55298265182502 28.500327787280437, -80.58964575885813 31.082999404695936, -79.4862113480442 31.57662182340266))"
BRAVO 1,2019-06-18 10:05:00+00:00,2019-06-18 14:05:00+00:00,0.0,50000.0,"POLYGON ((-120 13.45, -120 7, -123.3 7.3, -124 13.3, -120 13.45))"
69E,2019-06-18 10:55:00+00:00,2019-06-18 12:55:00+00:00,,,"POLYGON ((-82.8322831765064 29.57026245658118, -82.67552806111208 27.92824654061322, -83.15142501537179 27.63187428638097, -83.03057622801529 29.54418822172591, -82.82753802284176 28.00009438732465, -83.25715188732227 27.80164421465911, -82.78125493306256 28.09801646889136, -82.62924497133287 28.02616862217992, -82.8322831765064 29.57026245658118))"
66E,2019-06-18 10:55:00+00:00,2019-06-18 12:55:00+00:00,0.0,40000.0,"POLYGON ((-86.50908967196209 36.79641384688018, -84.49261483560389 36.722703502595714, -88.57623618463576 33.35641624312188, -90.40239039957885 33.35771276320588, -86.50908967196209 36.79641384688018))"
49C,2019-06-18 10:55:00+00:00,2019-06-18 12:55:00+00:00,0.0,41000.0,"POLYGON ((-89.79022421157056 31.465119947977836, -88.61889154020956 31.26400770974263, -89.52660009473163 30.258064076467225, -90.83584086981313 30.313203370998824, -89.79022421157056 31.465119947977836))"
64E,2019-06-18 10:55:00+00:00,2019-06-18 12:55:00+00:00,0.0,40000.0,"POLYGON ((-69.20212328424691 39.73994761723672, -67.8921964389949 39.61298209873834, -68.2562438062542 37.88450991432861, -70.03 38.78446566395412, -69.20212328424691 39.73994761723672))"
65E,2019-06-18 10:55:00+00:00,2019-06-18 12:55:00+00:00,0.0,37000.0,"POLYGON ((-84.39615231154083 39.25488779012915, -84.09832757812153 38.54788724200906, -85.97132207365095 38.22668492116085, -87.00824635032804 38.515820689814504, -84.39615231154083 39.25488779012915))"
68E,2019-06-18 10:55:00+00:00,2019-06-18 12:55:00+00:00,0.0,45000.0,"POLYGON ((-79.44166346475708 31.65893283188886, -78.62090868383004 30.168248924699977, -78.73820847810669 29.198283840659172, -79.17496313484394 27.673791862558097, -80.73709481138881 31.39092814967276, -79.44166346475708 31.65893283188886))"
67E,2019-06-18 10:55:00+00:00,2019-06-18 12:55:00+00:00,0.0,35000.0,"POLYGON ((-83.66996176001429 36.67626420156543, -82.13 36.44, -81.93 35.196368955736396, -82.98791106668718 35.314422610986654, -83.66996176001429 36.67626420156543))"
50C,2019-06-18 10:55:00+00:00,2019-06-18 12:55:00+00:00,0.0,45000.0,"POLYGON ((-91.3 30.147262088527217, -89.92384422234784 29.24355136586905, -88.36 29.066310442636077, -87.48383353268672 28.199594628992333, -91.82618299562877 27.639619376697883, -91.3 30.147262088527217))"
48C,2019-06-18 10:55:00+00:00,2019-06-18 12:55:00+00:00,0.0,45000.0,"POLYGON ((-98.59 33.99, -98.17598765774108 31.97513444044588, -100.9911559800064 31.559864288047677, -101.1101211410515 33.69742265598809, -98.59 33.99))"
HOTEL 2,2019-06-18 11:10:00+00:00,2019-06-18 15:10:00+00:00,0.0,45000.0,"POLYGON ((-165.3 32.45, -163.3 32.45, -164 30, -166 30, -165.3 32.45))"
DELTA 4,2019-06-18 11:15:00+00:00,2019-06-18 15:15:00+00:00,0.0,45000.0,"POLYGON ((-66.45 39, -61.3 38.45, -61.15 37, -71.45 37.3, -70.15 38.15, -66.45 39))"
GOLF 3,2019-06-18 11:15:00+00:00,2019-06-18 15:15:00+00:00,0.0,45000.0,"POLYGON ((-50.3 39, -50.45 37.15, -60.15 37.15, -60.15 38.3, -50.3 39))"
74E,2019-06-18 11:55:00+00:00,2019-06-18 13:55:00+00:00,,,"POLYGON ((-82.8322831765064 29.57026245658118, -82.67552806111208 27.92824654061322, -83.15142501537179 27.63187428638097, -83.03057622801529 29.54418822172591, -82.82753802284176 28.00009438732465, -83.25715188732227 27.80164421465911, -82.78125493306256 28.09801646889136, -82.62924497133287 28.02616862217992, -82.8322831765064 29.57026245658118))"
71E,2019-06-18 11:55:00+00:00,2019-06-18 13:55:00+00:00,0.0,40000.0,"POLYGON ((-86.27278954838616 36.985207750969025, -84.23788066571252 36.92770425840838, -86.30172273808897 35.83272312118288, -88.32465696129786 32.5450832182183, -89.58684966774236 33.45807138829729, -86.27278954838616 36.985207750969025))"
72E,2019-06-18 11:55:00+00:00,2019-06-18 13:55:00+00:00,0.0,45000.0,"POLYGON ((-85.6379327989 34.79304899329591, -85.40892260980084 33.45054070064333, -85.84900000099225 33.26967161821374, -86.76663140168938 33.93706070001702, -85.6379327989 34.79304899329591))"
75E,2019-06-18 11:55:00+00:00,2019-06-18 13:55:00+00:00,0.0,44000.0,"POLYGON ((-73.94529868685339 35.5424597800764, -73.82275647387726 35.38439838049095, -76.58536842483099 33.242594100938405, -76.70791063780712 33.400655500523854, -73.94529868685339 35.5424597800764))"
51C,2019-06-18 11:55:00+00:00,2019-06-18 13:55:00+00:00,0.0,45000.0,"POLYGON ((-98.45696524459963 33.722796087143564, -97.58421210874944 31.770264942648335, -100.45 31.37, -99.86 33.20285469710447, -98.45696524459963 33.722796087143564))"
70E,2019-06-18 11:55:00+00:00,2019-06-18 13:55:00+00:00,0.0,40000.0,"POLYGON ((-69.20212328424691 39.73994761723672, -67.8921964389949 39.61298209873834, -68.2562438062542 37.88450991432861, -70.03 38.78446566395412, -69.20212328424691 39.73994761723672))"
73E,2019-06-18 11:55:00+00:00,2019-06-18 13:55:00+00:00,0.0,45000.0,"POLYGON ((-79.44166346475708 31.65893283188886, -78.62090868383004 30.168248924699977, -78.73820847810669 29.198283840659172, -79.17496313484394 27.673791862558097, -80.73709481138881 31.39092814967276, -79.44166346475708 31.65893283188886))"
76E,2019-06-18 11:55:00+00:00,2019-06-18 13:55:00+00:00,0.0,43000.0,"POLYGON ((-82.5237888801068 26.52807065944123, -81.78 25.86452417705443, -82.98746495956554 25.031000785670237, -83.48844103885673 25.883174257129554, -82.5237888801068 26.52807065944123))"
53C,2019-06-18 11:55:00+00:00,2019-06-18 13:55:00+00:00,0.0,45000.0,"POLYGON ((-91.07941294636004 30.018699733930546, -88.00415689056672 29.163681912767313, -87.48383353268672 28.199594628992333, -90.1 27.183572531163286, -91.73913048246769 29.557034999705913, -91.07941294636004 30.018699733930546))"
52C,2019-06-18 11:55:00+00:00,2019-06-18 13:55:00+00:00,0.0,45000.0,"POLYGON ((-89.21627609184246 32.0263937913383, -88.36 31.395475822945567, -89.45488213162677 30.319442990420686, -90.52782476944105 30.477725406782344, -89.21627609184246 32.0263937913383))"
84E,2019-06-18 12:55:00+00:00,2019-06-18 14:55:00+00:00,,,"POLYGON ((-75.34368576853167 36.04072772510218, -75.89416153556317 35.67220081242063, -75.91097174605146 35.65803997814977, -77.46660518917578 34.0233153194241, -75.7828991797738 35.50600608270816, -75.2324234127423 35.87453299538971, -77.32172241240984 33.88544225825336, -75.76608896928552 35.52016691697903, -75.34368576853167 36.04072772510218))"
54C,2019-06-18 12:55:00+00:00,2019-06-18 14:55:00+00:00,0.0,45000.0,"POLYGON ((-97.72850184329711 32.868114272403076, -97.60969514046441 31.659550111256635, -100.49183531423263 30.59827415449647, -100.56959858279515 31.26771742172556, -97.72850184329711 32.868114272403076))"
55C,2019-06-18 12:55:00+00:00,2019-06-18 14:55:00+00:00,0.0,45000.0,"POLYGON ((-103.6409518257039 30.18898711059571, -102.26934998960621 30.33469283523682, -103.12716803305545 29.58183641759669, -103.6409518257039 30.18898711059571))"
80E,2019-06-18 12:55:00+00:00,2019-06-18 14:55:00+00:00,0.0,45000.0,"POLYGON ((-84.89990491508843 35.16419806266693, -85.07758780269099 33.31706236760723, -86.63242377266263 34.20397670371736, -85.47638896974979 35.07021342502645, -84.89990491508843 35.16419806266693))"
83E,2019-06-18 12:55:00+00:00,2019-06-18 14:55:00+00:00,0.0,45000.0,"POLYGON ((-81.94158574308099 26.529908942763385, -82.14846741448106 25.72813089999493, -83.1272580513645 25.08209383769077, -83.57781130248443 26.476197794614915, -81.94158574308099 26.529908942763385))"
86E,2019-06-18 12:55:00+00:00,2019-06-18 14:55:00+00:00,0.0,38000.0,"POLYGON ((-75.67917383681434 41.94878968283984, -74.94869624556527 41.37596120298991, -76.89472660886918 40.355192716666245, -77.3388914928302 40.504143446833325, -75.67917383681434 41.94878968283984))"
78E,2019-06-18 12:55:00+00:00,2019-06-18 14:55:00+00:00,0.0,37000.0,"POLYGON ((-82.47685458106163 37.107330697896366, -81.07247259869068 37.08944843080993, -81.23148865684325 36.436633399136085, -82.06111024404983 36.57354635531913, -82.47685458106163 37.107330697896366))"
82E,2019-06-18 12:55:00+00:00,2019-06-18 14:55:00+00:00,0.0,41000.0,"POLYGON ((-83.05 29.6, -81.93888211187326 29.297441204416582, -83.3343948773442 27.908454213710954, -83.05 29.6))"
57C,2019-06-18 12:55:00+00:00,2019-06-18 14:55:00+00:00,0.0,45000.0,"POLYGON ((-87.53786304242526 28.99104835697456, -88.12517537346132 28.446296890053762, -90.53959749372795 28.24431979017393, -89.91063676251578 28.77916843878565, -87.53786304242526 28.99104835697456))"
58C,2019-06-18 12:55:00+00:00,2019-06-18 14:55:00+00:00,0.0,45000.0,"POLYGON ((-88.26000026580537 30.151946809018597, -88.26000026580537 29.718233990755913, -88.45999973419462 29.717772857351576, -88.45999973419462 30.15148567561426, -88.26000026580537 30.151946809018597))"
81E,2019-06-18 12:55:00+00:00,2019-06-18 14:55:00+00:00,0.0,45000.0,"POLYGON ((-79.87361724218674 31.095213549427644, -78.60134126328494 29.314129281741756, -78.01189746295503 27.428848997638664, -79.55298265182502 28.500327787280437, -79.87361724218674 31.095213549427644))"
85E,2019-06-18 12:55:00+00:00,2019-06-18 14:55:00+00:00,0.0,42000.0,"POLYGON ((-87.49 35.70821373441836, -87.11661841856981 34.58209695959877, -87.67046507437854 32.781320584026915, -88.57267001486544 32.84091084179845, -89.4086900535937 34.54809648938937, -87.49 35.70821373441836))"
77E,2019-06-18 12:55:00+00:00,2019-06-18 14:55:00+00:00,0.0,40000.0,"POLYGON ((-67.44761832863367 39.250770910865164, -67.15378242906115 39.00836505537713, -70.03 38.28535879674494, -68.80199855429646 38.967778283311084, -67.44761832863367 39.250770910865164))"
79E,2019-06-18 12:55:00+00:00,2019-06-18 14:55:00+00:00,0.0,41000.0,"POLYGON ((-85.17966603712682 37.33079333033477, -83.06804787767447 37.02544489105832, -85.38437743314 35.42088991178049, -86.2024940523066 36.46864837443831, -85.17966603712682 37.33079333033477))"
56C,2019-06-18 12:55:00+00:00,2019-06-18 14:55:00+00:00,0.0,45000.0,"POLYGON ((-88.64973307476369 32.07250108539319, -88.58327292111568 31.19092359563577, -89.57087705355593 29.36995977389581, -90.53063065007578 29.657939352814758, -89.84850227976207 30.946421966718926, -88.64973307476369 32.07250108539319))"
59C,2019-06-18 12:55:00+00:00,2019-06-18 14:55:00+00:00,0.0,40000.0,"POLYGON ((-98.79911712555646 38.54205367350181, -98.6320054529707 37.74532469243881, -99.567031768456 37.532264601053534, -99.9039418943079 38.644723941847474, -98.79911712555646 38.54205367350181))"
BRAVO 2,2019-06-18 13:50:00+00:00,2019-06-18 17:50:00+00:00,0.0,53000.0,"POLYGON ((-120 14.15, -120 4.15, -123.3 7.15, -124.45 13.45, -120 14.15))"
92E,2019-06-18 13:55:00+00:00,2019-06-18 15:55:00+00:00,0.0,45000.0,"POLYGON ((-81.51 29.761716242316428, -82.49147735961098 28.31057001986471, -83.14449303795003 28.31812903682967, -82.93230997020588 29.70217517777626, -81.51 29.761716242316428))"
93E,2019-06-18 13:55:00+00:00,2019-06-18 15:55:00+00:00,0.0,45000.0,"POLYGON ((-81.94158574308099 26.529908942763385, -82.02620557728466 25.99552441694599, -82.16743181149891 25.390949368690812, -83.1272580513645 25.08209383769077, -82.98258805437648 26.464371337069764, -81.94158574308099 26.529908942763385))"
60C,2019-06-18 13:55:00+00:00,2019-06-18 15:55:00+00:00,0.0,45000.0,"POLYGON ((-97.674513679366 32.64709801109117, -97.27 31.370858121158214, -99.51000331359876 30.488982733095373, -100.64356757580566 30.969156215415087, -97.674513679366 32.64709801109117))"
65C,2019-06-18 13:55:00+00:00,2019-06-18 15:55:00+00:00,0.0,42000.0,"POLYGON ((-88.10811667288122 30.700481457943688, -87.94380113885609 30.087676470962744, -88.13697724352747 30.03587885920317, -88.3012927775526 30.648683846184113, -88.10811667288122 30.700481457943688))"
90E,2019-06-18 13:55:00+00:00,2019-06-18 15:55:00+00:00,0.0,41000.0,"POLYGON ((-85.52451168213575 34.83209163508337, -84.72180666958262 33.394398975966475, -86.33146879287571 34.139262809979385, -85.52451168213575 34.83209163508337))"
91E,2019-06-18 13:55:00+00:00,2019-06-18 15:55:00+00:00,0.0,45000.0,"POLYGON ((-80.00960503624667 31.214106549109758, -78.44146809343414 30.228466654828352, -78.39258495235237 28.428185245373538, -79.55298265182502 28.500327787280437, -80.00960503624667 31.214106549109758))"
87E,2019-06-18 13:55:00+00:00,2019-06-18 15:55:00+00:00,0.0,38000.0,"POLYGON ((-75.65973315914441 41.444676720147534, -74.54 41.07, -74.43000000000002 40.152737911472784, -76.98633066366605 40.453674774437744, -75.65973315914441 41.444676720147534))"
88E,2019-06-18 13:55:00+00:00,2019-06-18 15:55:00+00:00,0.0,38000.0,"POLYGON ((-82.59302549411288 37.672705993824664, -80.87027921601297 37.39730208484264, -80.71 36.92363104426362, -82.8667559692422 37.025946366629825, -82.59302549411288 37.672705993824664))"
94E,2019-06-18 13:55:00+00:00,2019-06-18 15:55:00+00:00,0.0,40000.0,"POLYGON ((-74.4601793343904 34.835922168434095, -74.1793894752955 34.596247650832055, -76.05057862301025 32.80714986095124, -76.60350539699624 33.28469139114844, -74.4601793343904 34.835922168434095))"
89E,2019-06-18 13:55:00+00:00,2019-06-18 15:55:00+00:00,0.0,41000.0,"POLYGON ((-85.39941605801957 36.925461404494385, -83.48481273021662 37.028360110876726, -83.81125014897005 36.05367918573636, -85.38437743314 35.42088991178049, -85.39941605801957 36.925461404494385))"
64C,2019-06-18 13:55:00+00:00,2019-06-18 15:55:00+00:00,0.0,45000.0,"POLYGON ((-89.95459261504116 28.872511729238095, -88.87302320796245 28.728742840558308, -88.00314972877277 28.399676889285463, -90.1 28.181786265581643, -89.95459261504116 28.872511729238095))"
62C,2019-06-18 13:55:00+00:00,2019-06-18 15:55:00+00:00,0.0,41000.0,"POLYGON ((-88.24021573865537 34.962369672831116, -87.11546707905786 34.83676055110143, -87.20383855557685 33.0548081558199, -88.08853786590034 33.13636413219181, -88.24021573865537 34.962369672831116))"
61C,2019-06-18 13:55:00+00:00,2019-06-18 15:55:00+00:00,0.0,45000.0,"POLYGON ((-102.16297931382807 30.241585849351253, -102.00990102739007 29.79993238755002, -102.87027096504258 29.354443069746203, -103.54270228347924 29.946447492571256, -102.16297931382807 30.241585849351253))"
63C,2019-06-18 13:55:00+00:00,2019-06-18 15:55:00+00:00,0.0,45000.0,"POLYGON ((-88.43547962085907 32.50680898743518, -87.53226024626922 31.927985138755517, -89.11109524872262 30.165356413227506, -89.21703552780963 29.495436503440857, -90.70705570818663 29.59345013510345, -88.43547962085907 32.50680898743518))"
66C,2019-06-18 13:55:00+00:00,2019-06-18 15:55:00+00:00,0.0,36000.0,"POLYGON ((-98.90310782272125 38.922976622584734, -98.21122028611987 37.748316836329714, -99.05274809521582 37.74083682952975, -99.88644150334216 37.91698936812068, -99.47663678912616 38.66935994796152, -98.90310782272125 38.922976622584734))"
97E,2019-06-18 14:55:00+00:00,2019-06-18 16:55:00+00:00,0.0,37000.0,"POLYGON ((-83.89 35.61085812115821, -84.60031144200319 33.57457166049266, -86.28215427954264 34.17960074839759, -84.94648308244678 35.36052892561702, -83.89 35.61085812115821))"
96E,2019-06-18 14:55:00+00:00,2019-06-18 16:55:00+00:00,0.0,40000.0,"POLYGON ((-81.66874101988523 37.778727624380515, -80.84920451073553 37.35705103506699, -82.79221661937251 36.216869688767304, -85.15 35.82742563652537, -84.78118362031987 37.24941184401323, -81.66874101988523 37.778727624380515))"
95E,2019-06-18 14:55:00+00:00,2019-06-18 16:55:00+00:00,0.0,37000.0,"POLYGON ((-75.89985202462437 40.980490687637925, -74.61323554743048 40.936410659145906, -75.15372760492642 40.41282954497728, -76.69088354491649 40.29938128036955, -75.89985202462437 40.980490687637925))"
01E,2019-06-18 14:55:00+00:00,2019-06-18 16:55:00+00:00,0.0,45000.0,"POLYGON ((-81.65603816754435 26.797078632470786, -81.78 25.951716242316426, -82.4778783865866 25.201840925930934, -82.97926339015534 25.027997802888944, -83.35085788746275 26.682127353065905, -81.65603816754435 26.797078632470786))"
03E,2019-06-18 14:55:00+00:00,2019-06-18 16:55:00+00:00,0.0,37000.0,"POLYGON ((-82.46404133790989 28.21975756278772, -81.8757279616243 26.97325959632396, -82.05659509247167 26.887895195201214, -82.64490846875725 28.134393161664974, -82.46404133790989 28.21975756278772))"
69C,2019-06-18 14:55:00+00:00,2019-06-18 16:55:00+00:00,0.0,41000.0,"POLYGON ((-87.30883486339403 35.62721705440935, -87.49 34.99914187884179, -89.35973510056975 34.50728358549704, -89.60691723370834 34.71274719411405, -87.30883486339403 35.62721705440935))"
98E,2019-06-18 14:55:00+00:00,2019-06-18 16:55:00+00:00,0.0,45000.0,"POLYGON ((-79.60266010499161 30.857001422156422, -79.07573000332502 30.888122664194505, -77.48803233666251 27.611235972021877, -79.27005623616982 28.120319361713236, -79.60266010499161 30.857001422156422))"
99E,2019-06-18 14:55:00+00:00,2019-06-18 16:55:00+00:00,0.0,45000.0,"POLYGON ((-82.28465204482438 29.597804612880022, -81.38042069572057 29.535008850182635, -82.68 28.40910686720918, -83.05 28.768155221318043, -82.28465204482438 29.597804612880022))"
02E,2019-06-18 14:55:00+00:00,2019-06-18 16:55:00+00:00,0.0,42000.0,"POLYGON ((-85.9050243199111 30.827693507021543, -85.99915682857404 30.240016139093544, -86.97469838740562 30.21484687132116, -86.87374682925993 30.82985584104606, -85.9050243199111 30.827693507021543))"
71C,2019-06-18 14:55:00+00:00,2019-06-18 16:55:00+00:00,0.0,45000.0,"POLYGON ((-89.22249703959575 28.858807022645482, -88.1766893803871 28.465932883794697, -88.50483744214883 27.758872772446416, -89.66633722551538 28.25707270258019, -89.22249703959575 28.858807022645482))"
67C,2019-06-18 14:55:00+00:00,2019-06-18 16:55:00+00:00,0.0,45000.0,"POLYGON ((-98.10562910184912 32.36312409063965, -97.4200945212602 31.967321951099766, -97.30754560406761 30.84092624332239, -99.5473142459251 30.36443442282847, -100.1776144409752 30.72684432285914, -98.10562910184912 32.36312409063965))"
68C,2019-06-18 14:55:00+00:00,2019-06-18 16:55:00+00:00,0.0,45000.0,"POLYGON ((-102.98 30.284524177054436, -102.00990102739007 29.79993238755002, -102.67870240774202 29.346413898540934, -103.27277957990943 29.7100533582447, -102.98 30.284524177054436))"
70C,2019-06-18 14:55:00+00:00,2019-06-18 16:55:00+00:00,0.0,45000.0,"POLYGON ((-88.36 31.561844778681962, -87.64663809331013 30.473382534849762, -87.99257532348068 29.960957988443386, -90.75659982332118 30.008310933543626, -89.90071487498024 31.172166592318767, -88.36 31.561844778681962))"
72C,2019-06-18 14:55:00+00:00,2019-06-18 16:55:00+00:00,0.0,37000.0,"POLYGON ((-98.60348769629788 38.60753164193625, -98.02848811958195 38.1020739749476, -99.46470541069148 37.91322634673154, -99.75158142716063 38.234290965643815, -98.60348769629788 38.60753164193625))"
HOTEL 3,2019-06-18 15:00:00+00:00,2019-06-18 19:00:00+00:00,0.0,46000.0,"POLYGON ((-165.3 32.45, -163.3 32.45, -164 30, -166 30, -165.3 32.45))"
DELTA 5,2019-06-18 15:10:00+00:00,2019-06-18 19:10:00+00:00,0.0,46000.0,"POLYGON ((-67 41, -61 38.45, -60.15 37.15, -72.15 37.15, -70.15 38.15, -66.45 39, -67 41))"
JULIETT 1,2019-06-18 15:15:00+00:00,2019-06-18 19:15:00+00:00,0.0,43000.0,"POLYGON ((-90.3 28.15, -87.45 28, -88 26, -90.45 26.3, -90.3 28.15))"
77C,2019-06-18 15:55:00+00:00,2019-06-18 17:55:00+00:00,0.0,40000.0,"POLYGON ((-98.65499722068772 39.257390262569295, -97.8321631682019 38.529109064753335, -98.25771267778445 37.96936196386311, -100.05071143333694 38.13935004409344, -98.65499722068772 39.257390262569295))"
05E,2019-06-18 15:55:00+00:00,2019-06-18 17:55:00+00:00,,,"POLYGON ((-81.17619193195353 37.82407360167446, -83.81664805230675 37.01840502357003, -83.87376590091132 36.97327530806977, -85.09202921749 34.89202174872414, -84.91501859102434 34.88359931132666, -84.40066253497746 33.77522385405612, -83.7582797185322 36.82711169485107, -81.11782359817897 37.6327802729555, -84.91942518650629 34.7909878510057, -83.70116186992762 36.87224141035133, -84.58207975692507 33.69103483113265, -85.09643581297195 34.79941028840319, -81.17619193195353 37.82407360167446))"
10E,2019-06-18 15:55:00+00:00,2019-06-18 17:55:00+00:00,0.0,45000.0,"POLYGON ((-86.939166566373 31.36400668781387, -85.93103311357258 31.418006896742103, -84.96802379938495 30.177245489704976, -86.93629782388639 30.29548312859381, -86.939166566373 31.36400668781387))"
07E,2019-06-18 15:55:00+00:00,2019-06-18 17:55:00+00:00,0.0,45000.0,"POLYGON ((-79.26323854219324 31.28479790917351, -78.05717281155181 28.54391714420933, -78.85755071241029 27.670433173407712, -80.04533213853725 30.215820689740948, -79.26323854219324 31.28479790917351))"
04E,2019-06-18 15:55:00+00:00,2019-06-18 17:55:00+00:00,0.0,35000.0,"POLYGON ((-74.92352187609973 41.06936422883123, -74.04022543710688 40.83413979476606, -74.29666391861484 40.462827434232175, -75.82510945730185 40.31277675353977, -74.92352187609973 41.06936422883123))"
74C,2019-06-18 15:55:00+00:00,2019-06-18 17:55:00+00:00,0.0,45000.0,"POLYGON ((-90.75716903295495 29.89099937068481, -90.57629420937394 29.8056512705622, -91.07638680581668 28.745824982387003, -91.25726162939769 28.83117308250961, -90.75716903295495 29.89099937068481))"
76C,2019-06-18 15:55:00+00:00,2019-06-18 17:55:00+00:00,0.0,45000.0,"POLYGON ((-88.42718474088122 28.561035739589954, -88.12517537346132 28.446296890053762, -89.66040250627202 28.24431979017393, -89.40163885266868 28.56482660541366, -88.42718474088122 28.561035739589954))"
75C,2019-06-18 15:55:00+00:00,2019-06-18 17:55:00+00:00,0.0,45000.0,"POLYGON ((-87.39890961780046 31.441378681934925, -86.99993448470613 30.161776107662387, -88.04038919119178 30.061777665082957, -89.52660009473163 30.258064076467225, -89.58322485461562 31.29822567990101, -87.39890961780046 31.441378681934925))"
08E,2019-06-18 15:55:00+00:00,2019-06-18 17:55:00+00:00,0.0,45000.0,"POLYGON ((-82.34111470983488 29.852783030599475, -81.11 29.632737911472784, -81.86394697974804 28.34799481983138, -81.78 27.02910686720918, -82.6826470303986 27.51757786565173, -82.34111470983488 29.852783030599475))"
09E,2019-06-18 15:55:00+00:00,2019-06-18 17:55:00+00:00,0.0,45000.0,"POLYGON ((-81.78 27.02910686720918, -80.92340599588678 26.20911029381695, -83.446579596148 24.581047462766715, -83.31845039228463 25.948760376132892, -81.78 27.02910686720918))"
06E,2019-06-18 15:55:00+00:00,2019-06-18 17:55:00+00:00,0.0,43000.0,"POLYGON ((-86.04483788176756 34.3729053719654, -85.41476803354162 31.898439406737257, -86.86619296039134 32.409826023812435, -87.05355002086738 33.97731489692558, -86.04483788176756 34.3729053719654))"
73C,2019-06-18 15:55:00+00:00,2019-06-18 17:55:00+00:00,0.0,45000.0,"POLYGON ((-97.08929721646108 31.72353934593218, -96.75861590814 30.37773447881275, -99.5991452039822 30.138698843516536, -99.62671468688347 30.599857152896902, -98.16980147557979 31.338508877722262, -97.08929721646108 31.72353934593218))"
DELTA 6,2019-06-18 16:20:00+00:00,2019-06-18 20:20:00+00:00,0.0,47000.0,"POLYGON ((-66.45 39, -64.3 38.45, -69 37, -72.45 37, -70.15 38.15, -66.45 39))"
12E,2019-06-18 16:55:00+00:00,2019-06-18 18:55:00+00:00,,,"POLYGON ((-82.18046625414036 36.74960744436722, -84.94850558923775 35.1315155316035, -84.80597368923098 35.08422123952121, -84.22400062842509 33.71169754579756, -84.84757308095703 34.95885219220523, -82.07953374585964 36.57694410496895, -84.40813192015791 33.63362279056388, -84.9901049809638 35.00614648428752, -82.18046625414036 36.74960744436722))"
17E,2019-06-18 16:55:00+00:00,2019-06-18 18:55:00+00:00,0.0,40000.0,"POLYGON ((-83.240622206978 34.49919006924904, -83.09106843251155 34.36639824516773, -83.56057671643904 33.83762520894808, -83.7101304909055 33.97041703302939, -83.240622206978 34.49919006924904))"
15E,2019-06-18 16:55:00+00:00,2019-06-18 18:55:00+00:00,0.0,45000.0,"POLYGON ((-80.58457711659706 30.004792223902463, -81.1880381771891 28.484590521716775, -80.95003679069937 27.270332519335916, -81.78 26.819141878841787, -83.24165069691357 30.000560721170046, -80.58457711659706 30.004792223902463))"
11E,2019-06-18 16:55:00+00:00,2019-06-18 18:55:00+00:00,0.0,43000.0,"POLYGON ((-74.54 41.07, -73.57950729820597 40.62984350438929, -75.68 40.29085812115821, -74.54 41.07))"
78C,2019-06-18 16:55:00+00:00,2019-06-18 18:55:00+00:00,0.0,42000.0,"POLYGON ((-98.46210582743345 30.708641881333847, -97.83929971414611 30.268985945881873, -98.52373869699592 29.77355089234661, -98.78040891242262 30.307445530301443, -98.46210582743345 30.708641881333847))"
81C,2019-06-18 16:55:00+00:00,2019-06-18 18:55:00+00:00,0.0,42000.0,"POLYGON ((-105.32511090013503 39.8556595020153, -105.10149229919959 39.44797785677823, -105.27684548697745 39.351794388676176, -105.50046408791289 39.759476033913245, -105.32511090013503 39.8556595020153))"
80C,2019-06-18 16:55:00+00:00,2019-06-18 18:55:00+00:00,0.0,40000.0,"POLYGON ((-97.62 39.79742563652536, -97.22405145093586 39.236013935101, -97.83929390919671 37.95417051695135, -99.70954375965296 38.24755272223467, -97.62 39.79742563652536))"
16E,2019-06-18 16:55:00+00:00,2019-06-18 18:55:00+00:00,0.0,45000.0,"POLYGON ((-81.01910447041341 27.208433498959586, -80.8343635575218 25.798949119323996, -83.446579596148 24.581047462766715, -84.1202517009255 25.97955169702576, -81.01910447041341 27.208433498959586))"
14E,2019-06-18 16:55:00+00:00,2019-06-18 18:55:00+00:00,0.0,45000.0,"POLYGON ((-78.93100856194437 30.57951227181473, -78.23581662048824 27.66175790009806, -78.74418212207864 28.30571205617317, -79.77520385406847 30.328550203727264, -78.93100856194437 30.57951227181473))"
13E,2019-06-18 16:55:00+00:00,2019-06-18 18:55:00+00:00,0.0,42000.0,"POLYGON ((-86.59178618333314 34.28443770024815, -85.51597451673723 33.66444660546039, -85.21 32.21815522131804, -87.01981198420354 32.80627745496408, -86.59178618333314 34.28443770024815))"
82C,2019-06-18 16:55:00+00:00,2019-06-18 18:55:00+00:00,0.0,37000.0,"POLYGON ((-103.97938773307705 43.27002758203392, -104.0007013238692 42.81106330888244, -105.23311731705421 42.7668798752431, -103.97938773307705 43.27002758203392))"
79C,2019-06-18 16:55:00+00:00,2019-06-18 18:55:00+00:00,0.0,45000.0,"POLYGON ((-88.1079920741774 31.789904925869426, -85.36901924384196 31.273458639239355, -85.50729061490058 30.394898643962318, -87.26573242780971 29.59904276773545, -89.54240207820213 31.043338094458317, -88.1079920741774 31.789904925869426))"
25W,2019-06-18 16:55:00+00:00,2019-06-18 18:55:00+00:00,0.0,34000.0,"POLYGON ((-110.4873791740376 49.008349436087784, -111.69494993832333 47.91076386673463, -111.88774833872942 48.21754263797152, -111.59863540257214 48.78915578496535, -110.4873791740376 49.008349436087784))"
SIERRA 1,2019-06-18 17:12:00+00:00,2019-06-18 21:15:00+00:00,0.0,45000.0,"POLYGON ((-170.3 21.5, -168.2 19.1, -178.5 19.1, -170.3 21.5))"
KILO 1,2019-06-18 17:40:00+00:00,2019-06-18 21:40:00+00:00,0.0,48000.0,"POLYGON ((-76.45 31.45, -75 30.45, -74.45 28.15, -77 27.45, -76.45 31.45))"
BRAVO 3,2019-06-18 17:40:00+00:00,2019-06-18 21:40:00+00:00,0.0,49000.0,"POLYGON ((-120 14.15, -120 4.15, -123.3 7.3, -124.45 13.15, -120 14.15))"
TANGO 1,2019-06-18 17:43:00+00:00,2019-06-18 21:45:00+00:00,0.0,55000.0,"POLYGON ((-168.5 9.4, -162.2 4.5, -175.2 4.4, -168.5 9.4))"
20E,2019-06-18 17:55:00+00:00,2019-06-18 19:55:00+00:00,0.0,45000.0,"POLYGON ((-83.05764686274932 34.64596427548249, -82.8933794291782 34.53187566839154, -83.21786628321443 34.06467193877096, -83.38213371678556 34.178760545861905, -83.05764686274932 34.64596427548249))"
22E,2019-06-18 17:55:00+00:00,2019-06-18 19:55:00+00:00,0.0,45000.0,"POLYGON ((-87.10036670429088 34.0705369369241, -84.92217035681216 33.7950395861881, -85.21 32.32714530289553, -86.32 32.22, -87.10036670429088 34.0705369369241))"
24E,2019-06-18 17:55:00+00:00,2019-06-18 19:55:00+00:00,0.0,45000.0,"POLYGON ((-81.20012647236825 30.45028451606194, -80.80334798540287 29.410299566996994, -81.09208817041316 27.457399585828217, -81.78 26.819141878841787, -83.05 29.88914187884179, -81.20012647236825 30.45028451606194))"
23E,2019-06-18 17:55:00+00:00,2019-06-18 19:55:00+00:00,0.0,45000.0,"POLYGON ((-78.2447075771561 31.343728522137184, -78.20469904225277 27.661250762760474, -78.97407719437939 28.22499093893807, -79.79703819512333 30.937413241700003, -78.2447075771561 31.343728522137184))"
21E,2019-06-18 17:55:00+00:00,2019-06-18 19:55:00+00:00,0.0,45000.0,"POLYGON ((-83.76903007619336 32.90822708336925, -83.6626418682367 32.73887080445473, -84.23004815525638 32.382430887102586, -84.33643636321304 32.55178716601711, -83.76903007619336 32.90822708336925))"
26E,2019-06-18 17:55:00+00:00,2019-06-18 19:55:00+00:00,0.0,45000.0,"POLYGON ((-85.21 32.32714530289553, -83.30587754700232 30.13401911025411, -86.68 29.528861545211946, -88.36 30.296287181737327, -88.0116356153903 32.10092122867913, -85.21 32.32714530289553))"
27E,2019-06-18 17:55:00+00:00,2019-06-18 19:55:00+00:00,0.0,45000.0,"POLYGON ((-80.58167280463005 37.19215799761966, -77.03197874955681 36.61047115377459, -80.11639553281287 35.782790395162415, -80.58167280463005 37.19215799761966))"
18E,2019-06-18 17:55:00+00:00,2019-06-18 19:55:00+00:00,0.0,45000.0,"POLYGON ((-73.9777742544672 40.728338925283886, -73.94321114912081 40.5313480834947, -75.39434206077685 40.27673934069502, -75.42890516612324 40.47373018248421, -73.9777742544672 40.728338925283886))"
86C,2019-06-18 17:55:00+00:00,2019-06-18 19:55:00+00:00,0.0,42000.0,"POLYGON ((-104.8482010350494 39.809847981766865, -104.2173590284072 38.69050698890986, -105.32048675188813 39.296985053348415, -104.8482010350494 39.809847981766865))"
83C,2019-06-18 17:55:00+00:00,2019-06-18 19:55:00+00:00,0.0,44000.0,"POLYGON ((-90.25086917279596 29.903867236246548, -90.08250013251323 29.795923425519533, -90.51256734161849 29.12511142836621, -90.68093638190122 29.233055239093225, -90.25086917279596 29.903867236246548))"
85C,2019-06-18 17:55:00+00:00,2019-06-18 19:55:00+00:00,0.0,40000.0,"POLYGON ((-95.74 40.73628718173732, -95.64216920969284 40.19861281062765, -96.47687720592899 39.995238906929515, -96.73589710382336 40.364786402035946, -95.74 40.73628718173732))"
87C,2019-06-18 17:55:00+00:00,2019-06-18 19:55:00+00:00,0.0,37000.0,"POLYGON ((-104.03166432667749 43.352227635235025, -103.95356227420334 43.168107920377196, -105.14953280789055 42.660787161969026, -105.2276348603647 42.844906876826855, -104.03166432667749 43.352227635235025))"
28W,2019-06-18 17:55:00+00:00,2019-06-18 19:55:00+00:00,0.0,40000.0,"POLYGON ((-109.33691363262963 42.88833138493234, -108.14708729137666 42.28974093216015, -108.23697148156478 42.11107691128793, -109.42679782281775 42.709667364060124, -109.33691363262963 42.88833138493234))"
29W,2019-06-18 17:55:00+00:00,2019-06-18 19:55:00+00:00,0.0,35000.0,"POLYGON ((-107.95528402845069 45.1987154336886, -107.00894721908486 44.63684424539248, -107.11105278091514 44.46487199692395, -108.05738959028098 45.02674318522006, -107.95528402845069 45.1987154336886))"
19E,2019-06-18 17:55:00+00:00,2019-06-18 19:55:00+00:00,0.0,43000.0,"POLYGON ((-81.9710887302321 36.747304606350966, -84.04037987039996 33.629357355313466, -84.84156451583229 34.34478974454154, -83.34244380877912 36.77285820568842, -81.9710887302321 36.747304606350966))"
25E,2019-06-18 17:55:00+00:00,2019-06-18 19:55:00+00:00,0.0,45000.0,"POLYGON ((-81.01910447041341 27.208433498959586, -80.45081445484432 25.863566847285608, -83.14679317876859 24.07469221014595, -83.8278554941465 25.751409238045795, -81.78 26.862737911472784, -81.01910447041341 27.208433498959586))"
88C,2019-06-18 17:55:00+00:00,2019-06-18 19:55:00+00:00,0.0,40000.0,"POLYGON ((-105.27910639067169 44.81766039786863, -105.5630300516862 41.4575340924573, -107.30000000000001 41.01910686720919, -107.66272571487372 43.64923395685309, -105.27910639067169 44.81766039786863))"
84C,2019-06-18 17:55:00+00:00,2019-06-18 19:55:00+00:00,0.0,45000.0,"POLYGON ((-97.73458005102482 40.189999276115465, -96.82184160482629 39.72782108572522, -97.41828600053661 38.05729947938742, -99.03058365368008 38.3126829900776, -97.73458005102482 40.189999276115465))"
27W,2019-06-18 17:55:00+00:00,2019-06-18 19:55:00+00:00,0.0,37000.0,"POLYGON ((-106.96187908145144 41.13432923184285, -106.69079341220059 39.50349682164084, -106.86637606079684 37.34539175418454, -109.51214270896507 37.617566052490155, -110.38155769122197 40.60084345859861, -106.96187908145144 41.13432923184285))"
26W,2019-06-18 17:55:00+00:00,2019-06-18 19:55:00+00:00,0.0,33000.0,"POLYGON ((-110.93800937938292 48.85245307744807, -109.77000000000001 49.03910686720917, -109.77000000000001 47.87452417705444, -111.41000000000001 47.6163689557364, -110.93800937938292 48.85245307744807))"
BRAVO 4,2019-06-18 18:55:00+00:00,2019-06-18 22:55:00+00:00,0.0,52000.0,"POLYGON ((-120.15 14.45, -120 5, -129.45 10, -130.45 11.15, -120.15 14.45))"
33E,2019-06-18 18:59:00+00:00,2019-06-18 20:55:00+00:00,,,"POLYGON ((-80.64230111204229 30.37785288382703, -80.18632862954692 29.33756586151627, -80.18241798316171 29.32708527383295, -79.75254175994198 27.94315461292091, -79.75809230325527 27.95718604088361, -79.64366907315473 27.721641467779, -80.36950529262927 29.25727694508305, -80.82547777512464 30.29756396739381, -79.94353971579474 27.88382687185433, -80.37341593901448 29.26775753276637, -79.82356594238091 27.63425087078702, -79.93798917248145 27.86979544389163, -80.64230111204229 30.37785288382703))"
29E,2019-06-18 18:59:00+00:00,2019-06-18 20:55:00+00:00,0.0,45000.0,"POLYGON ((-79.24 37.25, -75.4769688266635 36.8878097276585, -80.57331431433218 35.49609883440487, -80.37560654751951 36.97888048528, -79.24 37.25))"
31E,2019-06-18 18:59:00+00:00,2019-06-18 20:55:00+00:00,0.0,45000.0,"POLYGON ((-84.1150168290785 34.97391425298544, -83.0506993225797 34.90420053168644, -82.28303671282876 33.81216612111179, -86.0568652943389 32.75399225160044, -87.06038580234126 33.61457150384827, -84.1150168290785 34.97391425298544))"
28E,2019-06-18 18:59:00+00:00,2019-06-18 20:55:00+00:00,0.0,45000.0,"POLYGON ((-75.16009020921456 40.51262692603847, -73.84911571566427 40.59620839727153, -73.83639050708798 40.396613635149144, -75.14736500063827 40.313032163916084, -75.16009020921456 40.51262692603847))"
90C,2019-06-18 18:59:00+00:00,2019-06-18 20:55:00+00:00,0.0,45000.0,"POLYGON ((-103.71937252704603 31.460191909760002, -102.98 30.516287181737326, -104.25904817429613 30.18898711059571, -104.42559359471707 30.708048645453054, -103.71937252704603 31.460191909760002))"
95C,2019-06-18 18:59:00+00:00,2019-06-18 20:55:00+00:00,0.0,45000.0,"POLYGON ((-88.24173160806004 35.321059560716975, -88.33664999874476 33.489879322292694, -89.94583556249304 34.127383281648946, -88.24173160806004 35.321059560716975))"
94C,2019-06-18 18:59:00+00:00,2019-06-18 20:55:00+00:00,0.0,37000.0,"POLYGON ((-104.48846640570345 47.53302685660385, -105.95 45.946287181737326, -106.53832363953191 45.96957527676468, -106.63 47.497145302895525, -104.48846640570345 47.53302685660385))"
89C,2019-06-18 18:59:00+00:00,2019-06-18 20:55:00+00:00,0.0,45000.0,"POLYGON ((-87.53786304242526 28.99104835697456, -86.68 28.37229402984479, -89.05552690687395 28.255906807532195, -87.53786304242526 28.99104835697456))"
31W,2019-06-18 18:59:00+00:00,2019-06-18 20:55:00+00:00,0.0,42000.0,"POLYGON ((-108.6076070603267 43.99385457013801, -107.19034373477243 42.80975735131149, -107.30000000000001 41.38742563652537, -110.17972356774946 41.58417270810509, -110.89533344266884 42.577318448996316, -108.6076070603267 43.99385457013801))"
34W,2019-06-18 18:59:00+00:00,2019-06-18 20:55:00+00:00,0.0,45000.0,"POLYGON ((-112.65226049778833 48.87555927579207, -111.28052865784606 48.62829926491895, -111.3160076622694 48.43147131912586, -112.68773950221167 48.67873132999898, -112.65226049778833 48.87555927579207))"
34E,2019-06-18 18:59:00+00:00,2019-06-18 20:55:00+00:00,0.0,45000.0,"POLYGON ((-83.34469733030697 30.21449395784311, -80.62241315859453 30.018669427242475, -80.0927484647581 27.32651203576478, -81.78 27.02910686720918, -83.34469733030697 30.21449395784311))"
30E,2019-06-18 18:59:00+00:00,2019-06-18 20:55:00+00:00,0.0,40000.0,"POLYGON ((-80.95955970830863 37.47248128599713, -80.74289864579457 36.30225287449439, -83.01300304866108 34.934945113166265, -84.33801861124773 34.957298025751605, -82.44910000879706 37.05439622269231, -80.95955970830863 37.47248128599713))"
32E,2019-06-18 18:59:00+00:00,2019-06-18 20:55:00+00:00,0.0,45000.0,"POLYGON ((-84.93004718730424 32.8144059451283, -83.41894494151983 30.368014129630584, -86.68 29.33267939837246, -87.81522181644986 30.258299661579724, -87.23159293349036 32.53506400034328, -84.93004718730424 32.8144059451283))"
35E,2019-06-18 18:59:00+00:00,2019-06-18 20:55:00+00:00,0.0,45000.0,"POLYGON ((-80.0927484647581 27.32651203576478, -80.62107881325234 25.672269089729642, -83.446579596148 24.581047462766715, -83.84083978297119 25.340198594146997, -81.01910447041341 27.208433498959586, -80.0927484647581 27.32651203576478))"
91C,2019-06-18 18:59:00+00:00,2019-06-18 20:55:00+00:00,0.0,45000.0,"POLYGON ((-95.9919643447271 40.70860976379276, -95.1193378296091 40.69776498534237, -97.41828600053661 38.05729947938742, -98.38246012859362 39.51573339487693, -95.9919643447271 40.70860976379276))"
93C,2019-06-18 18:59:00+00:00,2019-06-18 20:55:00+00:00,0.0,42000.0,"POLYGON ((-104.18430244371159 45.856989196616375, -103.01 43.480893132790825, -104.77 40.71089313279084, -107.14497410240489 40.637537131552236, -107.96074070632324 45.61709994685089, -104.18430244371159 45.856989196616375))"
92C,2019-06-18 18:59:00+00:00,2019-06-18 20:55:00+00:00,0.0,45000.0,"POLYGON ((-103.38714981929643 40.97194931062784, -103.27830419211962 38.38953389006193, -105.33814515717721 38.99235949939757, -104.14896479084673 40.7377626370512, -103.38714981929643 40.97194931062784))"
30W,2019-06-18 18:59:00+00:00,2019-06-18 20:55:00+00:00,0.0,40000.0,"POLYGON ((-110.4873791740376 49.008349436087784, -109.07093344064926 48.728889718377815, -108.62000000000002 46.47547582294557, -111.58343464917063 45.99459050817757, -110.4873791740376 49.008349436087784))"
32W,2019-06-18 18:59:00+00:00,2019-06-18 20:55:00+00:00,0.0,40000.0,"POLYGON ((-111.32018874988376 40.84812028742686, -106.86229377138477 40.519174239875866, -105.19215792223822 37.348340980272916, -109.70551783007264 37.55278749235115, -111.32018874988376 40.84812028742686))"
33W,2019-06-18 18:59:00+00:00,2019-06-18 20:55:00+00:00,0.0,40000.0,"POLYGON ((-112.70651063123303 38.45782994172094, -110.40067019754638 38.18433750719243, -110.7 37.754524177054435, -112.89090339690287 37.217959254868276, -112.70651063123303 38.45782994172094))"
JULIETT 2,2019-06-18 19:00:00+00:00,2019-06-18 23:00:00+00:00,0.0,50000.0,"POLYGON ((-90.3 28.15, -87.45 28, -87 26.3, -90.15 26.45, -90.3 28.15))"
DELTA 7,2019-06-18 19:40:00+00:00,2019-06-18 23:40:00+00:00,0.0,44000.0,"POLYGON ((-67 40.15, -62.3 39.3, -68.3 36.45, -70.3 38, -66.45 39, -67 40.15))"
97C,2019-06-18 19:55:00+00:00,2019-06-18 21:55:00+00:00,,,"POLYGON ((-88.40931645029531 30.81699360741037, -89.81128004007975 30.02222408641219, -89.85338458954631 29.97575455582709, -90.14243992231663 29.32365512312937, -89.71264713948914 29.84823687159145, -88.31068354970469 30.64300639258963, -89.9595979227929 29.24260696947882, -89.67054259002258 29.89470640217654, -88.40931645029531 30.81699360741037))"
36E,2019-06-18 19:55:00+00:00,2019-06-18 21:55:00+00:00,0.0,45000.0,"POLYGON ((-73.53147959629145 40.52061069899381, -73.47136883660839 40.32985772635556, -74.54457175404846 39.99166618066613, -74.60468251373152 40.18241915330438, -73.53147959629145 40.52061069899381))"
41E,2019-06-18 19:55:00+00:00,2019-06-18 21:55:00+00:00,0.0,45000.0,"POLYGON ((-79.02149168886564 30.05942539319856, -78.5402885073918 29.33215606030329, -78.70708318029615 29.221795120244202, -79.18828636177 29.94906445313947, -79.02149168886564 30.05942539319856))"
45E,2019-06-18 19:55:00+00:00,2019-06-18 21:55:00+00:00,0.0,45000.0,"POLYGON ((-85.66283658228691 37.72230593426736, -85.49716341771308 37.610268429207274, -85.99545303227691 36.87343287333881, -86.16112619685074 36.985470378398894, -85.66283658228691 37.72230593426736))"
38E,2019-06-18 19:55:00+00:00,2019-06-18 21:55:00+00:00,0.0,40000.0,"POLYGON ((-82.40699862146893 36.97394544582893, -80.58201853637343 36.98770410884417, -79.60215084723329 35.74272508045241, -81.22258677292183 35.72395981996843, -83.67441575315985 35.00610936001309, -82.40699862146893 36.97394544582893))"
06C,2019-06-18 19:55:00+00:00,2019-06-18 21:55:00+00:00,0.0,33000.0,"POLYGON ((-104.50725841309512 34.93748094212257, -104.32131968410488 34.863814198869626, -105.00575114372556 33.13627324805246, -105.1916898727158 33.209939991305404, -104.50725841309512 34.93748094212257))"
01C,2019-06-18 19:55:00+00:00,2019-06-18 21:55:00+00:00,0.0,45000.0,"POLYGON ((-100.05008508701052 38.239348082525595, -98.76801363999797 38.23131771759408, -98.76926633265083 38.03132164072977, -100.05133777966337 38.039352005661286, -100.05008508701052 38.239348082525595))"
03C,2019-06-18 19:55:00+00:00,2019-06-18 21:55:00+00:00,0.0,42000.0,"POLYGON ((-105.28720787446868 44.81207345477611, -103.32033911594237 44.51384700957935, -103.10446603641256 42.55722273826727, -106.53929857575228 40.51750584492168, -108.46978114132592 41.99760157764505, -105.28720787446868 44.81207345477611))"
35W,2019-06-18 19:55:00+00:00,2019-06-18 21:55:00+00:00,0.0,45000.0,"POLYGON ((-112.15208524720421 48.79636841031975, -111.06499032942455 48.63143712360141, -111.09499051212521 48.43369995198736, -112.18208542990487 48.5986312387057, -112.15208524720421 48.79636841031975))"
40W,2019-06-18 19:55:00+00:00,2019-06-18 21:55:00+00:00,0.0,40000.0,"POLYGON ((-106.95470505092844 34.77279322139207, -106.66498277762626 33.78962331931047, -107.75839328304667 33.113108712540445, -109.00629167797557 34.15279492217964, -106.95470505092844 34.77279322139207))"
40E,2019-06-18 19:55:00+00:00,2019-06-18 21:55:00+00:00,0.0,45000.0,"POLYGON ((-86.8733591844088 31.74823125693894, -84.29 31.4936310442636, -83.41894494151983 30.368014129630584, -86.68 29.33267939837246, -86.8733591844088 31.74823125693894))"
39E,2019-06-18 19:55:00+00:00,2019-06-18 21:55:00+00:00,0.0,45000.0,"POLYGON ((-83.58699695133892 34.934945113166265, -82.5544786311274 34.4430612191985, -84.36467492935273 31.50627338182682, -86.90994995414293 32.218629997188195, -85.3817545276219 34.49866488673581, -83.58699695133892 34.934945113166265))"
44E,2019-06-18 19:55:00+00:00,2019-06-18 21:55:00+00:00,0.0,43000.0,"POLYGON ((-85.87067734532506 38.95075290363385, -85.02497255973505 38.40472781509485, -85.97132207365095 38.22668492116085, -87.25 38.824524177054435, -85.87067734532506 38.95075290363385))"
43E,2019-06-18 19:55:00+00:00,2019-06-18 21:55:00+00:00,0.0,45000.0,"POLYGON ((-79.97020366320871 27.488030491583192, -79.72563644247822 25.798949119323996, -82.05923566011576 24.82505908332018, -81.78 26.862737911472784, -79.97020366320871 27.488030491583192))"
37E,2019-06-18 19:55:00+00:00,2019-06-18 21:55:00+00:00,0.0,45000.0,"POLYGON ((-79.86700792962317 37.2483469760245, -75.1599614385435 36.88546799774109, -75.41503656287256 36.512234208800045, -78.54291471248602 36.33088221041634, -80.26961807590669 36.7362624306669, -79.86700792962317 37.2483469760245))"
42E,2019-06-18 19:55:00+00:00,2019-06-18 21:55:00+00:00,0.0,45000.0,"POLYGON ((-80.16067255454587 30.33307326431446, -80.34661313410825 27.372516492034247, -81.63729701654249 26.83733866428974, -83.2706810981287 30.060932075241826, -80.16067255454587 30.33307326431446))"
04C,2019-06-18 19:55:00+00:00,2019-06-18 21:55:00+00:00,0.0,37000.0,"POLYGON ((-106.15926209911943 47.45050436586544, -103.90056622615242 47.172790908528775, -101.72 45.57910686720918, -104.33894654333886 44.91350285953231, -106.78845842520589 45.3007946148915, -106.15926209911943 47.45050436586544))"
05C,2019-06-18 19:55:00+00:00,2019-06-18 21:55:00+00:00,0.0,40000.0,"POLYGON ((-105.23846673626724 37.53957817953051, -103.18193582821249 37.25926504945445, -104.17907885796016 35.64918710232253, -106.34807212658812 35.96131907435263, -105.23846673626724 37.53957817953051))"
02C,2019-06-18 19:55:00+00:00,2019-06-18 21:55:00+00:00,0.0,45000.0,"POLYGON ((-104.32547391752873 40.42434146314661, -103.09942124279428 38.96781701377206, -103.47508787046418 38.45205679155829, -105.33814515717721 38.99235949939757, -104.32547391752873 40.42434146314661))"
98C,2019-06-18 19:55:00+00:00,2019-06-18 21:55:00+00:00,0.0,45000.0,"POLYGON ((-103.69880394308771 31.202678269722178, -103.11700303608986 30.832287131734926, -103.72981153691545 29.838701065520702, -104.52806940993159 30.298729706585682, -103.69880394308771 31.202678269722178))"
96C,2019-06-18 19:55:00+00:00,2019-06-18 21:55:00+00:00,0.0,45000.0,"POLYGON ((-87.19331025105335 29.75305350671482, -86.68 29.16631044263607, -86.68 28.00172775248132, -88.76774177202475 27.997007400801074, -87.19331025105335 29.75305350671482))"
99C,2019-06-18 19:55:00+00:00,2019-06-18 21:55:00+00:00,0.0,45000.0,"POLYGON ((-95.12565145928465 41.3593704722117, -94.96555045251851 40.57919025306191, -96.6786913776679 38.452426817496814, -98.02423053279637 37.39624276562826, -97.51681698504989 40.192652318548085, -95.12565145928465 41.3593704722117))"
36W,2019-06-18 19:55:00+00:00,2019-06-18 21:55:00+00:00,0.0,40000.0,"POLYGON ((-109.57650530905428 48.847248359196136, -108.83675074179514 48.79090918289849, -107.10073790088056 47.45050436586544, -108.17998795472202 45.6818209377524, -111.70575987578717 45.83511504111643, -109.57650530905428 48.847248359196136))"
38W,2019-06-18 19:55:00+00:00,2019-06-18 21:55:00+00:00,0.0,40000.0,"POLYGON ((-110.55009199921959 38.30226383102905, -109.42482868512776 36.286862527991616, -111.64994177313687 35.99206649689904, -113.54 36.285475822945564, -114.17815092530098 38.24980958433316, -110.55009199921959 38.30226383102905))"
37W,2019-06-18 19:55:00+00:00,2019-06-18 21:55:00+00:00,0.0,42000.0,"POLYGON ((-107.90485615529919 40.32742077116497, -106.49429555918218 40.262529686495235, -105.62681102402509 37.28617622384652, -110.09125777296917 37.422287226583194, -107.90485615529919 40.32742077116497))"
39W,2019-06-18 19:55:00+00:00,2019-06-18 21:55:00+00:00,0.0,40000.0,"POLYGON ((-111.3648273719502 43.41724014684839, -109.27721893154497 42.05082917011303, -108.10570444081783 40.262529686495235, -110.7 39.25184477868196, -111.3648273719502 43.41724014684839))"
SIERRA 2,2019-06-18 20:39:00+00:00,2019-06-19 00:40:00+00:00,0.0,46000.0,"POLYGON ((-172.3 21.2, -170.2 18.2, -177.3 19.2, -172.3 21.2))"
KILO 2,2019-06-18 20:45:00+00:00,2019-06-19 00:45:00+00:00,0.0,48000.0,"POLYGON ((-77 31.45, -75 30.3, -74.45 28.15, -77 28, -77 31.45))"
BRAVO 5,2019-06-18 20:45:00+00:00,2019-06-19 00:45:00+00:00,0.0,50000.0,"POLYGON ((-126.15 12, -125.3 10.3, -130 10, -130.45 11.45, -126.15 12))"
16C,2019-06-18 20:55:00+00:00,2019-06-18 22:55:00+00:00,0.0,45000.0,"POLYGON ((-102.97067439399076 35.68951133500433, -104.88328695402953 32.8054573396795, -105.14 34.648003424053734, -102.97067439399076 35.68951133500433))"
55E,2019-06-18 20:55:00+00:00,2019-06-18 22:55:00+00:00,0.0,45000.0,"POLYGON ((-84.80513299001937 37.346501635912254, -84.75723425062036 37.15232205211421, -86.05434024486432 36.83236183396983, -86.10223898426334 37.026541417767874, -84.80513299001937 37.346501635912254))"
54E,2019-06-18 20:55:00+00:00,2019-06-18 22:55:00+00:00,0.0,43000.0,"POLYGON ((-85.9237978771624 39.05162242004203, -87.25084517360024 38.09487895379488, -88.12657478978713 37.92943143175492, -87.53457638305352 38.95538729212509, -85.9237978771624 39.05162242004203))"
51E,2019-06-18 20:55:00+00:00,2019-06-18 22:55:00+00:00,0.0,45000.0,"POLYGON ((-79.74135186450712 30.494399232986016, -78.39327118788955 29.35004021780778, -78.52270172352758 29.197568133659708, -79.87078240014515 30.341927148837943, -79.74135186450712 30.494399232986016))"
48E,2019-06-18 20:55:00+00:00,2019-06-18 22:55:00+00:00,0.0,40000.0,"POLYGON ((-80.71 37.09, -80.3608048626451 36.35608004613, -82.13369366597371 35.43052848363942, -83.3 33.977145302895536, -83.9515797057067 34.91956699875251, -80.71 37.09))"
47E,2019-06-18 20:55:00+00:00,2019-06-18 22:55:00+00:00,0.0,45000.0,"POLYGON ((-77.69913122081752 38.58455078504327, -77.32 37.5, -74.75402061364473 36.881239510706514, -80.31086747692756 36.160195497787605, -80.71 37.09, -77.69913122081752 38.58455078504327))"
14C,2019-06-18 20:55:00+00:00,2019-06-18 22:55:00+00:00,0.0,41000.0,"POLYGON ((-104.89895361624849 47.09081928474057, -101.28333658261336 45.385852294930885, -102.62118812388738 44.64717626942552, -105.57841721390504 44.610147152963094, -105.95 46.669141878841785, -104.89895361624849 47.09081928474057))"
10C,2019-06-18 20:55:00+00:00,2019-06-18 22:55:00+00:00,0.0,45000.0,"POLYGON ((-93.87278182824069 41.84048427234373, -95.68721785818984 38.65120697759412, -98.14263734799579 38.519923189266244, -97.08791737386731 40.473315796292944, -93.87278182824069 41.84048427234373))"
11C,2019-06-18 20:55:00+00:00,2019-06-18 22:55:00+00:00,0.0,45000.0,"POLYGON ((-95.68721785818984 38.65120697759412, -97.66681374509768 36.145278499114376, -100.18021612581353 37.918721191456214, -100.2087513217854 38.327761780810626, -95.68721785818984 38.65120697759412))"
45W,2019-06-18 20:55:00+00:00,2019-06-18 22:55:00+00:00,0.0,41000.0,"POLYGON ((-110.73 43.61, -110.11 42.29085812115821, -112.30126350080663 41.93277142884248, -112.30000057489171 42.46703480529496, -110.73 43.61))"
42W,2019-06-18 20:55:00+00:00,2019-06-18 22:55:00+00:00,0.0,40000.0,"POLYGON ((-109.14737775718632 48.94723983436708, -107.56174225175654 48.829631653114035, -106.1724478695766 47.91240702556412, -108.91224491332817 45.60517237179261, -111.06713697740274 45.99321495562778, -109.14737775718632 48.94723983436708))"
56E,2019-06-18 20:55:00+00:00,2019-06-18 22:55:00+00:00,0.0,38000.0,"POLYGON ((-69.25427352668612 40.68918018809671, -67.8921964389949 39.61298209873834, -70.03 39.117203575426906, -70.03 40.115417309845256, -69.25427352668612 40.68918018809671))"
52E,2019-06-18 20:55:00+00:00,2019-06-18 22:55:00+00:00,0.0,45000.0,"POLYGON ((-81.72919051087233 31.537628073776222, -80.83957930427944 29.535008850182635, -81.85589521726634 27.65294786061122, -83.63531823723685 30.65272130238764, -81.72919051087233 31.537628073776222))"
50E,2019-06-18 20:55:00+00:00,2019-06-18 22:55:00+00:00,0.0,45000.0,"POLYGON ((-86.32 32.22, -83.39019852442021 31.338508877722262, -84.93326234313339 29.169065141989194, -86.68 29.33267939837246, -86.32 32.22))"
49E,2019-06-18 20:55:00+00:00,2019-06-18 22:55:00+00:00,0.0,45000.0,"POLYGON ((-84.47439186953113 36.369149992920995, -82.91738508349383 32.942538733280855, -83.92933687124433 31.53215948732113, -86.32 32.22, -88.97301098284674 34.411370652766195, -84.47439186953113 36.369149992920995))"
46E,2019-06-18 20:55:00+00:00,2019-06-18 22:55:00+00:00,0.0,42000.0,"POLYGON ((-74.6963209314241 41.18753510152494, -73.16067987380619 40.81940125927738, -74.86321523771913 39.81919445592741, -76.28539464271961 40.38741742488284, -74.6963209314241 41.18753510152494))"
53E,2019-06-18 20:55:00+00:00,2019-06-18 22:55:00+00:00,0.0,45000.0,"POLYGON ((-80.58025149465936 29.489954650842044, -79.3931486732552 29.289021921839478, -79.6298812004389 25.210354803629514, -81.12248353355385 24.84314904610989, -80.58025149465936 29.489954650842044))"
12C,2019-06-18 20:55:00+00:00,2019-06-18 22:55:00+00:00,0.0,45000.0,"POLYGON ((-103.955933965595 40.95246075915879, -102.0884893598079 39.51665428550966, -103.47508787046418 38.45205679155829, -106.13473428200342 38.84934434904484, -103.955933965595 40.95246075915879))"
13C,2019-06-18 20:55:00+00:00,2019-06-18 22:55:00+00:00,0.0,42000.0,"POLYGON ((-104.93309386376309 44.43581155315016, -102.52122838026271 42.59188240713217, -103.955933965595 40.95246075915879, -106.89 39.77273791147279, -106.90944799765116 42.89727179389724, -104.93309386376309 44.43581155315016))"
07C,2019-06-18 20:55:00+00:00,2019-06-18 22:55:00+00:00,0.0,45000.0,"POLYGON ((-87.70271283051545 29.344999420502862, -84.93326234313339 29.169065141989194, -85.31533768811302 27.88492939681333, -88.76774177202475 27.997007400801074, -87.70271283051545 29.344999420502862))"
08C,2019-06-18 20:55:00+00:00,2019-06-18 22:55:00+00:00,0.0,45000.0,"POLYGON ((-89.07714144595583 30.982695542251694, -87.77936806444451 30.728707724630137, -89.81004349590133 28.564868342620546, -90.31778825826322 28.718709245337873, -89.07714144595583 30.982695542251694))"
09C,2019-06-18 20:55:00+00:00,2019-06-18 22:55:00+00:00,0.0,45000.0,"POLYGON ((-103.51634191540165 31.634419848072888, -102.5920216978198 30.949420618964208, -103.65686813793825 29.68485384455533, -104.52806940993159 30.298729706585682, -103.51634191540165 31.634419848072888))"
15C,2019-06-18 20:55:00+00:00,2019-06-18 22:55:00+00:00,0.0,40000.0,"POLYGON ((-106.89 38.94089313279081, -103.47508787046418 38.45205679155829, -102.11343107110142 36.211310567022366, -105.37373442158462 35.19865911159894, -106.9334507083006 37.116415506911984, -106.89 38.94089313279081))"
41W,2019-06-18 20:55:00+00:00,2019-06-18 22:55:00+00:00,0.0,45000.0,"POLYGON ((-112.187397296359 48.73046008001395, -110.69390717255291 48.28162337754731, -110.72031513871117 46.97735636889176, -112.2896540375311 48.03486626399844, -112.187397296359 48.73046008001395))"
44W,2019-06-18 20:55:00+00:00,2019-06-18 22:55:00+00:00,0.0,40000.0,"POLYGON ((-111.48196214139482 38.1627311523047, -109.54314954737283 36.73116601360921, -109.82840538752166 36.1113638190922, -113.54 36.119106867209176, -114.22853899572515 37.94247943161798, -111.48196214139482 38.1627311523047))"
43W,2019-06-18 20:55:00+00:00,2019-06-18 22:55:00+00:00,0.0,42000.0,"POLYGON ((-106.76050036309015 42.736069410420534, -106.9334507083006 37.116415506911984, -109.52184616701244 37.33795286300999, -110.43670820497717 39.904313460115205, -109.49447001678767 41.94194961280839, -106.76050036309015 42.736069410420534))"
TANGO 2,2019-06-18 21:12:00+00:00,2019-06-19 01:15:00+00:00,0.0,55000.0,"POLYGON ((-166.1 8.5, -157.4 5.2, -171.2 4.4, -166.1 8.5))"
59E,2019-06-18 21:55:00+00:00,2019-06-18 23:55:00+00:00,,,"POLYGON ((-80.71433109192787 37.21373036820378, -81.9277054785594 36.43855307868944, -81.95027835278489 36.41879201804434, -83.28030127380462 34.84341183216279, -81.82003098917485 36.27001167625142, -80.60665660254332 37.04518896576576, -83.1274810359691 34.71439255101498, -81.79745811494936 36.28977273689653, -80.71433109192787 37.21373036820378))"
62E,2019-06-18 21:55:00+00:00,2019-06-18 23:55:00+00:00,0.0,45000.0,"POLYGON ((-82.17074225822093 31.539552217572492, -81.00746429379815 30.339039231886876, -82.38492720721456 29.598342204754644, -82.83227994554474 30.871764957911303, -82.17074225822093 31.539552217572492))"
19C,2019-06-18 21:55:00+00:00,2019-06-18 23:55:00+00:00,0.0,45000.0,"POLYGON ((-95.5082347290301 40.4191845487034, -95.17257522532977 38.489325327432645, -97.03148150873588 37.7487289996929, -96.56031325841859 40.310122299247, -95.5082347290301 40.4191845487034))"
66E,2019-06-18 21:55:00+00:00,2019-06-18 23:55:00+00:00,0.0,38000.0,"POLYGON ((-68.81000913879213 40.89153895645267, -67.00718342785322 40.285131084847016, -68.8813193150752 39.12232121281624, -70.03 39.78267939837248, -68.81000913879213 40.89153895645267))"
60E,2019-06-18 21:55:00+00:00,2019-06-18 23:55:00+00:00,0.0,45000.0,"POLYGON ((-84.11 37.03, -82.16000000000001 33.044524177054434, -83.87578563734498 32.2286829735026, -87.46234421062056 33.19816254181924, -88.24021573865537 34.962369672831116, -84.11 37.03))"
58E,2019-06-18 21:55:00+00:00,2019-06-18 23:55:00+00:00,0.0,45000.0,"POLYGON ((-77.04 38.86, -74.95197545605652 36.883474052404104, -80.27014176405399 35.81436884787738, -80.4184808072863 36.40212488567535, -77.95168590435853 38.793676502205784, -77.04 38.86))"
65E,2019-06-18 21:55:00+00:00,2019-06-18 23:55:00+00:00,0.0,45000.0,"POLYGON ((-86.68 29.33267939837246, -84.93326234313339 29.169065141989194, -85.31533768811302 27.88492939681333, -86.96646788719625 27.997559479124334, -86.68 29.33267939837246))"
61E,2019-06-18 21:55:00+00:00,2019-06-18 23:55:00+00:00,0.0,45000.0,"POLYGON ((-84.29 31.99273791147279, -83.09561145644962 31.538665777521754, -84.35 29.401786265581645, -86.68 29.831786265581645, -84.29 31.99273791147279))"
64E,2019-06-18 21:55:00+00:00,2019-06-18 23:55:00+00:00,0.0,45000.0,"POLYGON ((-79.96538687754567 29.295120554181896, -78.91967636056603 28.244138042531155, -79.35607044589158 25.79708094283153, -80.70105272474011 24.877166648114333, -79.96538687754567 29.295120554181896))"
63E,2019-06-18 21:55:00+00:00,2019-06-18 23:55:00+00:00,0.0,45000.0,"POLYGON ((-80.62241315859453 30.018669427242475, -81.01161738534222 27.87002282199564, -82.02972089380388 27.590034395543018, -82.37741804946413 29.010101918639464, -80.62241315859453 30.018669427242475))"
57E,2019-06-18 21:55:00+00:00,2019-06-18 23:55:00+00:00,0.0,42000.0,"POLYGON ((-73.92659301654251 41.2593762118419, -73.15430113998076 40.15779641440894, -74.86321523771913 39.81919445592741, -76.08398249852904 40.45196233740864, -73.92659301654251 41.2593762118419))"
17C,2019-06-18 21:55:00+00:00,2019-06-18 23:55:00+00:00,0.0,45000.0,"POLYGON ((-89.07714144595583 30.982695542251694, -87.77936806444451 30.728707724630137, -89.81004349590133 28.564868342620546, -90.50283843142515 28.826475479559633, -89.07714144595583 30.982695542251694))"
24C,2019-06-18 21:55:00+00:00,2019-06-18 23:55:00+00:00,0.0,40000.0,"POLYGON ((-106.84356225561433 38.513502721838066, -103.98252570870766 37.936226416809745, -101.3648310928849 36.27081884781991, -102.84 34.999106867209186, -105.70888862821214 35.84966332207825, -106.84356225561433 38.513502721838066))"
18C,2019-06-18 21:55:00+00:00,2019-06-18 23:55:00+00:00,0.0,45000.0,"POLYGON ((-103.51634191540165 31.634419848072888, -102.5920216978198 30.949420618964208, -103.65686813793825 29.68485384455533, -104.52806940993159 30.298729706585682, -103.51634191540165 31.634419848072888))"
20C,2019-06-18 21:55:00+00:00,2019-06-18 23:55:00+00:00,0.0,45000.0,"POLYGON ((-100.12965150530442 38.389042075919455, -96.83011756387464 38.33583614445982, -97.09376428761767 36.34715600899554, -99.95333443615495 37.66277740130122, -100.12965150530442 38.389042075919455))"
25C,2019-06-18 21:55:00+00:00,2019-06-18 23:55:00+00:00,0.0,45000.0,"POLYGON ((-103.67804210254239 35.33367985968133, -102.60694577183824 34.96089373870666, -104.62 32.84089313279083, -105.41655717074562 33.33745759080962, -103.67804210254239 35.33367985968133))"
22C,2019-06-18 21:55:00+00:00,2019-06-18 23:55:00+00:00,0.0,42000.0,"POLYGON ((-104.29983020489196 44.35477496333659, -102.52122838026271 42.59188240713217, -103.51024641246582 39.54470918201893, -105.85619309111345 38.826058984918454, -106.87636046551857 41.287755742204574, -104.29983020489196 44.35477496333659))"
23C,2019-06-18 21:55:00+00:00,2019-06-18 23:55:00+00:00,0.0,41000.0,"POLYGON ((-101.93878774618487 39.850850607503126, -102.23871868308359 38.55206010327422, -103.98252570870766 37.936226416809745, -107.04 38.45, -101.93878774618487 39.850850607503126))"
21C,2019-06-18 21:55:00+00:00,2019-06-18 23:55:00+00:00,0.0,45000.0,"POLYGON ((-103.98643533146901 46.85355659813752, -101.06479462479172 45.26913094643752, -103.01 44.64547582294556, -105.61411237662011 44.58524777431799, -105.95 46.38, -103.98643533146901 46.85355659813752))"
49W,2019-06-18 21:55:00+00:00,2019-06-18 23:55:00+00:00,0.0,40000.0,"POLYGON ((-111.48196214139482 38.1627311523047, -110.12277708676253 36.496540793703886, -111.1129806034437 35.81248765451741, -112.41722291323748 36.496540793703886, -112.7481203865402 38.04207581156772, -111.48196214139482 38.1627311523047))"
47W,2019-06-18 21:55:00+00:00,2019-06-18 23:55:00+00:00,0.0,40000.0,"POLYGON ((-108.13074537799716 48.97410534556639, -105.7572084040494 47.628466294139, -108.62000000000002 45.14452417705443, -112.3147665722354 47.191762142796385, -110.93800937938292 48.85245307744807, -108.13074537799716 48.97410534556639))"
46W,2019-06-18 21:55:00+00:00,2019-06-18 23:55:00+00:00,0.0,45000.0,"POLYGON ((-110.65982910830269 45.23440868370886, -110.73 44.10910686720917, -113.46029560760184 43.45536294239098, -114.43646234910183 44.40462214768829, -110.65982910830269 45.23440868370886))"
48W,2019-06-18 21:55:00+00:00,2019-06-18 23:55:00+00:00,0.0,42000.0,"POLYGON ((-108.76278106845504 42.05082917011303, -107.16281320661902 41.776692039888474, -106.9334507083006 37.116415506911984, -110.09544878881395 38.88901443695594, -110.13 40.14, -108.76278106845504 42.05082917011303))"
50W,2019-06-18 21:55:00+00:00,2019-06-18 23:55:00+00:00,0.0,41000.0,"POLYGON ((-109.88446595634062 43.35220922779386, -110.11 41.914524177054425, -111.9762414936418 41.84610026683886, -111.97091978279843 42.55192849441498, -109.88446595634062 43.35220922779386))"
DELTA 8,2019-06-18 22:45:00+00:00,2019-06-19 02:45:00+00:00,0.0,45000.0,"POLYGON ((-62.15 39.3, -63 38, -66.3 38, -66.45 39.15, -62.15 39.3))"
JULIETT 3,2019-06-18 22:45:00+00:00,2019-06-19 02:45:00+00:00,0.0,50000.0,"POLYGON ((-87.15 28.3, -86.45 26.45, -90.3 25.3, -91.45 26.15, -88.3 28.15, -87.15 28.3))"
70E,2019-06-18 22:55:00+00:00,2019-06-19 00:55:00+00:00,0.0,45000.0,"POLYGON ((-80.77923455914056 36.956413730311965, -80.51643341926946 36.04880517492715, -81.93 35.03, -83.09713425512354 35.100530560570405, -80.77923455914056 36.956413730311965))"
72E,2019-06-18 22:55:00+00:00,2019-06-19 00:55:00+00:00,0.0,45000.0,"POLYGON ((-82.00111542142939 31.5389924952312, -81.51 30.34, -81.86424119484145 30.032841294276714, -82.51 30.961716242316417, -82.00111542142939 31.5389924952312))"
67E,2019-06-18 22:55:00+00:00,2019-06-19 00:55:00+00:00,0.0,42000.0,"POLYGON ((-73.36403791384869 40.93597232177772, -72.68243945191715 40.25159882586786, -74.43 39.82, -75.68 40.29085812115821, -73.36403791384869 40.93597232177772))"
51W,2019-06-18 22:55:00+00:00,2019-06-19 00:55:00+00:00,0.0,45000.0,"POLYGON ((-111.34707904900122 44.70013696172611, -110.57649693207493 43.877029860976705, -113.0705395089212 43.17591409100906, -114.08 44.152574363474635, -111.34707904900122 44.70013696172611))"
77E,2019-06-18 22:55:00+00:00,2019-06-19 00:55:00+00:00,0.0,45000.0,"POLYGON ((-79.17517895295909 31.146933214688314, -77.90182995378836 30.407647758682796, -78.24894546662576 29.26951133538124, -79.5148168257957 29.863520091530443, -79.17517895295909 31.146933214688314))"
71E,2019-06-18 22:55:00+00:00,2019-06-19 00:55:00+00:00,0.0,45000.0,"POLYGON ((-82.23869341304403 34.41478872943104, -82.46396608054296 32.684420047986144, -85.21 32.38452417705443, -87.12828046576399 33.20867528053094, -86.9 34.16910686720918, -82.23869341304403 34.41478872943104))"
69E,2019-06-18 22:55:00+00:00,2019-06-19 00:55:00+00:00,0.0,40000.0,"POLYGON ((-78.65924472074599 37.4395833233832, -76.75325742104847 36.44963352035374, -77.40212595195875 35.27134227849303, -80.55171359491706 36.239644002920905, -78.65924472074599 37.4395833233832))"
68E,2019-06-18 22:55:00+00:00,2019-06-19 00:55:00+00:00,0.0,45000.0,"POLYGON ((-76.81570551329948 39.19247438162647, -75.23509099008442 37.204439060243125, -76.93317967696534 37.37203560912972, -78.19328003057957 38.02473389545863, -78.02085954855983 38.75754382702823, -76.81570551329948 39.19247438162647))"
76E,2019-06-18 22:55:00+00:00,2019-06-19 00:55:00+00:00,0.0,38000.0,"POLYGON ((-68.20543552250395 40.692524107394135, -67.00718342785322 40.285131084847016, -68.80199855429646 38.967778283311084, -69.52872534939021 40.35667505090926, -68.20543552250395 40.692524107394135))"
73E,2019-06-18 22:55:00+00:00,2019-06-19 00:55:00+00:00,0.0,45000.0,"POLYGON ((-81.11 29.3, -81.05360465960551 27.678859671358637, -82.02972089380388 27.590034395543018, -82.68663535408376 28.830980964979066, -81.11 29.3))"
75E,2019-06-18 22:55:00+00:00,2019-06-19 00:55:00+00:00,0.0,45000.0,"POLYGON ((-83.87378817875202 32.012246792286305, -82.87118500656702 31.66682583117576, -85.29459532992047 26.354539790314085, -87.59362690402669 26.9215498051789, -83.87378817875202 32.012246792286305))"
74E,2019-06-18 22:55:00+00:00,2019-06-19 00:55:00+00:00,0.0,45000.0,"POLYGON ((-79.70700398422596 28.783338289656164, -78.39258495235237 28.428185245373538, -79.50061792054885 25.092084646045706, -80.67083656346551 25.446556484941148, -79.70700398422596 28.783338289656164))"
78E,2019-06-18 22:55:00+00:00,2019-06-19 00:55:00+00:00,0.0,45000.0,"POLYGON ((-84.94357369476812 37.027084680374244, -84.34781308735664 36.568647514169584, -86.74438937422312 34.45306037257408, -88.05919792409836 34.23811184318737, -88.05223069254924 34.89970959924097, -84.94357369476812 37.027084680374244))"
53W,2019-06-18 22:55:00+00:00,2019-06-19 00:55:00+00:00,0.0,42000.0,"POLYGON ((-107.77965903333937 41.9653571372671, -106.130240889959 41.46660574219987, -106.49429555918218 40.262529686495235, -109.5412691952973 38.46937718837208, -109.52512584859221 40.3294287649337, -107.77965903333937 41.9653571372671))"
52W,2019-06-18 22:55:00+00:00,2019-06-19 00:55:00+00:00,0.0,40000.0,"POLYGON ((-105.37386091084502 49.036724003553964, -106.28958690912249 46.14421466722864, -108.25862328174833 45.19460664844538, -112.3249830213544 47.22421184855885, -110.30677686064764 48.8916806799559, -105.37386091084502 49.036724003553964))"
54W,2019-06-18 22:55:00+00:00,2019-06-19 00:55:00+00:00,0.0,40000.0,"POLYGON ((-112.3 38.189106867209176, -108.93 38.14273791147279, -107.51315308757533 36.929609345296576, -108.09 36.07452417705444, -111.8878632428397 36.118413646899285, -112.3 38.189106867209176))"
55W,2019-06-18 22:55:00+00:00,2019-06-19 00:55:00+00:00,0.0,41000.0,"POLYGON ((-109.84866926833989 43.04081903494398, -108.84893273204149 41.89728331180715, -110.04247803024795 41.26712439086235, -112.00084669054323 42.19912394231138, -109.84866926833989 43.04081903494398))"
30C,2019-06-18 23:21:00+00:00,2019-06-19 00:55:00+00:00,0.0,45000.0,"POLYGON ((-103.44675097191735 47.04901075422126, -100.16000000000001 45.22184477868196, -102.3508365751586 44.44867750701674, -105.5816413686589 44.25146251234015, -105.46768783934506 46.378986146453194, -103.44675097191735 47.04901075422126))"
32C,2019-06-18 23:21:00+00:00,2019-06-19 00:55:00+00:00,0.0,41000.0,"POLYGON ((-101.9954660121806 39.624882559652676, -102.83012800212262 37.002837505533414, -107.04 38.45, -105.45739736028358 39.55259915939778, -101.9954660121806 39.624882559652676))"
33C,2019-06-18 23:21:00+00:00,2019-06-19 00:55:00+00:00,0.0,40000.0,"POLYGON ((-104.37509529838269 37.5121439079293, -100.97 36.37452417705443, -101.64 35.95547582294557, -105.29732671496917 35.967307576394546, -105.82 36.85089313279084, -104.37509529838269 37.5121439079293))"
34C,2019-06-18 23:21:00+00:00,2019-06-19 00:55:00+00:00,0.0,45000.0,"POLYGON ((-102.87509163559662 35.76604885183411, -101.64 35.29, -103.70344273150931 33.018297884250586, -105.01828439850934 33.33936438538558, -102.87509163559662 35.76604885183411))"
29C,2019-06-18 23:21:00+00:00,2019-06-19 00:55:00+00:00,0.0,45000.0,"POLYGON ((-98.79911712555646 38.54205367350181, -99.05274809521582 37.74083682952975, -100.14699371461766 37.7275603663689, -100.12965150530442 38.389042075919455, -98.79911712555646 38.54205367350181))"
26C,2019-06-18 23:21:00+00:00,2019-06-19 00:55:00+00:00,0.0,45000.0,"POLYGON ((-105.5280854558156 34.89085105100741, -105.7287433022592 33.717079142794475, -107.12714761376785 33.58731629107023, -107.12873033287597 34.42478858427659, -105.5280854558156 34.89085105100741))"
27C,2019-06-18 23:21:00+00:00,2019-06-19 00:55:00+00:00,0.0,45000.0,"POLYGON ((-104.07758009517724 32.57310170470403, -100.80955113410617 31.242165215042228, -103.29545604096907 28.915027596438687, -103.95 29.301786265581644, -104.47196410991613 31.3748989476661, -104.07758009517724 32.57310170470403))"
28C,2019-06-18 23:21:00+00:00,2019-06-19 00:55:00+00:00,0.0,45000.0,"POLYGON ((-95.5981583951737 39.72782108572522, -95.07887463339102 38.45953019651482, -97.09376428761767 36.34715600899554, -98.31805554042622 37.15948780915211, -95.5981583951737 39.72782108572522))"
35C,2019-06-18 23:21:00+00:00,2019-06-19 00:55:00+00:00,0.0,45000.0,"POLYGON ((-102.83033315151178 33.378251633396644, -100.45164794601058 32.47861617517567, -100.86490429076673 31.72225441977049, -102.82282950156774 32.222241238755984, -102.83033315151178 33.378251633396644))"
31C,2019-06-18 23:21:00+00:00,2019-06-19 00:55:00+00:00,0.0,42000.0,"POLYGON ((-103.65286622295635 44.16920151059579, -101.79697562013382 42.555802216097334, -102.35998884383741 40.627769088074935, -104.96524307996413 39.57431816562268, -105.84947518573982 42.32066250408852, -103.65286622295635 44.16920151059579))"
84E,2019-06-18 23:55:00+00:00,2019-06-19 01:55:00+00:00,,,"POLYGON ((-82.32518850512918 31.65971915380863, -82.29540187508545 31.38460630287734, -81.71715818449525 30.33443415612396, -82.45266632573086 31.50561073335521, -82.27154206423471 31.35578552558471, -81.54196074219209 30.43090102199213, -82.12020443278229 31.48107316874551, -82.14406424363303 31.50989394603813, -82.32518850512918 31.65971915380863))"
39C,2019-06-18 23:55:00+00:00,2019-06-19 01:55:00+00:00,,,"POLYGON ((-101.8440050513787 39.4475283115535, -102.5704414766975 38.41525870789932, -102.574088198336 38.40969192833487, -102.6441042418648 38.29463271001869, -102.40688201852 38.30015743231693, -101.6804455932012 39.33242703597112, -102.4732513404102 38.19066499356521, -102.4032352968814 38.30572421188138, -101.8440050513787 39.4475283115535))"
79E,2019-06-18 23:55:00+00:00,2019-06-19 01:55:00+00:00,0.0,42000.0,"POLYGON ((-72.8489542606503 40.75281512957557, -72.68243945191715 40.25159882586786, -74.08275914385946 39.70883222271993, -74.95296049674519 39.984802319423274, -72.8489542606503 40.75281512957557))"
89E,2019-06-18 23:55:00+00:00,2019-06-19 01:55:00+00:00,0.0,45000.0,"POLYGON ((-79.19971799904016 31.15082114184281, -78.32622315747224 30.26697360283813, -78.62368584384397 29.276975590273747, -79.72483519862459 29.790776511913705, -79.19971799904016 31.15082114184281))"
85E,2019-06-18 23:55:00+00:00,2019-06-19 01:55:00+00:00,0.0,45000.0,"POLYGON ((-81.22351923692818 28.642177390868724, -80.9797608066985 27.679138909723793, -81.73581677550212 27.39763646124585, -81.99826821594418 28.538412880935688, -81.22351923692818 28.642177390868724))"
81E,2019-06-18 23:55:00+00:00,2019-06-19 01:55:00+00:00,0.0,40000.0,"POLYGON ((-80.3475274013093 37.08944843080993, -76.45495266103099 36.68527319013506, -76.9347606263001 35.644259667027725, -81.93 35.60828375768359, -80.3475274013093 37.08944843080993))"
80E,2019-06-18 23:55:00+00:00,2019-06-19 01:55:00+00:00,0.0,45000.0,"POLYGON ((-76.46194943117568 39.3328743887888, -75.51 38.060858121158205, -77.06158311717377 37.70417306833537, -77.65868577145004 38.23911104499922, -77.60749402586607 38.84416129064145, -76.46194943117568 39.3328743887888))"
82E,2019-06-18 23:55:00+00:00,2019-06-19 01:55:00+00:00,0.0,45000.0,"POLYGON ((-82.30312788646748 34.722746982089525, -81.5491754735534 33.197359172599235, -82.51 31.97371281826268, -83.89349184225405 32.89421911139596, -82.30312788646748 34.722746982089525))"
38C,2019-06-18 23:55:00+00:00,2019-06-19 01:55:00+00:00,0.0,45000.0,"POLYGON ((-95.9225214564951 39.66537844554604, -94.49 38.27, -97.02252825266662 36.34664445270518, -98.22201501336033 37.237118069084445, -95.9225214564951 39.66537844554604))"
90E,2019-06-18 23:55:00+00:00,2019-06-19 01:55:00+00:00,0.0,45000.0,"POLYGON ((-76.97808172116771 28.908957479633735, -76.73929057699706 26.640689528657067, -78.88114592700765 27.120543956737375, -79.27005623616982 28.120319361713236, -76.97808172116771 28.908957479633735))"
86E,2019-06-18 23:55:00+00:00,2019-06-19 01:55:00+00:00,0.0,45000.0,"POLYGON ((-78.88114592700765 27.120543956737375, -79.08942577615537 25.349494405187173, -80.35062424151575 25.64627808069757, -79.82613732429387 26.915037313910055, -78.88114592700765 27.120543956737375))"
83E,2019-06-18 23:55:00+00:00,2019-06-19 01:55:00+00:00,0.0,45000.0,"POLYGON ((-84.2688878918791 35.77207132051294, -85.89785643296385 34.703039140738355, -86.34716941713357 33.47776880447618, -86.9 33.17089313279082, -87.77703194882747 34.94494498769873, -84.2688878918791 35.77207132051294))"
88E,2019-06-18 23:55:00+00:00,2019-06-19 01:55:00+00:00,0.0,38000.0,"POLYGON ((-66.93193646781027 41.238457112729044, -67.15378242906115 39.00836505537713, -68.56609569777747 38.503830832121295, -68.9478400386136 40.45141312184642, -66.93193646781027 41.238457112729044))"
87E,2019-06-18 23:55:00+00:00,2019-06-19 01:55:00+00:00,0.0,45000.0,"POLYGON ((-83.56570449680888 31.91262197178591, -82.51 31.54, -84.23641934355521 27.389859576766643, -86.45104764094744 27.79359522083806, -83.56570449680888 31.91262197178591))"
41C,2019-06-18 23:55:00+00:00,2019-06-19 01:55:00+00:00,0.0,42000.0,"POLYGON ((-102.35934286812322 42.70807838211194, -101.69612300548016 41.75199845609012, -102.35998884383741 40.627769088074935, -105.26841418125247 39.337843197327956, -105.02506109952874 42.70111697496717, -102.35934286812322 42.70807838211194))"
45C,2019-06-18 23:55:00+00:00,2019-06-19 01:55:00+00:00,0.0,45000.0,"POLYGON ((-102.27895543722724 33.57211815047471, -100.2767316770249 32.12639114916932, -104.14182016874388 31.54848292393377, -104.16750253894088 32.416948479417734, -102.27895543722724 33.57211815047471))"
43C,2019-06-18 23:55:00+00:00,2019-06-19 01:55:00+00:00,0.0,40000.0,"POLYGON ((-101.54622759834001 36.847605391390196, -100.83017424829683 36.017900142804685, -101.94965927924423 34.67478494407264, -102.60694577183824 34.96089373870666, -102.72136072787367 36.55089733693644, -101.54622759834001 36.847605391390196))"
42C,2019-06-18 23:55:00+00:00,2019-06-19 01:55:00+00:00,0.0,41000.0,"POLYGON ((-105.26841418125247 39.337843197327956, -101.93683379707139 37.35441774730114, -103.6 36.76089313279082, -105.19215792223822 37.348340980272916, -105.26841418125247 39.337843197327956))"
40C,2019-06-18 23:55:00+00:00,2019-06-19 01:55:00+00:00,0.0,45000.0,"POLYGON ((-102.77 46.86, -100.16000000000001 45.22184477868196, -102.3508365751586 44.44867750701674, -105.5816413686589 44.25146251234015, -104.74429794793515 46.373663817632284, -102.77 46.86))"
37C,2019-06-18 23:55:00+00:00,2019-06-19 01:55:00+00:00,0.0,45000.0,"POLYGON ((-101.2868222453762 31.68846555646447, -100.77 29.36, -102.46607336090584 29.873048685196448, -103.29545604096907 28.915027596438687, -104.66024554462456 30.04341571680442, -101.2868222453762 31.68846555646447))"
44C,2019-06-18 23:55:00+00:00,2019-06-19 01:55:00+00:00,0.0,45000.0,"POLYGON ((-102.68491975358293 34.807311886736734, -101.91 34.19910686720918, -104.3172910129764 32.72481277860241, -104.62 33.34, -102.68491975358293 34.807311886736734))"
36C,2019-06-18 23:55:00+00:00,2019-06-19 01:55:00+00:00,0.0,45000.0,"POLYGON ((-103.83236942257335 34.718663082252085, -103.91112105470303 33.926192836898785, -106.54242468691649 33.53249017701852, -106.43479875594133 34.270865167322846, -103.83236942257335 34.718663082252085))"
59W,2019-06-18 23:55:00+00:00,2019-06-19 01:55:00+00:00,0.0,40000.0,"POLYGON ((-106.53567417825789 41.082447611853496, -106.89 39.44, -109.01041855946802 37.65626776751366, -110.7 38.42, -108.51640264839752 40.66666313188477, -106.53567417825789 41.082447611853496))"
58W,2019-06-18 23:55:00+00:00,2019-06-19 01:55:00+00:00,0.0,42000.0,"POLYGON ((-108.65446654004508 44.07427558706587, -106.28 43.09, -106.28 42.25815522131805, -108.5506894058094 41.236120923555795, -110.04247803024795 41.26712439086235, -108.65446654004508 44.07427558706587))"
57W,2019-06-18 23:55:00+00:00,2019-06-19 01:55:00+00:00,0.0,40000.0,"POLYGON ((-105.37386091084502 49.036724003553964, -105.76645679431515 46.07244285844927, -108.23305323892534 44.833995509884296, -111.95 46.94273791147279, -109.77000000000001 49.03910686720917, -105.37386091084502 49.036724003553964))"
56W,2019-06-18 23:55:00+00:00,2019-06-19 01:55:00+00:00,0.0,45000.0,"POLYGON ((-110.011775178015 44.837420542850964, -110.40377271576563 43.84481856752442, -112.97225674124081 43.10483041608296, -113.78880075485088 43.68788790794398, -110.011775178015 44.837420542850964))"
60W,2019-06-18 23:55:00+00:00,2019-06-19 01:55:00+00:00,0.0,41000.0,"POLYGON ((-105.2414180653154 37.15758965012762, -104.87 36.49, -108.09 35.908155221318054, -108.47424690104945 36.8667160645541, -105.2414180653154 37.15758965012762))"
BRAVO 6,2019-06-19 00:30:00+00:00,2019-06-19 04:30:00+00:00,0.0,50000.0,"POLYGON ((-131.45 13.3, -126.45 12, -125.45 10.15, -131.15 10, -131.45 13.3))"
TANGO 3,2019-06-19 00:35:00+00:00,2019-06-19 04:35:00+00:00,0.0,55000.0,"POLYGON ((-169 9, -159.4 7.3, -168 -0.4, -169 9))"
4E,2019-06-19 00:55:00+00:00,2019-06-19 02:55:00+00:00,,,"POLYGON ((-79.98534414024391 35.94881959602402, -80.9850334598678 34.00725374718098, -81.17148065218122 33.84792059858768, -79.81644411634599 35.84170852317308, -80.96554998805104 34.02972023824261, -81.30141373244562 33.9999646535619, -81.1149665401322 34.15929780215519, -81.13445001194896 34.13683131109355, -79.98534414024391 35.94881959602402))"
4C,2019-06-19 00:55:00+00:00,2019-06-19 02:55:00+00:00,,,"POLYGON ((-103.2679452709574 40.3192365145855, -103.2493821025901 39.98689576705561, -104.6262108704048 39.49260571110014, -103.0920547290426 40.22403926008257, -103.1952259612278 40.03341565403593, -104.6937891295952 39.68084273956372, -103.3169603617805 40.17513279551918, -103.3711165031427 40.12861290853886, -103.2679452709574 40.3192365145855))"
1C,2019-06-19 00:55:00+00:00,2019-06-19 02:55:00+00:00,,,"POLYGON ((-106.5420207386156 48.54663048977361, -106.3057895071664 48.10941345027086, -106.2961050807541 48.08336730623611, -105.8523363122033 46.06657596540163, -106.0217581348702 46.1147338080162, -108.430716227421 43.63277230020591, -108.2598517683167 43.57646411415635, -108.2008936757659 43.13842562196663, -106.4817480299352 48.01434190739384, -106.7179792613844 48.45155894689659, -106.0476636877967 46.02359671059411, -106.4914324563475 48.04038805142859, -108.2871999576807 43.49347736016926, -105.8782418651298 45.97543886797955, -108.3991063242341 43.1117470540291, -108.458064416785 43.54978554621881, -106.5420207386156 48.54663048977361))"
1E,2019-06-19 00:55:00+00:00,2019-06-19 02:55:00+00:00,,,"POLYGON ((-72.44953390545489 40.8546002765939, -74.28464965778556 39.71990932004537, -74.57535034221446 39.71990932004537, -72.35968616004071 40.67591792535576, -74.23972578507848 39.73056814442631, -74.57535034221446 39.91990932004538, -74.28464965778556 39.91990932004538, -74.32957353049265 39.90925049566444, -72.44953390545489 40.8546002765939))"
1W,2019-06-19 00:55:00+00:00,2019-06-19 02:55:00+00:00,0.0,42000.0,"POLYGON ((-108.55170835762983 48.865553354377525, -108.91439831254561 46.01407711557303, -111.36849925164105 46.442549003150845, -112.67 48.777145302895526, -108.55170835762983 48.865553354377525))"
3E,2019-06-19 00:55:00+00:00,2019-06-19 02:55:00+00:00,0.0,40000.0,"POLYGON ((-80.16629439943345 37.088758978259456, -76.2 36.745429060579106, -76.84069983102954 36.03688168364927, -80.63894720090845 35.826895608581026, -80.16629439943345 37.088758978259456))"
2E,2019-06-19 00:55:00+00:00,2019-06-19 02:55:00+00:00,0.0,45000.0,"POLYGON ((-75.54514975470003 39.09762842507918, -75.51 38.060858121158205, -77.18002730279281 37.7670498183171, -77.73893464159175 38.74215402744236, -75.54514975470003 39.09762842507918))"
5E,2019-06-19 00:55:00+00:00,2019-06-19 02:55:00+00:00,0.0,45000.0,"POLYGON ((-84.96079793270965 35.89524712175755, -84.38362603454044 35.73301451160727, -85.96211969310653 34.68066972886043, -86.40781762476605 35.6054267905776, -84.96079793270965 35.89524712175755))"
7E,2019-06-19 00:55:00+00:00,2019-06-19 02:55:00+00:00,0.0,45000.0,"POLYGON ((-81.66913658714788 28.539603215466183, -80.72131036228609 27.884262034170376, -81.46899570065575 27.197492708541496, -81.94688966495664 28.317351725828388, -81.66913658714788 28.539603215466183))"
10C,2019-06-19 00:55:00+00:00,2019-06-19 02:55:00+00:00,0.0,45000.0,"POLYGON ((-99.86 33.058283757683576, -99.86 32.1908581211582, -103.24000000000001 32.15914187884179, -102.52075478908195 33.18735974080283, -99.86 33.058283757683576))"
6C,2019-06-19 00:55:00+00:00,2019-06-19 02:55:00+00:00,0.0,42000.0,"POLYGON ((-101.16776913533361 42.56396884940853, -102.57491577916609 40.79260750523556, -103.12743601415858 41.36703851025627, -102.78784340733955 42.399067185507846, -101.16776913533361 42.56396884940853))"
4W,2019-06-19 00:55:00+00:00,2019-06-19 02:55:00+00:00,0.0,41000.0,"POLYGON ((-106.50084306914553 36.927802080595, -106.4164407026328 36.746484016059085, -107.7735449022573 36.11476093680682, -107.85794726877003 36.29607900134273, -106.50084306914553 36.927802080595))"
10E,2019-06-19 00:55:00+00:00,2019-06-19 02:55:00+00:00,0.0,38000.0,"POLYGON ((-67.00718342785322 40.285131084847016, -67.00761984485005 38.886886920236115, -68.56609569777747 38.503830832121295, -68.49223994299751 40.09325997119907, -67.00718342785322 40.285131084847016))"
9E,2019-06-19 00:55:00+00:00,2019-06-19 02:55:00+00:00,0.0,45000.0,"POLYGON ((-82.40337774164091 30.655297148386005, -84.23641934355521 27.389859576766643, -86.45104764094744 27.79359522083806, -85.16251131067045 29.691641457176388, -82.40337774164091 30.655297148386005))"
8E,2019-06-19 00:55:00+00:00,2019-06-19 02:55:00+00:00,0.0,45000.0,"POLYGON ((-78.91967636056603 28.244138042531155, -76.4350886114612 27.970067284132778, -77.11144810324207 26.648937268035965, -79.05441703746935 27.05824119087265, -78.91967636056603 28.244138042531155))"
6E,2019-06-19 00:55:00+00:00,2019-06-19 02:55:00+00:00,0.0,45000.0,"POLYGON ((-81.93 34.53089313279083, -81.66300115910121 31.6882340533802, -82.51 31.54, -82.9215523488087 32.43322743954524, -82.5544786311274 34.4430612191985, -81.93 34.53089313279083))"
9C,2019-06-19 00:55:00+00:00,2019-06-19 02:55:00+00:00,0.0,45000.0,"POLYGON ((-103.90924912960439 34.56478654845799, -103.22608089287773 33.33221428672662, -103.9206318112755 32.74983416596098, -104.90239476065017 33.57496189950146, -103.90924912960439 34.56478654845799))"
3C,2019-06-19 00:55:00+00:00,2019-06-19 02:55:00+00:00,0.0,45000.0,"POLYGON ((-95.87956304061456 39.58470851718954, -94.49 38.27, -96.36281469230929 36.38963652114734, -97.92 36.84910686720918, -95.87956304061456 39.58470851718954))"
5C,2019-06-19 00:55:00+00:00,2019-06-19 02:55:00+00:00,0.0,38000.0,"POLYGON ((-103.2566068305899 46.85896898852986, -101.5632191085377 46.50184707042126, -100.16000000000001 45.055475822945574, -101.8540649105387 43.97417310994623, -103.01 44.978213734418354, -103.2566068305899 46.85896898852986))"
7C,2019-06-19 00:55:00+00:00,2019-06-19 02:55:00+00:00,0.0,41000.0,"POLYGON ((-102.85271954645984 38.50729767587208, -101.93683379707139 37.35441774730114, -103.12580721069573 36.33682047036333, -104.04136125046182 36.906257398041944, -102.85271954645984 38.50729767587208))"
2C,2019-06-19 00:55:00+00:00,2019-06-19 02:55:00+00:00,0.0,45000.0,"POLYGON ((-100.45 31.37, -100.77 29.36, -102.46607336090584 29.873048685196448, -103.29545604096907 28.915027596438687, -104.91343422443286 30.29647148748119, -100.45 31.37))"
8C,2019-06-19 00:55:00+00:00,2019-06-19 02:55:00+00:00,0.0,40000.0,"POLYGON ((-101.5558928550329 36.567993528462694, -100.64076464487513 36.08291957021635, -101.91 33.36726208852721, -102.64681474555427 33.44314487865578, -102.11343107110142 36.211310567022366, -101.5558928550329 36.567993528462694))"
3W,2019-06-19 00:55:00+00:00,2019-06-19 02:55:00+00:00,0.0,40000.0,"POLYGON ((-107.13172263138779 40.82728800291684, -105.89033833456936 39.75406456151414, -108.93 37.47726208852722, -110.7 38.42, -108.39421840135098 40.5148392422274, -107.13172263138779 40.82728800291684))"
2W,2019-06-19 00:55:00+00:00,2019-06-19 02:55:00+00:00,0.0,42000.0,"POLYGON ((-109.94773614110636 44.861097788918535, -109.28392154436364 44.161656861043, -112.33019074403515 42.63427269033284, -113.13431215213919 43.221904817741155, -109.94773614110636 44.861097788918535))"
DELTA 9,2019-06-19 01:45:00+00:00,2019-06-19 05:45:00+00:00,0.0,50000.0,"POLYGON ((-67.3 40.3, -63.3 40.3, -63.45 37.3, -65.45 37.3, -68.15 39, -67.3 40.3))"
17C,2019-06-19 01:55:00+00:00,2019-06-19 03:55:00+00:00,,,"POLYGON ((-102.5572230074144 38.29545663839555, -101.3179043189383 36.93950221245299, -103.464519919963 36.90208996793073, -102.6914932745803 38.14722878893666, -101.3867820357662 36.96537310358892, -103.4680050864528 37.10205959966149, -101.3213894854282 37.13947184418375, -101.2525117686003 37.11360095304781, -102.5572230074144 38.29545663839555))"
11C,2019-06-19 01:55:00+00:00,2019-06-19 03:55:00+00:00,,,"POLYGON ((-106.5449643860492 48.5517154781168, -105.6932949838809 46.00100060125508, -106.9880316217681 44.65893191365522, -106.4309327332836 47.99425411745695, -105.8612582367857 46.04241323369539, -106.7150356139508 48.4464739585534, -106.4199734725615 47.96965092424568, -107.1319683782319 44.79779231167671, -105.8372317403447 46.13986099927657, -105.6692684874399 46.09844836683626, -106.2389429839378 48.05028925059782, -106.2499022446599 48.07489244380909, -106.5449643860492 48.5517154781168))"
16C,2019-06-19 01:55:00+00:00,2019-06-19 03:55:00+00:00,0.0,42000.0,"POLYGON ((-101.80462848662285 43.973664013951996, -101.16776913533361 42.56396884940853, -102.0207900362415 41.096022373230575, -102.98 41.1, -103.01 43.690858121158215, -101.80462848662285 43.973664013951996))"
12C,2019-06-19 01:55:00+00:00,2019-06-19 03:55:00+00:00,0.0,45000.0,"POLYGON ((-99.62636871375672 31.000555069351446, -100.46316669020942 29.470298707145993, -102.53276853206532 30.014266797684222, -102.13715128433186 30.9472656614796, -99.62636871375672 31.000555069351446))"
20C,2019-06-19 01:55:00+00:00,2019-06-19 03:55:00+00:00,0.0,45000.0,"POLYGON ((-99.52961694779302 33.147399759721594, -99.86 32.1908581211582, -103.56812030594251 32.53740983126536, -103.66438854960539 33.004388337329445, -99.52961694779302 33.147399759721594))"
15C,2019-06-19 01:55:00+00:00,2019-06-19 03:55:00+00:00,0.0,38000.0,"POLYGON ((-102.77 46.86, -100.85481979822666 46.45244089512704, -100.52017395916542 45.00425750388746, -101.72 44.580893132790834, -102.89796896543157 45.07394500061918, -102.77 46.86))"
13C,2019-06-19 01:55:00+00:00,2019-06-19 03:55:00+00:00,0.0,45000.0,"POLYGON ((-95.59981672197165 39.286838040909956, -93.66524729358947 39.28505953289656, -94.04264740261225 37.91622702658611, -96.08069191932506 35.96436692098359, -97.41962405666192 37.44248140356762, -95.59981672197165 39.286838040909956))"
19C,2019-06-19 01:55:00+00:00,2019-06-19 03:55:00+00:00,0.0,45000.0,"POLYGON ((-103.84933229080406 34.4958500024923, -103.5112566977408 33.717079142794475, -104.62 33.34, -104.84984790747454 33.80090320216795, -103.84933229080406 34.4958500024923))"
14C,2019-06-19 01:55:00+00:00,2019-06-19 03:55:00+00:00,0.0,44000.0,"POLYGON ((-102.74462310714891 40.159184688771326, -102.14897645931738 39.74202256485665, -103.44459205380532 38.785797362302816, -105.06984356344944 39.040750604050686, -102.74462310714891 40.159184688771326))"
18C,2019-06-19 01:55:00+00:00,2019-06-19 03:55:00+00:00,0.0,40000.0,"POLYGON ((-100.58552486643417 36.9120460287959, -98.74623571238233 36.34715600899554, -101.4875242138817 33.34635843709011, -102.47253701512264 33.22816109639338, -101.64 36.12184477868196, -100.58552486643417 36.9120460287959))"
5W,2019-06-19 01:55:00+00:00,2019-06-19 03:55:00+00:00,0.0,42000.0,"POLYGON ((-107.11508755524589 48.98751545986747, -109.060012045278 45.6818209377524, -110.8378675064724 46.28625608869751, -112.187397296359 48.73046008001395, -107.11508755524589 48.98751545986747))"
6W,2019-06-19 01:55:00+00:00,2019-06-19 03:55:00+00:00,0.0,42000.0,"POLYGON ((-109.28943053082372 45.33747167715014, -107.29102227455269 43.74216648626168, -107.78159334392231 42.53658878883454, -110.90136662512687 41.989058650565, -111.57553404365939 43.35220922779386, -109.28943053082372 45.33747167715014))"
7W,2019-06-19 01:55:00+00:00,2019-06-19 03:55:00+00:00,0.0,40000.0,"POLYGON ((-107.57152738490684 42.0266124678051, -106.89 39.44, -108.54156883068731 37.68202851488748, -110.10327381471052 37.94792005148522, -109.27357041673861 41.1286056767695, -107.57152738490684 42.0266124678051))"
15E,2019-06-19 02:05:00+00:00,2019-06-19 03:55:00+00:00,0.0,45000.0,"POLYGON ((-81.21902538967745 34.6554373850884, -81.36989218354584 31.62546963664202, -82.00111542142939 31.5389924952312, -82.85516134320957 33.70805304104184, -82.13170622636261 34.62913446528222, -81.21902538967745 34.6554373850884))"
13E,2019-06-19 02:05:00+00:00,2019-06-19 03:55:00+00:00,0.0,40000.0,"POLYGON ((-78.5135289582667 37.24778092756338, -75.83847922724634 36.889452422537055, -76.67587735281944 36.09300109032484, -79.80118725187434 36.049867240199475, -78.5135289582667 37.24778092756338))"
20E,2019-06-19 02:05:00+00:00,2019-06-19 03:55:00+00:00,0.0,45000.0,"POLYGON ((-75.38540608130677 38.0003382293694, -75.21363906642358 37.897887789652806, -75.7796293815787 36.948956119316186, -75.95139639646189 37.05140655903278, -75.38540608130677 38.0003382293694))"
14E,2019-06-19 02:05:00+00:00,2019-06-19 03:55:00+00:00,0.0,45000.0,"POLYGON ((-79.51303494135844 36.12073671788066, -79.37409822010265 35.976873631973646, -80.67843487632453 34.717201928932795, -80.81737159758032 34.86106501483981, -79.51303494135844 36.12073671788066))"
11E,2019-06-19 02:05:00+00:00,2019-06-19 03:55:00+00:00,0.0,42000.0,"POLYGON ((-72.13541323152734 40.61322936699679, -72.06792319791927 40.42496068833891, -74.01979981184381 39.725257374905915, -74.08728984545188 39.91352605356379, -72.13541323152734 40.61322936699679))"
18E,2019-06-19 02:05:00+00:00,2019-06-19 03:55:00+00:00,0.0,45000.0,"POLYGON ((-82.75530266969302 30.21449395784311, -84.10008087615607 26.81844441120513, -86.45104764094744 27.79359522083806, -84.57040945569061 29.93870032634315, -82.75530266969302 30.21449395784311))"
16E,2019-06-19 02:05:00+00:00,2019-06-19 03:55:00+00:00,0.0,45000.0,"POLYGON ((-81.34 28.040893132790824, -80.63419626374355 27.987335060327325, -81.11916574884955 27.116677576406655, -81.61306075576996 27.39687001735732, -81.34 28.040893132790824))"
17E,2019-06-19 02:05:00+00:00,2019-06-19 03:55:00+00:00,0.0,45000.0,"POLYGON ((-77.86366744383696 28.610195383562644, -76.4350886114612 27.970067284132778, -77.11144810324207 26.648937268035965, -78.41435664634788 26.67016943413214, -77.86366744383696 28.610195383562644))"
19E,2019-06-19 02:05:00+00:00,2019-06-19 03:55:00+00:00,0.0,38000.0,"POLYGON ((-66.80889025182304 40.21603622357932, -67.00761984485005 38.886886920236115, -68.56609569777747 38.503830832121295, -66.80889025182304 40.21603622357932))"
12E,2019-06-19 02:05:00+00:00,2019-06-19 03:55:00+00:00,0.0,45000.0,"POLYGON ((-75.39579206500024 39.2894858457271, -74.39420312303088 38.330768588492354, -76.25400119195191 37.759437629843156, -77.04 38.86, -75.39579206500024 39.2894858457271))"
JULIETT 4,2019-06-19 02:15:00+00:00,2019-06-19 06:15:00+00:00,0.0,48000.0,"POLYGON ((-87.3 27.45, -85.45 26.3, -89.15 25, -90.3 26.15, -87.3 27.45))"
24E,2019-06-19 02:55:00+00:00,2019-06-19 04:55:00+00:00,,,"POLYGON ((-81.64981579857873 34.91992718525127, -80.95249780959443 33.55869440896439, -81.27624050358354 32.13751559184232, -81.27452660410457 33.81652067775265, -81.14008822845484 33.53749893312153, -81.825314353342 34.82400921365048, -81.27218765303135 33.81196804049561, -81.47124488439466 32.1819373372433, -81.14750219040556 33.60311615436537, -80.95991177154515 33.62431163020823, -81.09435014719487 33.90333337483935, -81.09668909826809 33.90788601209639, -81.64981579857873 34.91992718525127))"
25C,2019-06-19 02:55:00+00:00,2019-06-19 04:55:00+00:00,,,"POLYGON ((-102.3039415307755 38.17389545509354, -100.8168060462179 36.98459842667923, -101.7407487414075 35.59546967436619, -102.4207955549972 38.01158360394524, -100.9584973292936 36.95882355545309, -101.9072772833371 35.70623178306221, -100.9833345881475 37.09536053537526, -100.8416433050719 37.1211354066014, -102.3039415307755 38.17389545509354))"
21C,2019-06-19 02:55:00+00:00,2019-06-19 04:55:00+00:00,,,"POLYGON ((-105.5678481686355 46.60807268205728, -105.4040079769793 46.02169126552407, -106.3490831791896 43.95835709311622, -105.7579424145233 46.54591017180932, -105.5899719207336 46.03225291728387, -106.5309168208104 44.04164290688378, -105.5858416186 46.10497707929163, -105.3998776748457 46.09441542753183, -105.5678481686355 46.60807268205728))"
27E,2019-06-19 02:55:00+00:00,2019-06-19 04:55:00+00:00,0.0,45000.0,"POLYGON ((-75.06967087399116 38.00232885949287, -74.9133568384112 37.87756539416463, -75.61974970984333 36.99253771280005, -75.77606374542329 37.117301178128294, -75.06967087399116 38.00232885949287))"
21E,2019-06-19 02:55:00+00:00,2019-06-19 04:55:00+00:00,0.0,38000.0,"POLYGON ((-71.95862157025422 40.703078393518815, -71.87339645292428 40.52214559003614, -72.63982689325218 40.16113242412652, -72.72505201058212 40.3420652276092, -71.95862157025422 40.703078393518815))"
29C,2019-06-19 02:55:00+00:00,2019-06-19 04:55:00+00:00,0.0,45000.0,"POLYGON ((-99.50929441084091 30.71028070339316, -100.10650008114291 29.358358334960215, -101.08950007157628 30.027449896017245, -101.16373061535499 30.754660389724044, -99.50929441084091 30.71028070339316))"
22C,2019-06-19 02:55:00+00:00,2019-06-19 04:55:00+00:00,0.0,35000.0,"POLYGON ((-101.48328460652583 45.48045505507382, -100.7362503187161 44.79746641612471, -102.07760726926811 44.25284487856548, -102.33420896527726 45.0783538995322, -101.48328460652583 45.48045505507382))"
26C,2019-06-19 02:55:00+00:00,2019-06-19 04:55:00+00:00,0.0,45000.0,"POLYGON ((-99.49776619213179 36.646073617019944, -97.92 36.35, -100.29 34.65914187884179, -101.64 35.29, -101.64 35.723712818262676, -99.49776619213179 36.646073617019944))"
25E,2019-06-19 02:55:00+00:00,2019-06-19 04:55:00+00:00,0.0,45000.0,"POLYGON ((-86.95467383835194 31.06499154321589, -85.31441910659896 30.39645733599175, -85.86397386026239 30.121598034629237, -87.22533425646198 30.358295136734466, -86.95467383835194 31.06499154321589))"
22E,2019-06-19 02:55:00+00:00,2019-06-19 04:55:00+00:00,0.0,45000.0,"POLYGON ((-74.8 39.43273791147279, -73.51380495411065 39.09293389337948, -74.92357236052808 38.15753797539325, -75.51 38.84910686720918, -74.8 39.43273791147279))"
23E,2019-06-19 02:55:00+00:00,2019-06-19 04:55:00+00:00,0.0,44000.0,"POLYGON ((-77.70682032303466 37.37203560912972, -75.78397074535303 36.88927485085976, -80.38709689804433 34.99769677012301, -80.66126769097201 35.424938928912816, -77.70682032303466 37.37203560912972))"
26E,2019-06-19 02:55:00+00:00,2019-06-19 04:55:00+00:00,0.0,45000.0,"POLYGON ((-83.45732168839922 29.952299972303155, -81.87327953536558 28.068396541669177, -83.8612390655358 26.21748090730025, -85.50351159900647 27.88122105023299, -83.45732168839922 29.952299972303155))"
24C,2019-06-19 02:55:00+00:00,2019-06-19 04:55:00+00:00,0.0,44000.0,"POLYGON ((-102.57834095835419 39.96744072484128, -101.60743831468912 39.54367573183608, -103.82655157074204 38.75902166027757, -103.90076960969118 39.21931203506277, -102.57834095835419 39.96744072484128))"
23C,2019-06-19 02:55:00+00:00,2019-06-19 04:55:00+00:00,0.0,38000.0,"POLYGON ((-101.22960152046423 44.0666581891107, -101.34532166323301 42.56201319189036, -102.19685074609983 42.82404553558604, -102.08523015002355 43.97627070091434, -101.22960152046423 44.0666581891107))"
27C,2019-06-19 02:55:00+00:00,2019-06-19 04:55:00+00:00,0.0,45000.0,"POLYGON ((-100.13516358968964 34.677312362178164, -99.07114236049313 32.47753989378691, -102.88816721173754 32.596293082068, -102.46302215087766 33.50776740753798, -100.13516358968964 34.677312362178164))"
28C,2019-06-19 02:55:00+00:00,2019-06-19 04:55:00+00:00,0.0,45000.0,"POLYGON ((-94.49 38.27, -92.55386366427547 37.61213474549222, -92.88805881764726 37.00625442718976, -95.94717790305086 35.892487353799645, -96.55437130914534 36.45223955216109, -94.49 38.27))"
8W,2019-06-19 02:55:00+00:00,2019-06-19 04:55:00+00:00,0.0,38000.0,"POLYGON ((-111.59863540257214 48.78915578496535, -110.23546301614566 48.66639689160351, -110.67195315791105 47.44763185302381, -111.69494993832333 47.91076386673463, -111.59863540257214 48.78915578496535))"
9W,2019-06-19 02:55:00+00:00,2019-06-19 04:55:00+00:00,0.0,42000.0,"POLYGON ((-108.48977905441616 47.771089088444036, -107.51116818425255 46.12299137308976, -109.12312682560994 45.45596929544453, -110.09135202584264 46.14643173773451, -108.48977905441616 47.771089088444036))"
10W,2019-06-19 02:55:00+00:00,2019-06-19 04:55:00+00:00,0.0,40000.0,"POLYGON ((-108.62000000000002 45.14452417705443, -106.44 44, -107.3926775356908 42.26108124373157, -110.73430942451483 42.38730231811874, -110.73 44.60821373441834, -108.62000000000002 45.14452417705443))"
TANGO 4,2019-06-19 03:22:00+00:00,2019-06-19 07:25:00+00:00,0.0,52000.0,"POLYGON ((-169 9.4, -156.4 6.1, -168.1 2.2, -169 9.4))"
36C,2019-06-19 03:55:00+00:00,2019-06-19 05:55:00+00:00,,,"POLYGON ((-97.39444806599661 37.87614436007711, -97.13431548403481 37.70468325827792, -97.17592343800221 37.72028358775457, -95.29408157765215 37.46532608364772, -97.2443826683561 37.53769459119065, -97.5045152503179 37.70915569298985, -95.32093285403863 37.26713675760715, -97.2027747143887 37.522094261714, -97.39444806599661 37.87614436007711))"
30C,2019-06-19 03:55:00+00:00,2019-06-19 05:55:00+00:00,,,"POLYGON ((-106.0075336750979 48.12608651615578, -103.4943440830468 44.23491613129136, -106.1949197324446 43.9005215939923, -106.1720267954342 48.01232354607305, -103.5888791393752 44.27727673843934, -106.2194967247652 44.09900577837099, -103.5189210753674 44.43340031567005, -103.424386019039 44.39103970852207, -106.0075336750979 48.12608651615578))"
28E,2019-06-19 03:55:00+00:00,2019-06-19 05:55:00+00:00,0.0,45000.0,"POLYGON ((-74.29532564450396 38.4083099253973, -74.1439926974786 38.27754930768457, -75.40130235315081 36.82242941880214, -75.55263530017618 36.95319003651486, -74.29532564450396 38.4083099253973))"
31C,2019-06-19 03:55:00+00:00,2019-06-19 05:55:00+00:00,0.0,44000.0,"POLYGON ((-102.05140379661184 40.057274399810524, -101.31587521467918 39.38940093819279, -102.97369194759591 38.733924384156296, -103.18 39.292574363474635, -102.05140379661184 40.057274399810524))"
29E,2019-06-19 03:55:00+00:00,2019-06-19 05:55:00+00:00,0.0,44000.0,"POLYGON ((-78.0556298283882 36.909508482259476, -77.32 36.66815522131804, -80.20005279829672 34.93301949383318, -80.95 35.19, -78.0556298283882 36.909508482259476))"
31E,2019-06-19 03:55:00+00:00,2019-06-19 05:55:00+00:00,0.0,45000.0,"POLYGON ((-82.9031058313305 29.907328867299743, -81.55647691247047 28.078713840927172, -83.8612390655358 26.21748090730025, -84.93895341632934 27.89157954242784, -82.9031058313305 29.907328867299743))"
30E,2019-06-19 03:55:00+00:00,2019-06-19 05:55:00+00:00,0.0,45000.0,"POLYGON ((-81.32674271494845 35.316750235508344, -80.23235148554505 34.699235056375336, -80.95907780678387 32.46732022602894, -82.00637766344418 34.01731475321502, -81.32674271494845 35.316750235508344))"
32C,2019-06-19 03:55:00+00:00,2019-06-19 05:55:00+00:00,0.0,45000.0,"POLYGON ((-101.33034849469558 38.389042075919455, -99.4808474570229 37.10786330182102, -100.88439746632952 35.5423195980979, -102.21987839384829 35.75918147647325, -101.33034849469558 38.389042075919455))"
34C,2019-06-19 03:55:00+00:00,2019-06-19 05:55:00+00:00,0.0,45000.0,"POLYGON ((-99.355382525289 34.68478507578556, -98.47955100329553 32.472466311721895, -102.49236913390017 32.624461259451536, -102.1920340325367 33.46439812859356, -99.355382525289 34.68478507578556))"
35C,2019-06-19 03:55:00+00:00,2019-06-19 05:55:00+00:00,0.0,45000.0,"POLYGON ((-92.61520983645674 38.93666819746116, -92.36721343452265 37.03775803263106, -95.55469079166566 35.73865458811491, -96.36281469230929 36.38963652114734, -92.61520983645674 38.93666819746116))"
33C,2019-06-19 03:55:00+00:00,2019-06-19 05:55:00+00:00,0.0,45000.0,"POLYGON ((-98.65588502800706 36.93595379844198, -97.30031661391811 36.34840023440963, -100.29 34.70273791147278, -101.07640734761652 35.09769193820022, -98.65588502800706 36.93595379844198))"
37C,2019-06-19 03:55:00+00:00,2019-06-19 05:55:00+00:00,0.0,45000.0,"POLYGON ((-100.35677369948685 30.789898353399686, -98.85359623152716 30.59642894582137, -99.81558515578911 29.356603125771613, -100.77000000000001 29.859106867209178, -100.35677369948685 30.789898353399686))"
11W,2019-06-19 03:55:00+00:00,2019-06-19 05:55:00+00:00,0.0,38000.0,"POLYGON ((-111.17334512297393 48.91351919821275, -110.12701647136674 48.774731221548066, -110.42596051603657 47.44579005534763, -111.22059363227334 47.75725444318298, -111.17334512297393 48.91351919821275))"
13W,2019-06-19 03:55:00+00:00,2019-06-19 05:55:00+00:00,0.0,40000.0,"POLYGON ((-108.62000000000002 44.97815522131803, -106.11421238033269 43.764254759540286, -106.9555050190518 41.71541548608721, -109.27844314094799 42.32231952229866, -108.62000000000002 44.97815522131803))"
12W,2019-06-19 03:55:00+00:00,2019-06-19 05:55:00+00:00,0.0,42000.0,"POLYGON ((-109.81802630074968 46.6085469242273, -109.129543253112 46.161794362789514, -109.74356721580105 44.31163468761854, -111.24888697881924 44.86057994900734, -109.81802630074968 46.6085469242273))"
JULIETT 5,2019-06-19 04:05:00+00:00,2019-06-19 08:05:00+00:00,0.0,50000.0,"POLYGON ((-85.3 27.45, -83.45 26, -83 24, -84.45 23.45, -88.15 27.15, -85.3 27.45))"
BRAVO 7,2019-06-19 04:10:00+00:00,2019-06-19 08:10:00+00:00,0.0,50000.0,"POLYGON ((-120 14.15, -120 7, -124.45 6.45, -124.3 14.15, -120 14.15))"
DELTA 10,2019-06-19 04:25:00+00:00,2019-06-19 08:25:00+00:00,0.0,50000.0,"POLYGON ((-60 40.45, -60.3 37.15, -68 37.15, -67.15 40.3, -60 40.45))"
LIMA 1,2019-06-19 04:50:00+00:00,2019-06-19 08:50:00+00:00,0.0,45000.0,"POLYGON ((-77.45 27.45, -74.15 27, -77 23.3, -79 24.45, -77.45 27.45))"
41C,2019-06-19 04:55:00+00:00,2019-06-19 06:55:00+00:00,,,"POLYGON ((-97.69997651277691 36.4317084806649, -100.2862237006687 34.57542487852179, -100.2996632811203 36.23195791340778, -97.5855858981401 36.267651212362, -100.1290316842889 34.49420752539404, -100.0996698629976 36.23358047545518, -100.0862302825459 34.57704744056919, -100.2434222989257 34.65826479369694, -97.69997651277691 36.4317084806649))"
38C,2019-06-19 04:55:00+00:00,2019-06-19 06:55:00+00:00,,,"POLYGON ((-102.4562396181672 45.33447744357333, -103.3331412357742 43.99288508993163, -106.3316946733803 42.84189809219426, -102.3027684307731 45.20623316635272, -103.2922410850013 44.02212151295562, -106.4033655592287 43.02861521546286, -103.4048121216226 44.17960221320023, -103.4457122723955 44.15036579017624, -102.4562396181672 45.33447744357333))"
32E,2019-06-19 04:55:00+00:00,2019-06-19 06:55:00+00:00,0.0,35000.0,"POLYGON ((-71.36242441624293 39.13755292614594, -71.2832846022464 38.95387688023742, -74.5668719133754 37.539089841683825, -74.64601172737193 37.72276588759235, -71.36242441624293 39.13755292614594))"
33E,2019-06-19 04:55:00+00:00,2019-06-19 06:55:00+00:00,0.0,38000.0,"POLYGON ((-81.45288453163886 35.59787073236065, -79.98 35.471716242316425, -80.04 33.1791418788418, -81.39819396036535 33.85951048801838, -81.45288453163886 35.59787073236065))"
44C,2019-06-19 04:55:00+00:00,2019-06-19 06:55:00+00:00,0.0,45000.0,"POLYGON ((-94.85828437721003 38.269424440654994, -94.69610825208954 37.32490904133451, -96.4275789745833 36.709449003595914, -97.58 37.89457093942089, -94.85828437721003 38.269424440654994))"
40C,2019-06-19 04:55:00+00:00,2019-06-19 06:55:00+00:00,0.0,45000.0,"POLYGON ((-100.74599636047002 38.13754230383385, -98.3643043551134 36.5989370730825, -98.47283080099487 36.43094299418585, -100.85452280635148 37.96954822493719, -100.74599636047002 38.13754230383385))"
15W,2019-06-19 04:55:00+00:00,2019-06-19 06:55:00+00:00,0.0,42000.0,"POLYGON ((-109.54 46.491716242316414, -108.77950836918468 46.07702165857634, -108.85641598579817 45.409056630474566, -109.76283803488893 45.472330493743115, -109.54 46.491716242316414))"
14W,2019-06-19 04:55:00+00:00,2019-06-19 06:55:00+00:00,0.0,38000.0,"POLYGON ((-110.37717567515845 48.70438222848887, -109.36741929496542 48.428647276405094, -109.8413361404295 47.274060092191206, -110.76864891920755 47.44821174625039, -110.37717567515845 48.70438222848887))"
35E,2019-06-19 04:55:00+00:00,2019-06-19 06:55:00+00:00,0.0,45000.0,"POLYGON ((-85.71128912687138 30.826396151860205, -86.23933479413192 29.907024684205624, -87.91977605708156 29.807027638847178, -87.45497568008889 30.827693507021543, -85.71128912687138 30.826396151860205))"
34E,2019-06-19 04:55:00+00:00,2019-06-19 06:55:00+00:00,0.0,45000.0,"POLYGON ((-82.37741804946413 29.010101918639464, -81.55647691247047 28.078713840927172, -83.8612390655358 26.21748090730025, -84.92391409868162 27.064186409077106, -82.37741804946413 29.010101918639464))"
42C,2019-06-19 04:55:00+00:00,2019-06-19 06:55:00+00:00,0.0,45000.0,"POLYGON ((-98.35187700775941 35.14300145890824, -97.40548003281071 32.742135196523456, -101.28052733829858 32.32509051735136, -101.6279659674633 33.46439812859356, -98.35187700775941 35.14300145890824))"
43C,2019-06-19 04:55:00+00:00,2019-06-19 06:55:00+00:00,0.0,45000.0,"POLYGON ((-92.13847103337686 38.656266768961295, -92.09707481737732 36.48654279794418, -95.47686085900622 35.58477150503226, -95.9961671469739 36.199823218590545, -92.13847103337686 38.656266768961295))"
39C,2019-06-19 04:55:00+00:00,2019-06-19 06:55:00+00:00,0.0,44000.0,"POLYGON ((-101.4516681231308 44.61856953148195, -100.63381843936277 43.038768635020475, -101.81510052645697 42.38736503634406, -102.79616816717495 44.04346739764671, -101.4516681231308 44.61856953148195))"
16W,2019-06-19 04:55:00+00:00,2019-06-19 06:55:00+00:00,0.0,40000.0,"POLYGON ((-107.08308431896646 44.18920025126826, -106.9555050190518 41.71541548608721, -108.58922134405637 42.35772600282377, -107.9455334599549 44.07427558706587, -107.08308431896646 44.18920025126826))"
MIKE 1,2019-06-19 05:15:00+00:00,2019-06-19 09:15:00+00:00,0.0,45000.0,"POLYGON ((-71.3 38, -70 36.3, -72.45 34.45, -75 36, -71.3 38))"
ALFA 1,2019-06-19 05:20:00+00:00,2019-06-19 09:20:00+00:00,0.0,45000.0,"POLYGON ((-77.45 32, -75.45 32, -75.3 29.15, -77.45 29, -77.45 32))"
36E,2019-06-19 05:55:00+00:00,2019-06-19 07:55:00+00:00,,,"POLYGON ((-70.06887834110935 40.53484876306736, -74.22065315543989 38.56725925712588, -75.3551017715637 38.29540175366059, -69.99112165889065 40.35058292692203, -74.20507886319527 38.57237304237272, -75.40170986929316 38.48989516029959, -74.26726125316935 38.76175266376488, -74.28283554541397 38.75663887851805, -70.06887834110935 40.53484876306736))"
45C,2019-06-19 05:55:00+00:00,2019-06-19 07:55:00+00:00,,,"POLYGON ((-103.3087050561327 44.38513518020693, -103.3634278764505 43.88545654907134, -106.245574135846 42.82865568379858, -103.1294355142598 44.29646482802143, -103.3082189696681 43.93500885817895, -106.314425864154 43.0164306541993, -103.4322796047585 44.07323151947207, -103.4874885115409 44.02367921036446, -103.3087050561327 44.38513518020693))"
37E,2019-06-19 05:55:00+00:00,2019-06-19 07:55:00+00:00,0.0,32000.0,"POLYGON ((-78.98586298738837 36.27052311895967, -79.98267252289554 34.118927467006515, -80.91633239380391 34.12706018412702, -81.22258677292183 35.72395981996843, -78.98586298738837 36.27052311895967))"
47C,2019-06-19 05:55:00+00:00,2019-06-19 07:55:00+00:00,0.0,45000.0,"POLYGON ((-100.58922402251093 38.18704855782013, -97.65009708546302 37.88354539190558, -96.06238677840904 35.66542611305917, -98.3730108208536 32.04253345908895, -100.71687197266715 32.477097385483304, -100.58922402251093 38.18704855782013))"
18W,2019-06-19 05:55:00+00:00,2019-06-19 07:55:00+00:00,0.0,41000.0,"POLYGON ((-109.94112966275243 46.401462905583834, -108.20518980984727 45.809249507173476, -108.38358401420186 45.409056630474566, -109.86434115970515 45.803246043208475, -109.94112966275243 46.401462905583834))"
19W,2019-06-19 05:55:00+00:00,2019-06-19 07:55:00+00:00,0.0,40000.0,"POLYGON ((-106.59451796793061 44.26702845207148, -106.61325774311581 41.61317964469865, -108.60221830465476 42.925335330064875, -107.77450646561557 44.326623976297554, -106.59451796793061 44.26702845207148))"
17W,2019-06-19 05:55:00+00:00,2019-06-19 07:55:00+00:00,0.0,45000.0,"POLYGON ((-111.73726654573619 48.88285264566485, -109.77000000000001 48.829141878841796, -108.94986489063785 47.234462443620785, -110.13013510936216 47.234462443620785, -111.73726654573619 48.88285264566485))"
40E,2019-06-19 05:55:00+00:00,2019-06-19 07:55:00+00:00,0.0,40000.0,"POLYGON ((-86.21423166069555 38.09829549534103, -85.58 37.9336310442636, -86.2813464230858 36.622484581265304, -88.31692852072202 36.852745154288755, -86.21423166069555 38.09829549534103))"
39E,2019-06-19 05:55:00+00:00,2019-06-19 07:55:00+00:00,0.0,45000.0,"POLYGON ((-85.51755975092713 30.82481054163949, -85.86397386026239 30.121598034629237, -87.54479807310904 30.02160816642563, -87.45497568008889 30.827693507021543, -85.51755975092713 30.82481054163949))"
41E,2019-06-19 05:55:00+00:00,2019-06-19 07:55:00+00:00,0.0,45000.0,"POLYGON ((-86.16343986057325 33.41314735839786, -86.32 32.88547582294557, -88.61786802314349 32.44353573685236, -88.11102709897469 33.489360755019305, -86.16343986057325 33.41314735839786))"
38E,2019-06-19 05:55:00+00:00,2019-06-19 07:55:00+00:00,0.0,45000.0,"POLYGON ((-82.37741804946413 29.010101918639464, -81.55647691247047 28.078713840927172, -83.8612390655358 26.21748090730025, -84.92391409868162 27.064186409077106, -82.37741804946413 29.010101918639464))"
42E,2019-06-19 05:55:00+00:00,2019-06-19 07:55:00+00:00,0.0,45000.0,"POLYGON ((-75.04188050468775 35.87259919125233, -74.10202207210175 35.54163455364396, -75.77634587804195 32.567473258060815, -78.25703945270125 32.877349384187006, -78.07151100509563 34.34983492271081, -75.04188050468775 35.87259919125233))"
48C,2019-06-19 05:55:00+00:00,2019-06-19 07:55:00+00:00,0.0,45000.0,"POLYGON ((-94.09775950932449 38.39668094688416, -94.62286532551744 36.96759931321484, -96.84194445957378 37.15948780915211, -97.1905445550526 37.87669304535941, -94.09775950932449 38.39668094688416))"
46C,2019-06-19 05:55:00+00:00,2019-06-19 07:55:00+00:00,0.0,32000.0,"POLYGON ((-101.05903647188126 44.60752087135949, -100.63381843936277 43.038768635020475, -101.81510052645697 42.38736503634406, -102.15193310164798 44.23146475589418, -101.05903647188126 44.60752087135949))"
49C,2019-06-19 05:55:00+00:00,2019-06-19 07:55:00+00:00,0.0,45000.0,"POLYGON ((-90.55443304538477 38.28437682959165, -91.70855174868449 35.852939785534595, -95.02654697919009 35.642310891519315, -95.3546129872837 35.84628842029848, -92.62418464408016 38.040775832978476, -90.55443304538477 38.28437682959165))"
DELTA 11,2019-06-19 06:55:00+00:00,2019-06-19 10:55:00+00:00,0.0,45000.0,"POLYGON ((-59.3 41.3, -60 37, -73.15 35.3, -72.3 40, -59.3 41.3))"
20W,2019-06-19 06:55:00+00:00,2019-06-19 08:55:00+00:00,0.0,42000.0,"POLYGON ((-111.73726654573619 48.88285264566485, -109.77000000000001 48.829141878841796, -108.94986489063785 47.234462443620785, -110.13013510936216 47.234462443620785, -111.73726654573619 48.88285264566485))"
21W,2019-06-19 06:55:00+00:00,2019-06-19 08:55:00+00:00,0.0,36000.0,"POLYGON ((-109.94112966275243 46.401462905583834, -108.20518980984727 45.809249507173476, -108.38358401420186 45.409056630474566, -109.86434115970515 45.803246043208475, -109.94112966275243 46.401462905583834))"
44E,2019-06-19 06:55:00+00:00,2019-06-19 08:55:00+00:00,0.0,32000.0,"POLYGON ((-78.78 36.535475822945564, -78.63504225317969 35.752272268019176, -80.79477802633816 34.88249110670873, -80.80307592546124 36.047187081794455, -78.78 36.535475822945564))"
47E,2019-06-19 06:55:00+00:00,2019-06-19 08:55:00+00:00,0.0,45000.0,"POLYGON ((-85.51755975092713 30.82481054163949, -85.86397386026239 30.121598034629237, -87.54479807310904 30.02160816642563, -87.45497568008889 30.827693507021543, -85.51755975092713 30.82481054163949))"
46E,2019-06-19 06:55:00+00:00,2019-06-19 08:55:00+00:00,0.0,40000.0,"POLYGON ((-86.53117268288955 33.54211877226146, -86.00392407002113 33.04748552331121, -88.43547962085907 32.50680898743518, -88.11102709897469 33.489360755019305, -86.53117268288955 33.54211877226146))"
48E,2019-06-19 06:55:00+00:00,2019-06-19 08:55:00+00:00,0.0,45000.0,"POLYGON ((-82.21747515028663 28.85551202400023, -81.55647691247047 28.078713840927172, -83.8612390655358 26.21748090730025, -84.7984522193943 27.38197402164804, -82.21747515028663 28.85551202400023))"
45E,2019-06-19 06:55:00+00:00,2019-06-19 08:55:00+00:00,0.0,45000.0,"POLYGON ((-75.04188050468775 35.87259919125233, -74.28936930317946 35.60841081246331, -76.89048327355702 32.347912658677075, -78.25703945270125 32.877349384187006, -78.07151100509563 34.34983492271081, -75.04188050468775 35.87259919125233))"
43E,2019-06-19 06:55:00+00:00,2019-06-19 08:55:00+00:00,0.0,32000.0,"POLYGON ((-86.21423166069555 38.09829549534103, -85.58 37.9336310442636, -86.2813464230858 36.622484581265304, -88.31692852072202 36.852745154288755, -86.21423166069555 38.09829549534103))"
52C,2019-06-19 06:55:00+00:00,2019-06-19 08:55:00+00:00,0.0,41000.0,"POLYGON ((-90.02900616105268 38.50620889701939, -91.38489402586352 35.756291015815584, -92.67601180891022 36.24132260444729, -92.22 38.310893132790824, -90.02900616105268 38.50620889701939))"
50C,2019-06-19 06:55:00+00:00,2019-06-19 08:55:00+00:00,0.0,40000.0,"POLYGON ((-103.86806689835203 44.23146475589418, -103.09824894879782 43.82626111116665, -105.3775637314022 41.95431477164329, -107.12538575099965 43.3415630812124, -103.86806689835203 44.23146475589418))"
51C,2019-06-19 06:55:00+00:00,2019-06-19 08:55:00+00:00,0.0,45000.0,"POLYGON ((-93.70964064612373 38.01274509315114, -97.95172791611162 32.54835770245518, -99.78465643530679 32.326272679167694, -99.25385570039397 37.910780542758076, -93.70964064612373 38.01274509315114))"
BRAVO 8,2019-06-19 07:00:00+00:00,2019-06-19 11:00:00+00:00,0.0,50000.0,"POLYGON ((-120 14.15, -120 8, -125 7.3, -126.15 13.15, -120 14.15))"
TANGO 5,2019-06-19 07:18:00+00:00,2019-06-19 11:20:00+00:00,,,"POLYGON ((-169.4 10.3, -164.1 8.5, -156 8.1, -154.1 6.1, -159.2 4.3, -166.2 4.3, -170.3 8, -169.4 10.3))"
ALFA 2,2019-06-19 07:45:00+00:00,2019-06-19 11:45:00+00:00,0.0,45000.0,"POLYGON ((-77.45 32.15, -73.15 32.15, -72.3 28.45, -76.3 29.3, -79 30, -77.45 32.15))"
51E,2019-06-19 07:55:00+00:00,2019-06-19 09:55:00+00:00,0.0,32000.0,"POLYGON ((-87.59483790823707 33.66805598375878, -86.57943493499552 33.55893628932817, -85.89990565658027 33.04810125015075, -88.11525677864616 32.37814945623828, -87.59483790823707 33.66805598375878))"
54C,2019-06-19 07:55:00+00:00,2019-06-19 09:55:00+00:00,0.0,30000.0,"POLYGON ((-92.41516662219135 40.18519351010429, -92.59 39.55171624231644, -94.66837952682026 39.423544214488686, -95.26363829568746 40.196146798968805, -92.41516662219135 40.18519351010429))"
22W,2019-06-19 07:55:00+00:00,2019-06-19 09:55:00+00:00,0.0,40000.0,"POLYGON ((-111.73726654573619 48.88285264566485, -109.303981040284 48.84574512202192, -108.62898096315624 47.67978031762762, -109.8413361404295 47.274060092191206, -111.73726654573619 48.88285264566485))"
50E,2019-06-19 07:55:00+00:00,2019-06-19 09:55:00+00:00,0.0,45000.0,"POLYGON ((-73.08616631909956 36.2201531071537, -73.48445029602838 33.994284181857886, -75.36773499266985 32.20685054757154, -77.87 32.85267939837247, -75.31245261101861 35.551013427818205, -73.08616631909956 36.2201531071537))"
52E,2019-06-19 07:55:00+00:00,2019-06-19 09:55:00+00:00,0.0,45000.0,"POLYGON ((-85.51755975092713 30.82481054163949, -85.86397386026239 30.121598034629237, -87.54479807310904 30.02160816642563, -87.45497568008889 30.827693507021543, -85.51755975092713 30.82481054163949))"
53E,2019-06-19 07:55:00+00:00,2019-06-19 09:55:00+00:00,0.0,45000.0,"POLYGON ((-82.04155683229003 28.79286331647985, -81.34 27.874524177054433, -84.1202517009255 25.97955169702576, -87.20726660704777 26.560915532948524, -82.04155683229003 28.79286331647985))"
49E,2019-06-19 07:55:00+00:00,2019-06-19 09:55:00+00:00,0.0,37000.0,"POLYGON ((-83.50658019932737 39.395936339601754, -81.39003504824618 38.748255313631006, -82.03 38.084524177054426, -84.10809367103118 38.82750255501181, -83.50658019932737 39.395936339601754))"
53C,2019-06-19 07:55:00+00:00,2019-06-19 09:55:00+00:00,0.0,45000.0,"POLYGON ((-93.33 38.025475822945566, -95.94671552983252 32.48324125542623, -98.54011334103812 32.099380884246195, -98.16468403823336 37.93955746508777, -93.33 38.025475822945566))"
55C,2019-06-19 07:55:00+00:00,2019-06-19 09:55:00+00:00,0.0,41000.0,"POLYGON ((-91.3660060958858 38.80689172102783, -89.4974700379245 38.53754194405977, -91.38489402586352 35.756291015815584, -92.09707481737732 36.48654279794418, -91.3660060958858 38.80689172102783))"
58C,2019-06-19 08:55:00+00:00,2019-06-19 10:55:00+00:00,0.0,35000.0,"POLYGON ((-89.21630304501944 39.07162203343535, -89.89302078063321 37.558870531112156, -90.36928942963641 37.402785708108134, -90.61109390205803 38.75769958655525, -89.21630304501944 39.07162203343535))"
57C,2019-06-19 08:55:00+00:00,2019-06-19 10:55:00+00:00,0.0,30000.0,"POLYGON ((-92.37163108021558 40.53049397807473, -92.22 39.38828375768358, -93.8343348020632 38.7793172349368, -95.02814073580899 39.82391081428245, -92.37163108021558 40.53049397807473))"
54E,2019-06-19 08:55:00+00:00,2019-06-19 10:55:00+00:00,0.0,45000.0,"POLYGON ((-73.08616631909956 36.2201531071537, -73.90021744915809 34.35593367745108, -75.77634587804195 32.567473258060815, -77.87 32.85267939837247, -75.31245261101861 35.551013427818205, -73.08616631909956 36.2201531071537))"
56E,2019-06-19 08:55:00+00:00,2019-06-19 10:55:00+00:00,0.0,45000.0,"POLYGON ((-81.74309367225584 28.892326478507222, -81.34 27.874524177054433, -83.14827054507217 26.0141478377521, -87.72296114102724 27.04152715334124, -84.58093796652895 27.19663996614983, -81.74309367225584 28.892326478507222))"
55E,2019-06-19 08:55:00+00:00,2019-06-19 10:55:00+00:00,0.0,45000.0,"POLYGON ((-86.38150247329128 31.44447747954094, -85.54798954226243 31.208160016832483, -85.86397386026239 30.121598034629237, -87.91977605708156 29.807027638847178, -86.38150247329128 31.44447747954094))"
57E,2019-06-19 08:55:00+00:00,2019-06-19 10:55:00+00:00,0.0,36000.0,"POLYGON ((-83.54590586304727 39.36671239492681, -80.88728189785398 38.65268520873533, -81.41863655076995 38.0149049261673, -84.10809367103118 38.82750255501181, -83.54590586304727 39.36671239492681))"
56C,2019-06-19 08:55:00+00:00,2019-06-19 10:55:00+00:00,0.0,45000.0,"POLYGON ((-92.62418464408016 38.040775832978476, -94.97743252615817 32.880910526810865, -97.66091304833498 31.659404218433295, -96.94877971388013 37.748316836329714, -92.62418464408016 38.040775832978476))"
23W,2019-06-19 08:55:00+00:00,2019-06-19 10:55:00+00:00,0.0,40000.0,"POLYGON ((-111.17334512297393 48.91351919821275, -109.23322313935236 48.8916806799559, -108.17632347414971 47.44394759797629, -109.8869721661771 47.304758953213685, -111.17334512297393 48.91351919821275))"
ALFA 3,2019-06-19 09:05:00+00:00,2019-06-19 13:05:00+00:00,0.0,45000.0,"POLYGON ((-72 32.15, -71.15 26.45, -76.3 26, -78.3 28.15, -78.45 32.15, -72 32.15))"
DELTA 12,2019-06-19 09:05:00+00:00,2019-06-19 13:05:00+00:00,0.0,45000.0,"POLYGON ((-57.3 41.3, -56.15 37.3, -73.15 35.3, -72.45 39.45, -57.3 41.3))"
BRAVO 9,2019-06-19 09:45:00+00:00,2019-06-19 13:45:00+00:00,0.0,50000.0,"POLYGON ((-120 14, -120 8, -125 7, -126.45 13.3, -120 14))"
CHARLIE 1,2019-06-19 09:50:00+00:00,2019-06-19 13:50:00+00:00,0.0,45000.0,"POLYGON ((-83.45 28, -83.3 25.45, -88 25.3, -88.15 27.3, -83.45 28))"
60E,2019-06-19 09:55:00+00:00,2019-06-19 11:55:00+00:00,0.0,45000.0,"POLYGON ((-82.5289303497831 27.85459272448094, -81.34 27.81714530289553, -81.92935781839824 26.585247093451805, -83.4644366210495 26.579207539541148, -82.5289303497831 27.85459272448094))"
59E,2019-06-19 09:55:00+00:00,2019-06-19 11:55:00+00:00,0.0,45000.0,"POLYGON ((-85.53301115805638 31.94093634802107, -85.05671299195751 29.78473490538728, -87.97698703780144 29.92804070217627, -85.53301115805638 31.94093634802107))"
61E,2019-06-19 09:55:00+00:00,2019-06-19 11:55:00+00:00,0.0,38000.0,"POLYGON ((-83.20139845000683 39.677823934472364, -80.89295092769115 39.16198947379283, -81.12 38.445475822945575, -83.91150595684472 38.76267480859985, -83.20139845000683 39.677823934472364))"
58E,2019-06-19 09:55:00+00:00,2019-06-19 11:55:00+00:00,0.0,45000.0,"POLYGON ((-74.88444047953132 35.19421416928657, -74.95457283026558 33.79440484970139, -75.91327822438343 32.68738613299373, -77.87 32.85267939837247, -74.88444047953132 35.19421416928657))"
60C,2019-06-19 09:55:00+00:00,2019-06-19 11:55:00+00:00,0.0,30000.0,"POLYGON ((-92.92613039588628 40.74433598278782, -90.48214243740559 39.59259528345068, -92.64700626739189 38.809222910990734, -95.07197342103085 39.90435025851825, -92.92613039588628 40.74433598278782))"
59C,2019-06-19 09:55:00+00:00,2019-06-19 11:55:00+00:00,0.0,45000.0,"POLYGON ((-93.00694185673542 37.974381778266675, -94.47054752288118 32.65497295701891, -97.27 31.66, -95.64491916119842 37.51209190571716, -93.00694185673542 37.974381778266675))"
TANGO 6,2019-06-19 10:51:00+00:00,2019-06-19 14:55:00+00:00,0.0,54000.0,"POLYGON ((-166.5 11, -161.1 8.1, -154 5.2, -159.1 4.2, -168 8.2, -166.5 11))"
61C,2019-06-19 10:55:00+00:00,2019-06-19 12:55:00+00:00,,,"POLYGON ((-94.18934368402573 38.11267624356172, -94.20312128287861 33.36054052927546, -96.97513904358975 31.65997617065896, -94.38933839737054 38.11122206540034, -94.35541028629636 33.44505183342611, -97.07972233708044 31.83045295712162, -94.3077045763693 33.53101731573813, -94.15541557295155 33.44650601158749, -94.18934368402573 38.11267624356172))"
65E,2019-06-19 10:55:00+00:00,2019-06-19 12:55:00+00:00,0.0,32000.0,"POLYGON ((-82.59 39.81726208852722, -80.25143411945089 39.027542887557644, -80.79507397691819 38.39437506344984, -83.2188322774304 39.1259946821082, -82.59 39.81726208852722))"
62E,2019-06-19 10:55:00+00:00,2019-06-19 12:55:00+00:00,0.0,45000.0,"POLYGON ((-74.11705479269541 36.242286206557836, -73.90021744915809 34.35593367745108, -76.81696033297256 32.19359480289175, -77.87 33.019048354108854, -76.18 35.26178626558164, -74.11705479269541 36.242286206557836))"
64E,2019-06-19 10:55:00+00:00,2019-06-19 12:55:00+00:00,0.0,45000.0,"POLYGON ((-82.54672970686632 28.027576492495754, -81.05360465960551 27.678859671358637, -81.59405082629479 26.529879413994006, -83.6011659730496 26.454944154176626, -82.54672970686632 28.027576492495754))"
63E,2019-06-19 10:55:00+00:00,2019-06-19 12:55:00+00:00,0.0,45000.0,"POLYGON ((-101.91910670288728 46.26862010972649, -100.67 45.761786265581655, -100.82384006473819 44.85865018223966, -102.66239913748981 45.07612470197925, -101.91910670288728 46.26862010972649))"
63C,2019-06-19 10:55:00+00:00,2019-06-19 12:55:00+00:00,0.0,31000.0,"POLYGON ((-85.19598765774109 31.97513444044588, -84.35 29.568155221318033, -86.97469838740562 30.21484687132116, -85.19598765774109 31.97513444044588))"
62C,2019-06-19 10:55:00+00:00,2019-06-19 12:55:00+00:00,0.0,36000.0,"POLYGON ((-92.92613039588628 40.74433598278782, -90.41321137298506 39.84677447610352, -92.52294238419638 39.04489073426621, -94.23980321931045 40.21116641293662, -92.92613039588628 40.74433598278782))"
ALFA 4,2019-06-19 11:10:00+00:00,2019-06-19 15:10:00+00:00,0.0,45000.0,"POLYGON ((-73.15 34.3, -71.3 28, -76.3 26, -78.15 28.45, -78.3 31.15, -73.15 34.3))"
DELTA 13,2019-06-19 11:10:00+00:00,2019-06-19 15:10:00+00:00,0.0,45000.0,"POLYGON ((-56.15 41.15, -55.45 37.15, -72.3 35.3, -73 37.3, -65.45 40.45, -56.15 41.15))"
66C,2019-06-19 11:55:00+00:00,2019-06-19 13:55:00+00:00,,,"POLYGON ((-93.40204898500157 37.42607423411344, -93.79552620293252 33.40030187455723, -94.86204373099254 31.31166638752918, -93.20416479351219 37.39705963850029, -93.78564497463135 33.43127162470022, -95.04016546587958 31.40262048342832, -93.97364793781956 33.49125597045636, -93.98352916612073 33.46028622031337, -93.40204898500157 37.42607423411344))"
69E,2019-06-19 11:55:00+00:00,2019-06-19 13:55:00+00:00,0.0,45000.0,"POLYGON ((-82.02560512265583 27.908454213710954, -80.64090386209831 27.73524314595772, -81.4817160688799 26.419040004752354, -82.921226320205 26.598112775594732, -82.02560512265583 27.908454213710954))"
66E,2019-06-19 11:55:00+00:00,2019-06-19 13:55:00+00:00,0.0,29000.0,"POLYGON ((-82.19057564579444 39.842630915511386, -80.1 39.054570939420884, -80.86060011510223 37.98417020961968, -83.06235193470312 39.077419554750406, -82.19057564579444 39.842630915511386))"
65C,2019-06-19 11:55:00+00:00,2019-06-19 13:55:00+00:00,0.0,31000.0,"POLYGON ((-92.88173852325241 40.66390005988749, -89.90719968268995 40.06725655621914, -92.48313585152789 39.01415950213103, -93.5353865303586 40.12615633745327, -92.88173852325241 40.66390005988749))"
68E,2019-06-19 11:55:00+00:00,2019-06-19 13:55:00+00:00,0.0,42000.0,"POLYGON ((-85.19598765774109 31.97513444044588, -83.34469733030697 30.21449395784311, -84.78878348330078 29.47703734748007, -86.68 29.998155221318033, -85.19598765774109 31.97513444044588))"
67E,2019-06-19 11:55:00+00:00,2019-06-19 13:55:00+00:00,0.0,45000.0,"POLYGON ((-73.91083226975601 36.2385671361986, -73.7612320341291 34.23553982536499, -76.89048327355702 32.347912658677075, -77.11256866433175 32.810607855650346, -76.18 35.59452417705443, -73.91083226975601 36.2385671361986))"
64C,2019-06-19 11:55:00+00:00,2019-06-19 13:55:00+00:00,0.0,30000.0,"POLYGON ((-101.91910670288728 46.26862010972649, -100.67 45.761786265581655, -100.82384006473819 44.85865018223966, -102.42681333429991 45.077820101802196, -101.91910670288728 46.26862010972649))"
69C,2019-06-19 12:55:00+00:00,2019-06-19 14:55:00+00:00,0.0,37000.0,"POLYGON ((-93.19128242127205 37.0927866203999, -92.3262151927426 37.02380151597955, -92.5876324534615 35.48072038066677, -93.74119690343325 35.94272072047491, -93.19128242127205 37.0927866203999))"
67C,2019-06-19 12:55:00+00:00,2019-06-19 14:55:00+00:00,0.0,36000.0,"POLYGON ((-101.1151391634406 46.452452311645274, -99.70016511856267 46.47926419185945, -100.16000000000001 45.25742563652537, -101.4094931837825 44.545312178904794, -101.87743843221837 45.34702445066886, -101.1151391634406 46.452452311645274))"
68C,2019-06-19 12:55:00+00:00,2019-06-19 14:55:00+00:00,0.0,37000.0,"POLYGON ((-92.72390432287658 40.23215004504694, -90.02560772982049 40.357777120550345, -90.88230771598569 39.542638173628404, -92.50615179196588 39.34391684211417, -92.72390432287658 40.23215004504694))"
71C,2019-06-19 12:55:00+00:00,2019-06-19 14:55:00+00:00,0.0,43000.0,"POLYGON ((-86.73635198522737 29.033188039682287, -86.62364801477264 28.86796753537444, -87.61703996550455 28.190332410519442, -87.72974393595928 28.35555291482729, -86.73635198522737 29.033188039682287))"
71E,2019-06-19 12:55:00+00:00,2019-06-19 14:55:00+00:00,0.0,45000.0,"POLYGON ((-84.57250078367207 30.860926092548294, -83.34469733030697 30.21449395784311, -84.78878348330078 29.47703734748007, -86.68 29.998155221318033, -85.60173365150239 31.20753602418676, -84.57250078367207 30.860926092548294))"
72E,2019-06-19 12:55:00+00:00,2019-06-19 14:55:00+00:00,0.0,45000.0,"POLYGON ((-80.63338686589172 27.372516492034247, -80.83476472574945 26.678058003974225, -81.8510647057743 26.376277522685555, -82.55 26.734524177054432, -80.63338686589172 27.372516492034247))"
70E,2019-06-19 12:55:00+00:00,2019-06-19 14:55:00+00:00,0.0,45000.0,"POLYGON ((-74.31958095363107 34.7161654317201, -73.7612320341291 34.23553982536499, -75.91327822438343 32.68738613299373, -77.18711036928703 32.96475210855679, -74.31958095363107 34.7161654317201))"
70C,2019-06-19 12:55:00+00:00,2019-06-19 14:55:00+00:00,0.0,45000.0,"POLYGON ((-93.50254103079556 33.97927067191303, -92.74 33.92547582294558, -92.76708007659813 32.26324115302837, -93.99959199237763 31.41266170720523, -94.75 31.920893132790823, -93.50254103079556 33.97927067191303))"
ALFA 5,2019-06-19 13:30:00+00:00,2019-06-19 17:30:00+00:00,0.0,48000.0,"POLYGON ((-74.3 34.15, -74.15 27.15, -77 26.3, -77.45 29.15, -76.45 32.45, -74.3 34.15))"
CHARLIE 2,2019-06-19 13:30:00+00:00,2019-06-19 17:30:00+00:00,0.0,45000.0,"POLYGON ((-84.3 27.45, -84 26.15, -87.45 26.15, -87.45 27.3, -84.3 27.45))"
77E,2019-06-19 13:55:00+00:00,2019-06-19 15:55:00+00:00,0.0,43000.0,"POLYGON ((-80.18865059497637 27.569024261566376, -80.68676727173423 26.45745430806274, -81.92921388846327 26.47459746196824, -82.1236961859897 26.836268948484577, -80.18865059497637 27.569024261566376))"
73C,2019-06-19 13:55:00+00:00,2019-06-19 15:55:00+00:00,0.0,40000.0,"POLYGON ((-89.95373252536208 40.49159400693515, -87.9074918085935 38.97700621853641, -91.97365982513698 39.626631256904126, -92.73529090998834 40.39704167484675, -89.95373252536208 40.49159400693515))"
74C,2019-06-19 13:55:00+00:00,2019-06-19 15:55:00+00:00,0.0,43000.0,"POLYGON ((-92.24868206836561 33.66794334765291, -92.04 32.230858121158214, -93.17648818751815 31.258228469130618, -94.75 32.130858121158205, -93.59034705745859 33.34310067429865, -92.24868206836561 33.66794334765291))"
76E,2019-06-19 13:55:00+00:00,2019-06-19 15:55:00+00:00,0.0,45000.0,"POLYGON ((-84.28195952825253 29.148646149510487, -84.12244060010649 28.6545665186507, -85.12715133198182 27.888382245393466, -85.29071092064703 28.398466564250135, -84.28195952825253 29.148646149510487))"
73E,2019-06-19 13:55:00+00:00,2019-06-19 15:55:00+00:00,0.0,45000.0,"POLYGON ((-75.02904151490385 33.9488575179407, -74.74600432532446 33.227846987791516, -76.81696033297256 32.19359480289175, -76.32629249359711 33.046225507906435, -75.02904151490385 33.9488575179407))"
75E,2019-06-19 13:55:00+00:00,2019-06-19 15:55:00+00:00,0.0,45000.0,"POLYGON ((-84.14089538932461 31.352503542364197, -83.34469733030697 30.21449395784311, -84.35 29.23541730984525, -85.23812467080684 30.078662223602322, -84.14089538932461 31.352503542364197))"
74E,2019-06-19 13:55:00+00:00,2019-06-19 15:55:00+00:00,0.0,45000.0,"POLYGON ((-73.49845074724051 36.230067480330845, -72.79933985502997 35.06616814957474, -73.90021744915809 34.35593367745108, -74.88444047953132 35.19421416928657, -73.49845074724051 36.230067480330845))"
72C,2019-06-19 13:55:00+00:00,2019-06-19 15:55:00+00:00,0.0,37000.0,"POLYGON ((-100.12172747863647 45.83644601044437, -99.69274526753006 45.794400825621246, -101.09122307175372 44.38621692562119, -101.53869466194234 45.38726683554298, -100.12172747863647 45.83644601044437))"
ALFA 6,2019-06-19 14:35:00+00:00,2019-06-19 18:35:00+00:00,0.0,48000.0,"POLYGON ((-74 34.15, -74.15 29.15, -77.3 28.45, -76.45 32.3, -74 34.15))"
VICTOR 1,2019-06-19 14:38:00+00:00,2019-06-19 18:40:00+00:00,0.0,54000.0,"POLYGON ((179.3 8, 179.1 3.4, 176 7, 179.3 8))"
81E,2019-06-19 14:55:00+00:00,2019-06-19 16:55:00+00:00,0.0,42000.0,"POLYGON ((-83.30318093042153 29.065495284061925, -82.36500607143776 28.577472119822225, -82.79579238767793 28.01217868503657, -83.7418195952968 28.293201900886125, -83.30318093042153 29.065495284061925))"
75C,2019-06-19 14:55:00+00:00,2019-06-19 16:55:00+00:00,0.0,35000.0,"POLYGON ((-100.84193544646931 45.69002271929518, -100.11428526721822 45.82367589869015, -100.16000000000001 44.67914187884179, -100.72232248053562 44.554597848532744, -101.56256156778163 45.34702445066886, -100.84193544646931 45.69002271929518))"
79E,2019-06-19 14:55:00+00:00,2019-06-19 16:55:00+00:00,0.0,45000.0,"POLYGON ((-80.14326693490337 27.552235232348945, -79.87536829183776 27.14095313134864, -80.80475445520202 26.26961929413895, -81.09129487440971 26.783011200950792, -80.14326693490337 27.552235232348945))"
80E,2019-06-19 14:55:00+00:00,2019-06-19 16:55:00+00:00,0.0,40000.0,"POLYGON ((-83.34529456525038 33.304451717436464, -83.10327335294569 32.49781391611565, -83.92834700221921 31.78682344377124, -84.48545715080873 31.65985105393622, -84.19672664705433 32.49781391611565, -83.34529456525038 33.304451717436464))"
78E,2019-06-19 14:55:00+00:00,2019-06-19 16:55:00+00:00,0.0,45000.0,"POLYGON ((-83.56966379032643 31.403309752157494, -82.21313656360111 30.924837411008745, -82.09332286429088 29.596569750314284, -84.93895341632934 27.89157954242784, -87.77484681867278 29.499047987964754, -83.56966379032643 31.403309752157494))"
77C,2019-06-19 14:55:00+00:00,2019-06-19 16:55:00+00:00,0.0,41000.0,"POLYGON ((-91.2770612786174 33.45600939913174, -91.16246582494746 31.615179270412522, -92.72235659455748 30.798693907059313, -93.19243105422565 31.846348303066897, -92.66372670159001 33.413681600069445, -91.2770612786174 33.45600939913174))"
76C,2019-06-19 14:55:00+00:00,2019-06-19 16:55:00+00:00,0.0,42000.0,"POLYGON ((-90.36433381314544 40.56919116641662, -88.40337271959615 39.38618129629181, -89.106942266411 38.40627089050887, -91.61472521334977 40.46434078096207, -90.36433381314544 40.56919116641662))"
88E,2019-06-19 15:55:00+00:00,2019-06-19 17:55:00+00:00,,,"POLYGON ((-85.44637752057908 42.80713200883272, -85.30866738550002 42.51784360204907, -86.02018858741532 41.70396365853942, -85.24936955616396 42.77266663552838, -85.28544965964505 42.56642869114488, -86.17076110012052 41.83559921003538, -85.45923989820521 42.64947915354503, -85.48245762406017 42.60089406444922, -85.44637752057908 42.80713200883272))"
86E,2019-06-19 15:55:00+00:00,2019-06-19 17:55:00+00:00,0.0,38000.0,"POLYGON ((-86.53897188760081 36.98726515155596, -86.10089435674583 36.36235020823806, -86.26466226802593 36.24754571688448, -86.70273979888091 36.87246066020238, -86.53897188760081 36.98726515155596))"
85E,2019-06-19 15:55:00+00:00,2019-06-19 17:55:00+00:00,0.0,42000.0,"POLYGON ((-86.08789322366032 30.317517752031666, -84.7947855299627 29.464283461005582, -85.10748027803326 28.795020978525802, -85.79493300686431 28.95706415918047, -86.08789322366032 30.317517752031666))"
84E,2019-06-19 15:55:00+00:00,2019-06-19 17:55:00+00:00,0.0,45000.0,"POLYGON ((-83.03915944277936 33.19965707757229, -82.77115918126063 32.07399936875062, -83.18850897456814 31.538208894580187, -84.42037182640642 31.927066021943354, -83.03915944277936 33.19965707757229))"
79C,2019-06-19 15:55:00+00:00,2019-06-19 17:55:00+00:00,0.0,42000.0,"POLYGON ((-91.08304863925767 33.73403785163903, -89.97902169822298 32.327715085906554, -91.04179004440122 31.014010255127598, -92.5 30.826287181737325, -91.71645891735984 31.534248635523515, -91.08304863925767 33.73403785163903))"
82E,2019-06-19 15:55:00+00:00,2019-06-19 17:55:00+00:00,0.0,45000.0,"POLYGON ((-83.29080948912768 31.537628073776222, -81.79058202863 31.28331922360778, -81.51 30.00726208852722, -82.86826733813852 27.909872056486996, -85.02789656995888 29.81004636605923, -83.29080948912768 31.537628073776222))"
89E,2019-06-19 15:55:00+00:00,2019-06-19 17:55:00+00:00,0.0,45000.0,"POLYGON ((-73.49845074724051 36.230067480330845, -72.67399383088501 36.208824888541756, -72.79933985502997 35.06616814957474, -73.7612320341291 34.23553982536499, -74.60118707224883 34.955516670633756, -73.49845074724051 36.230067480330845))"
83E,2019-06-19 15:55:00+00:00,2019-06-19 17:55:00+00:00,0.0,45000.0,"POLYGON ((-80.30213061784768 27.679873295517528, -79.62468306975173 27.35898047564628, -79.94787570051727 26.372519595737387, -80.83476472574945 26.678058003974225, -80.30213061784768 27.679873295517528))"
87E,2019-06-19 15:55:00+00:00,2019-06-19 17:55:00+00:00,0.0,33000.0,"POLYGON ((-85.30973457529112 39.48898075185077, -83.84347573913568 39.016868325683724, -84.11 37.69547582294557, -86.28 38.88815522131803, -85.30973457529112 39.48898075185077))"
78C,2019-06-19 15:55:00+00:00,2019-06-19 17:55:00+00:00,0.0,42000.0,"POLYGON ((-90.8314628499243 40.92915811231926, -87.84914260376968 39.67946464225538, -87.76 37.59726208852721, -91.78286987351537 40.38187055935897, -90.8314628499243 40.92915811231926))"
95E,2019-06-19 16:55:00+00:00,2019-06-19 18:55:00+00:00,,,"POLYGON ((-85.26942003015688 42.79074320301198, -85.9466271607878 42.39845199381234, -85.80087512022327 42.34117035665404, -85.36725949979203 40.92348267946146, -85.84637705142252 42.22539155473902, -85.1691699207916 42.61768276393865, -85.55851347155581 40.86498551470475, -85.99212909198705 42.28267319189732, -85.26942003015688 42.79074320301198))"
93E,2019-06-19 16:55:00+00:00,2019-06-19 18:55:00+00:00,0.0,45000.0,"POLYGON ((-86.18354258015238 37.134178821778875, -85.67880463396466 36.31420104124093, -86.14295192258274 36.13880122587485, -87.41243595022111 37.261656167192776, -86.18354258015238 37.134178821778875))"
94E,2019-06-19 16:55:00+00:00,2019-06-19 18:55:00+00:00,0.0,35000.0,"POLYGON ((-84.55811518990174 38.752781644871, -84.04682138313119 38.5070369607615, -84.11 37.60828375768357, -84.93497822456841 37.58709599386252, -84.55811518990174 38.752781644871))"
83C,2019-06-19 16:55:00+00:00,2019-06-19 18:55:00+00:00,0.0,33000.0,"POLYGON ((-101.37851830745 45.35108117225948, -100.83306376199546 45.35108117225948, -100.83306376199546 44.80562662680493, -101.37851830745 44.80562662680493, -101.37851830745 45.35108117225948))"
81C,2019-06-19 16:55:00+00:00,2019-06-19 18:55:00+00:00,0.0,45000.0,"POLYGON ((-90.77792669670745 37.6687326617491, -88.03854870483669 37.39540612405392, -88.42630080833382 36.01668476519175, -88.99018653043316 35.90889845776839, -90.77792669670745 37.6687326617491))"
96E,2019-06-19 16:55:00+00:00,2019-06-19 18:55:00+00:00,0.0,45000.0,"POLYGON ((-75.2230209418496 36.5745276605357, -72.88006515612935 36.21466566920305, -73.54185486530858 35.33957493982048, -74.74260663020704 35.07494773982172, -75.79938158942578 36.13206341330224, -75.2230209418496 36.5745276605357))"
92E,2019-06-19 16:55:00+00:00,2019-06-19 18:55:00+00:00,0.0,45000.0,"POLYGON ((-85.96590365845428 30.57337477620931, -83.63903572242158 30.143408025938317, -83.81534795517562 29.597804612880022, -85.21964188647294 28.552661215843553, -85.96590365845428 30.57337477620931))"
90E,2019-06-19 16:55:00+00:00,2019-06-19 18:55:00+00:00,0.0,45000.0,"POLYGON ((-83.80078033408729 32.38250001561887, -81.11 31.494524177054434, -81.87327953536558 28.068396541669177, -83.98945761020958 28.77320915271947, -83.80078033408729 32.38250001561887))"
91E,2019-06-19 16:55:00+00:00,2019-06-19 18:55:00+00:00,0.0,45000.0,"POLYGON ((-79.09496772306241 28.18234019871833, -79.34523527425056 26.678058003974225, -81.43679152679195 26.402256074635797, -80.14326693490337 27.552235232348945, -79.09496772306241 28.18234019871833))"
80C,2019-06-19 16:55:00+00:00,2019-06-19 18:55:00+00:00,0.0,40000.0,"POLYGON ((-91.18980071587497 40.750705757617574, -87.85595183325913 40.05401870082982, -87.25 38.65815522131805, -87.5653003845722 37.8661729011373, -89.87166285697703 39.32898979095147, -91.18980071587497 40.750705757617574))"
82C,2019-06-19 16:55:00+00:00,2019-06-19 18:55:00+00:00,0.0,45000.0,"POLYGON ((-90.83047457671236 32.682559925262055, -89.7352766627441 32.556807974973516, -89.675885022439 31.298678281230448, -92.07217523055894 30.477725406782344, -90.800750591841 31.48986740793502, -90.83047457671236 32.682559925262055))"
CHARLIE 3,2019-06-19 17:15:00+00:00,2019-06-19 21:15:00+00:00,0.0,44000.0,"POLYGON ((-88.15 28.45, -84 28.15, -84.3 26.45, -87.15 27, -88.15 28.45))"
ALFA 7,2019-06-19 17:20:00+00:00,2019-06-19 21:20:00+00:00,0.0,49000.0,"POLYGON ((-76.3 32, -72.45 30.45, -74.15 26.3, -77 27.15, -76.3 32))"
04E,2019-06-19 17:55:00+00:00,2019-06-19 19:55:00+00:00,,,"POLYGON ((-83.98041074623417 43.00136604191086, -85.92569733079976 42.40756506392546, -85.80350759268492 42.34869160530241, -85.30213500172798 41.08067108858069, -85.3349040710659 41.1237316771012, -85.04508802099399 40.90508945504155, -85.86730688141056 42.2162784846259, -83.92202029684496 42.81007946261131, -85.48812402856845 41.00713142652723, -85.9894966195254 42.27515194324895, -85.1655389091586 40.74542861594707, -85.45535495923052 40.96407083800672, -83.98041074623417 43.00136604191086))"
09E,2019-06-19 17:55:00+00:00,2019-06-19 19:55:00+00:00,0.0,35000.0,"POLYGON ((-76.0311397129823 40.46881810921039, -74.24177158126389 39.819847927811885, -77.32674532200323 39.61013524948714, -77.42083325999441 40.410120427356254, -76.0311397129823 40.46881810921039))"
07E,2019-06-19 17:55:00+00:00,2019-06-19 19:55:00+00:00,0.0,40000.0,"POLYGON ((-77.83261416291032 37.089981534284625, -77.7096075287545 35.86525235877364, -78.4508094549923 35.758900938215916, -79.24 36.816287181737316, -77.83261416291032 37.089981534284625))"
01E,2019-06-19 17:55:00+00:00,2019-06-19 19:55:00+00:00,0.0,45000.0,"POLYGON ((-78.97407719437939 28.22499093893807, -79.34077652180247 26.954657702447616, -80.39364355227643 25.902182913024042, -81.63064218160176 26.585247093451805, -79.88791182958683 27.457399585828217, -78.97407719437939 28.22499093893807))"
05E,2019-06-19 17:55:00+00:00,2019-06-19 19:55:00+00:00,0.0,36000.0,"POLYGON ((-80.65736888424708 38.908674988510526, -81.48582967878602 37.779434495520654, -82.17135172368519 38.482782469623594, -80.65736888424708 38.908674988510526))"
87C,2019-06-19 17:55:00+00:00,2019-06-19 19:55:00+00:00,0.0,45000.0,"POLYGON ((-86.76745729085373 33.402796946539354, -86.56221491049843 32.42422333324176, -89.48071124066651 31.021022279865452, -89.97874710560755 32.53216902931837, -86.76745729085373 33.402796946539354))"
86C,2019-06-19 17:55:00+00:00,2019-06-19 19:55:00+00:00,0.0,45000.0,"POLYGON ((-90.23 36.947145302895535, -89.52625992541527 36.42052214887831, -90.4550655623554 35.94300669737892, -90.95 36.54371281826269, -90.23 36.947145302895535))"
88C,2019-06-19 17:55:00+00:00,2019-06-19 19:55:00+00:00,0.0,33000.0,"POLYGON ((-100.74527325773157 45.196568225352806, -100.19981871227704 45.196568225352806, -100.19981871227704 44.65111367989826, -100.74527325773157 44.65111367989826, -100.74527325773157 45.196568225352806))"
98E,2019-06-19 17:55:00+00:00,2019-06-19 19:55:00+00:00,0.0,42000.0,"POLYGON ((-82.58252431859174 33.356358165210715, -81.45770010703598 33.11980648720882, -82.78676102273498 31.77498332280817, -83.41480669351985 31.855149422615753, -82.58252431859174 33.356358165210715))"
02E,2019-06-19 17:55:00+00:00,2019-06-19 19:55:00+00:00,0.0,45000.0,"POLYGON ((-85.25907091559877 37.48474242840236, -85.42081210982991 36.10214313452199, -86.11040667653471 35.94765038022213, -87.21169622073586 37.182173970849256, -85.25907091559877 37.48474242840236))"
97E,2019-06-19 17:55:00+00:00,2019-06-19 19:55:00+00:00,0.0,45000.0,"POLYGON ((-80.56416961577376 32.349828748247305, -80.96442417672466 28.992511342353758, -81.78 27.19547582294557, -83.34112614395275 28.98486294275094, -82.23323897726503 31.77498332280817, -80.56416961577376 32.349828748247305))"
06E,2019-06-19 17:55:00+00:00,2019-06-19 19:55:00+00:00,0.0,35000.0,"POLYGON ((-79.1079288584138 39.22414461483253, -78.65992796020164 38.89201523189071, -80.0097707619696 36.99283840813926, -81.50959873561207 36.43839496447341, -79.1079288584138 39.22414461483253))"
08E,2019-06-19 17:55:00+00:00,2019-06-19 19:55:00+00:00,0.0,45000.0,"POLYGON ((-72.60903339892053 37.35904184736853, -72.67399383088501 36.208824888541756, -74.1793894752955 34.596247650832055, -75.59991116145608 35.78803390368189, -74.8380622123041 36.698188071631094, -72.60903339892053 37.35904184736853))"
03E,2019-06-19 17:55:00+00:00,2019-06-19 19:55:00+00:00,0.0,35000.0,"POLYGON ((-82.74417464070316 40.26753847846783, -82.8667559692422 37.025946366629825, -84.94357369476812 37.027084680374244, -84.7 38.35452417705444, -85.68217108371086 39.5274648292536, -82.74417464070316 40.26753847846783))"
99E,2019-06-19 17:55:00+00:00,2019-06-19 19:55:00+00:00,0.0,45000.0,"POLYGON ((-84.70594675799578 30.272184121928948, -83.1968941686695 29.907328867299743, -84.28195952825253 29.148646149510487, -86.68 29.831786265581645, -84.70594675799578 30.272184121928948))"
85C,2019-06-19 17:55:00+00:00,2019-06-19 19:55:00+00:00,0.0,45000.0,"POLYGON ((-89.63171402226911 38.139055752315244, -87.43979810471049 37.314745089157235, -88.37365338896903 35.697943967210314, -90.3788578256284 37.787547144597156, -89.63171402226911 38.139055752315244))"
89C,2019-06-19 17:55:00+00:00,2019-06-19 19:55:00+00:00,0.0,40000.0,"POLYGON ((-100.90571537868614 40.932254483775374, -100.23 39.26, -100.87459499565706 39.25822327103064, -101.39797026952377 40.45186360664409, -100.90571537868614 40.932254483775374))"
84C,2019-06-19 17:55:00+00:00,2019-06-19 19:55:00+00:00,0.0,40000.0,"POLYGON ((-90.21056902795137 40.687765571974516, -87.50796765273294 40.55917307197134, -86.79499832414324 39.13618920737461, -87.4607500127281 38.164902884468745, -90.06670060786341 39.627800004240854, -90.21056902795137 40.687765571974516))"
13E,2019-06-19 18:55:00+00:00,2019-06-19 20:55:00+00:00,,,"POLYGON ((-82.95000970829379 29.433936569339, -82.93057238118823 28.03911560410746, -82.93404831187534 28.06389429036893, -82.89931586287635 27.93581202574852, -83.13055296460064 28.03632880342734, -83.1499902917062 29.43114976865888, -83.09234458491453 27.88346785254545, -83.12707703391352 28.01155011716586, -82.95000970829379 29.433936569339))"
14E,2019-06-19 18:55:00+00:00,2019-06-19 20:55:00+00:00,0.0,45000.0,"POLYGON ((-81.78 26.963712818262685, -79.96587361310456 26.947078280936704, -79.9384774835751 26.106281999028436, -80.87452603568174 26.02008999815083, -81.78 26.963712818262685))"
16E,2019-06-19 18:55:00+00:00,2019-06-19 20:55:00+00:00,0.0,42000.0,"POLYGON ((-86.64873214346974 37.33051618193946, -85.67880463396466 36.31420104124093, -85.15 35.68285469710448, -86.17628231519406 35.73003501507558, -86.77466325231116 37.040180657195684, -86.64873214346974 37.33051618193946))"
15E,2019-06-19 18:55:00+00:00,2019-06-19 20:55:00+00:00,0.0,44000.0,"POLYGON ((-86.4554483824045 31.45782462491084, -86.3862184848495 31.270188750716898, -87.00368131670496 31.042370436244763, -87.07291121425996 31.230006310438707, -86.4554483824045 31.45782462491084))"
17E,2019-06-19 18:55:00+00:00,2019-06-19 20:55:00+00:00,0.0,43000.0,"POLYGON ((-83.9556939977146 39.0176351828515, -82.2013966760515 38.80519980789536, -83.43881637968013 37.24941184401323, -84.65327581176757 37.02876167759472, -83.9556939977146 39.0176351828515))"
22E,2019-06-19 18:55:00+00:00,2019-06-19 20:55:00+00:00,0.0,40000.0,"POLYGON ((-78.33192122590073 37.24653274459128, -77.18102525224563 37.23278620932637, -77.62059162323466 36.251714205741145, -78.11885822184625 36.08949023824746, -79.03258953749881 36.849120323031016, -78.33192122590073 37.24653274459128))"
10E,2019-06-19 18:55:00+00:00,2019-06-19 20:55:00+00:00,0.0,45000.0,"POLYGON ((-80.74894753089713 31.852805846331467, -80.61266541516184 29.29907881838295, -81.78 26.963712818262685, -83.05 29.166287181737324, -82.04068453976787 31.373168204009552, -80.74894753089713 31.852805846331467))"
92C,2019-06-19 18:55:00+00:00,2019-06-19 20:55:00+00:00,0.0,42000.0,"POLYGON ((-86.41946227659353 33.5030950574048, -86.47797433184589 32.27522667902711, -89.58322485461562 31.29822567990101, -88.97118799660875 32.37988433898405, -86.41946227659353 33.5030950574048))"
93C,2019-06-19 18:55:00+00:00,2019-06-19 20:55:00+00:00,0.0,40000.0,"POLYGON ((-100.31341735589152 39.60429208043771, -100.14658264410852 39.493991677245866, -100.5409432900866 38.897502065182714, -100.7077780018696 39.00780246837456, -100.31341735589152 39.60429208043771))"
12E,2019-06-19 18:55:00+00:00,2019-06-19 20:55:00+00:00,0.0,45000.0,"POLYGON ((-85.60173365150239 31.20753602418676, -82.82931890187129 30.060932075241826, -84.00667713570911 29.596569750314284, -86.23933479413192 29.907024684205624, -85.60173365150239 31.20753602418676))"
11E,2019-06-19 18:55:00+00:00,2019-06-19 20:55:00+00:00,0.0,45000.0,"POLYGON ((-82.00747355202259 33.4024964429598, -79.48968410151325 33.07979535164336, -80.6947182537145 31.806399583874523, -81.97006747832259 31.347865617229136, -83.23335365495568 31.79263154739396, -82.00747355202259 33.4024964429598))"
19E,2019-06-19 18:55:00+00:00,2019-06-19 20:55:00+00:00,0.0,39000.0,"POLYGON ((-79.12 41.524524177054424, -77.53517774883227 40.651992974182164, -80.55581748829395 39.26203785952223, -81.78349508244985 39.21085658541598, -79.12 41.524524177054424))"
18E,2019-06-19 18:55:00+00:00,2019-06-19 20:55:00+00:00,0.0,37000.0,"POLYGON ((-83.56510308794259 43.277277023835616, -84.54899861173848 42.08019465608167, -84.72500236403162 40.626141198285254, -85.94592050222876 40.33434299510032, -85.65891430936986 42.46911561052133, -83.56510308794259 43.277277023835616))"
20E,2019-06-19 18:55:00+00:00,2019-06-19 20:55:00+00:00,0.0,37000.0,"POLYGON ((-75.52537934428092 40.46225620729597, -74.27657136890768 39.937539667395335, -75.68 39.91452417705443, -76.98 39.5, -77.07 40.3, -75.52537934428092 40.46225620729597))"
21E,2019-06-19 18:55:00+00:00,2019-06-19 20:55:00+00:00,0.0,43000.0,"POLYGON ((-80.27804146967328 37.77700451246304, -80.71 37.09, -81.83841931164244 36.20436382266914, -82.8667559692422 37.025946366629825, -82.59334534801955 37.770826915389044, -80.27804146967328 37.77700451246304))"
90C,2019-06-19 18:55:00+00:00,2019-06-19 20:55:00+00:00,0.0,45000.0,"POLYGON ((-90.05625655583758 40.80613525440795, -87.4738623247609 40.43196283439998, -85.49419421757041 39.27197892304491, -87.17691497398418 37.73755984861174, -90.19653330471573 39.84496021737435, -90.05625655583758 40.80613525440795))"
91C,2019-06-19 18:55:00+00:00,2019-06-19 20:55:00+00:00,0.0,45000.0,"POLYGON ((-88.66356709369279 38.63240449095374, -87.17691497398418 37.73755984861174, -88.43939985241126 36.722635914783176, -90.57010637933418 35.98206671673675, -91.26772359628241 36.72440131848143, -88.66356709369279 38.63240449095374))"
24W,2019-06-19 18:55:00+00:00,2019-06-19 20:55:00+00:00,0.0,37000.0,"POLYGON ((-106.91928008019083 48.68075419980448, -107.19323094999478 47.2963773494343, -109.06583477487226 48.067275748489834, -109.07093344064926 48.728889718377815, -106.91928008019083 48.68075419980448))"
26E,2019-06-19 19:55:00+00:00,2019-06-19 21:55:00+00:00,,,"POLYGON ((-84.12301845057306 30.56288398571225, -84.02151776704137 30.35888465875626, -84.10886011971634 30.41431464172725, -86.45499906593764 30.46565554032345, -86.53328208924795 30.43056025504895, -86.75609523259008 30.16923451204862, -84.20057805383176 30.26979249470944, -84.30207873736344 30.47379182166543, -86.4593746473781 30.26570341033465, -84.1132357011568 30.21436251173845, -86.60390476740993 30.03947295260881, -86.38109162406779 30.30079869560915, -84.12301845057306 30.56288398571225))"
27E,2019-06-19 19:55:00+00:00,2019-06-19 21:55:00+00:00,,,"POLYGON ((-84.30577922291431 30.54965953445295, -84.68977109841622 30.62576635491848, -84.69740868256706 30.62697532953137, -86.5763409146372 30.85032855682523, -84.72865453633001 30.42958256798387, -84.3446626608281 30.35347574751833, -86.59994918424931 30.65172682066484, -84.72101695217917 30.42837359337098, -84.30577922291431 30.54965953445295))"
28E,2019-06-19 19:55:00+00:00,2019-06-19 21:55:00+00:00,,,"POLYGON ((-85.27349462221953 32.84816091543486, -86.25760498264611 32.03934332494474, -86.28280952463437 32.0082662388873, -86.8185051227944 30.97930898101974, -86.13061573820704 31.8848320574048, -85.14650537778046 32.69364964789493, -86.64110679437881 30.88695188559468, -86.10541119621878 31.91590914346224, -85.27349462221953 32.84816091543486))"
01C,2019-06-19 19:55:00+00:00,2019-06-19 21:55:00+00:00,,,"POLYGON ((-106.2595318991246 48.55536999159924, -104.0982871349292 48.14691842657768, -104.0918686225488 47.87064897173827, -106.2862855266355 48.357167460296, -104.0116909259088 48.05013981394887, -103.8919225769971 47.87529427778389, -103.8983410893775 48.15156373262329, -103.9849372983979 48.24834234525211, -106.2595318991246 48.55536999159924))"
30E,2019-06-19 19:55:00+00:00,2019-06-19 21:55:00+00:00,0.0,41000.0,"POLYGON ((-84.77457677290917 42.56640603327323, -83.86503927528277 40.23454327311191, -85.99003648281649 40.25390534240683, -85.96062955241361 42.20277051521556, -84.77457677290917 42.56640603327323))"
32E,2019-06-19 19:55:00+00:00,2019-06-19 21:55:00+00:00,0.0,32000.0,"POLYGON ((-75.60701014974255 40.71354318747234, -74.21263342990494 40.22049621920638, -74.69540629062833 39.61524300639341, -76.7142520549109 39.70415215339749, -75.60701014974255 40.71354318747234))"
33E,2019-06-19 19:55:00+00:00,2019-06-19 21:55:00+00:00,0.0,43000.0,"POLYGON ((-78.54202070422784 39.7853769324327, -77.87 39.21828375768358, -81.46778338062747 36.216869688767304, -82.13 37.16285469710447, -78.54202070422784 39.7853769324327))"
97C,2019-06-19 19:55:00+00:00,2019-06-19 21:55:00+00:00,0.0,45000.0,"POLYGON ((-100.17654456349443 39.57063665340629, -99.99654768985503 39.483452219703686, -100.71026114659105 38.00995304753422, -100.89025802023045 38.09713748123682, -100.17654456349443 39.57063665340629))"
99C,2019-06-19 19:55:00+00:00,2019-06-19 21:55:00+00:00,0.0,35000.0,"POLYGON ((-100.49523330031487 44.72319280075015, -100.29449239523646 44.01638913271389, -100.48688344403084 43.9617477167019, -100.68762434910924 44.66855138473816, -100.49523330031487 44.72319280075015))"
96C,2019-06-19 19:55:00+00:00,2019-06-19 21:55:00+00:00,0.0,42000.0,"POLYGON ((-85.8233745175179 33.55963653410021, -86.07778508950157 32.42422333324176, -87.97056399146943 31.53081580977956, -88.32465696129786 32.5450832182183, -85.8233745175179 33.55963653410021))"
98C,2019-06-19 19:55:00+00:00,2019-06-19 21:55:00+00:00,0.0,35000.0,"POLYGON ((-104.52429265445802 41.22756783676803, -103.63727152536688 40.397816998453074, -103.77389916447225 40.25175917349154, -104.6609202935634 41.0815100118065, -104.52429265445802 41.22756783676803))"
24E,2019-06-19 19:55:00+00:00,2019-06-19 21:55:00+00:00,0.0,42000.0,"POLYGON ((-81.73747568140827 33.356358165210715, -79.12149286945662 33.204978559820304, -81.11 31.660893132790825, -82.87118500656702 31.66682583117576, -81.73747568140827 33.356358165210715))"
23E,2019-06-19 19:55:00+00:00,2019-06-19 21:55:00+00:00,0.0,45000.0,"POLYGON ((-80.04 31.891786265581654, -80.15614644654264 29.29661144503285, -81.42178211179476 27.298075897506365, -83.37738481893581 28.162910261171707, -83.75888529016513 29.852783030599475, -80.04 31.891786265581654))"
34E,2019-06-19 19:55:00+00:00,2019-06-19 21:55:00+00:00,0.0,45000.0,"POLYGON ((-78.15879170989544 37.497034629905386, -77.23991463364426 37.346268071597756, -75.86662587751185 35.64477060827414, -78.40125493427084 35.74207197620829, -78.15879170989544 37.497034629905386))"
25E,2019-06-19 19:55:00+00:00,2019-06-19 21:55:00+00:00,0.0,45000.0,"POLYGON ((-81.78 27.361844778681967, -79.87536829183776 27.14095313134864, -80.09 26.180893132790825, -80.96142517153505 25.54374708596181, -81.78 27.361844778681967))"
29E,2019-06-19 19:55:00+00:00,2019-06-19 21:55:00+00:00,0.0,40000.0,"POLYGON ((-82.59 39.98363104426361, -82.19257331250822 38.44247743264996, -84.11 37.03, -83.51940418336804 38.63203459211609, -83.42735791862262 39.81781594755168, -82.59 39.98363104426361))"
31E,2019-06-19 19:55:00+00:00,2019-06-19 21:55:00+00:00,0.0,39000.0,"POLYGON ((-78.49953087521567 41.99732532733305, -77.58238852335724 41.046616438994214, -78.58118409732292 39.8586178798344, -81.2695066318238 39.33574929142058, -80.21 41.162737911472796, -78.49953087521567 41.99732532733305))"
95C,2019-06-19 19:55:00+00:00,2019-06-19 21:55:00+00:00,0.0,45000.0,"POLYGON ((-87.07 40.72636895573639, -84.04 39.79089313279081, -89.32 35.520893132790825, -90.63227640371761 36.72440131848143, -87.07 40.72636895573639))"
94C,2019-06-19 19:55:00+00:00,2019-06-19 21:55:00+00:00,0.0,40000.0,"POLYGON ((-89.27860689999662 40.92429862348409, -88.26199880883401 39.547463740248915, -88.61325680064061 39.27862330318855, -89.5090616025002 39.73819268457652, -89.9251264434277 40.544692326261334, -89.27860689999662 40.92429862348409))"
26W,2019-06-19 19:55:00+00:00,2019-06-19 21:55:00+00:00,0.0,32000.0,"POLYGON ((-113.0572734639186 48.884528047598145, -113.71755745390111 48.33640771034812, -116.08000000000001 48.50178626558164, -115.18507095421619 48.90831403297559, -113.0572734639186 48.884528047598145))"
25W,2019-06-19 19:55:00+00:00,2019-06-19 21:55:00+00:00,0.0,37000.0,"POLYGON ((-109.77000000000001 49.03910686720917, -107.11508755524589 48.98751545986747, -106.91411518443324 47.758533089427594, -109.6741318356379 48.386255241480654, -109.77000000000001 49.03910686720917))"
ALFA 8,2019-06-19 20:30:00+00:00,2019-06-20 00:30:00+00:00,0.0,45000.0,"POLYGON ((-75.45 33.3, -71 30.3, -71.15 26, -76.45 29, -75.45 33.3))"
41E,2019-06-19 20:55:00+00:00,2019-06-19 22:55:00+00:00,0.0,39000.0,"POLYGON ((-76.29357344450472 42.05588583704552, -76.28540961196441 39.719236515655346, -80.65736888424708 38.908674988510526, -81.19755626674186 40.019387384640225, -78.97128681372762 41.922771462531735, -76.29357344450472 42.05588583704552))"
40E,2019-06-19 20:55:00+00:00,2019-06-19 22:55:00+00:00,0.0,45000.0,"POLYGON ((-86.04444113734216 29.492786588926627, -85.23143167472055 28.527115250287924, -86.68 28.516864969265686, -87.47578554970765 28.857076078450106, -86.04444113734216 29.492786588926627))"
36E,2019-06-19 20:55:00+00:00,2019-06-19 22:55:00+00:00,0.0,42000.0,"POLYGON ((-81.4179972117085 33.55277144911317, -80.17217010993525 33.15706279409366, -80.76845396856437 32.15954127585023, -82.51 31.54, -81.4179972117085 33.55277144911317))"
37E,2019-06-19 20:55:00+00:00,2019-06-19 22:55:00+00:00,0.0,45000.0,"POLYGON ((-81.79589826915044 27.674595746800907, -80.30325783994633 27.27917651678932, -79.90489555304684 26.27918178134278, -80.92230491173005 25.79858926089646, -81.79589826915044 27.674595746800907))"
38E,2019-06-19 20:55:00+00:00,2019-06-19 22:55:00+00:00,0.0,45000.0,"POLYGON ((-85.21 32.32714530289553, -83.40379001983453 29.906212118931226, -83.66310599157065 29.377291657294414, -84.98289025291108 29.062812932147345, -85.7191941651467 31.70744244644544, -85.21 32.32714530289553))"
43E,2019-06-19 20:55:00+00:00,2019-06-19 22:55:00+00:00,0.0,45000.0,"POLYGON ((-82.10107295848684 38.883544633141106, -83.75293884247482 36.16705449293148, -84.11 37.60828375768357, -82.10107295848684 38.883544633141106))"
44E,2019-06-19 20:55:00+00:00,2019-06-19 22:55:00+00:00,0.0,45000.0,"POLYGON ((-85.90864482005092 41.641932219960715, -82.43635850595072 40.03225776313582, -86.76118568404817 37.54438857382035, -88.36043152924202 38.399041526900064, -85.90864482005092 41.641932219960715))"
42E,2019-06-19 20:55:00+00:00,2019-06-19 22:55:00+00:00,0.0,45000.0,"POLYGON ((-79.45859512704347 38.90824531068147, -75.99198438470724 36.88981871168704, -75.31245261101861 35.551013427818205, -82.68316868290074 35.28234213405372, -79.45859512704347 38.90824531068147))"
35E,2019-06-19 20:55:00+00:00,2019-06-19 22:55:00+00:00,0.0,45000.0,"POLYGON ((-79.66414237158375 32.120912566492294, -79.58388697946158 29.291325761486394, -80.49 28.17910686720918, -83.54712498957396 27.588954191126884, -83.05 29.932737911472792, -79.66414237158375 32.120912566492294))"
39E,2019-06-19 20:55:00+00:00,2019-06-19 22:55:00+00:00,0.0,45000.0,"POLYGON ((-85.63274716054416 33.40220954538821, -85.3501628122811 32.932280991152325, -87.40551463045553 31.833358741004904, -87.41467402561494 32.597286165297675, -85.63274716054416 33.40220954538821))"
28W,2019-06-19 20:55:00+00:00,2019-06-19 22:55:00+00:00,0.0,30000.0,"POLYGON ((-115.18507095421619 48.90831403297559, -111.17334512297393 48.91351919821275, -113.16722954439659 47.42709887887993, -116.72335266078437 47.30174839974873, -115.18507095421619 48.90831403297559))"
27W,2019-06-19 20:55:00+00:00,2019-06-19 22:55:00+00:00,0.0,33000.0,"POLYGON ((-109.81330738628067 45.803788719491365, -108.25862328174833 45.19460664844538, -108.92517546607021 44.53425061977762, -112.55 44.75089313279083, -109.81330738628067 45.803788719491365))"
WHISKEY 1,2019-06-19 21:42:00+00:00,2019-06-20 01:40:00+00:00,0.0,46000.0,"POLYGON ((-163.3 30, -159.5 30, -164.5 28.1, -163.3 30))"
46E,2019-06-19 21:55:00+00:00,2019-06-19 23:55:00+00:00,0.0,42000.0,"POLYGON ((-81.05 33.5708581211582, -80.04 33.1791418788418, -81.11 32.16, -81.05 33.5708581211582))"
51E,2019-06-19 21:55:00+00:00,2019-06-19 23:55:00+00:00,0.0,39000.0,"POLYGON ((-85.59813203303716 41.28596348946545, -81.5750989753684 40.017549587160815, -86.5789089362716 37.19705150629101, -87.64564777320861 39.18264680100069, -85.59813203303716 41.28596348946545))"
09C,2019-06-19 21:55:00+00:00,2019-06-19 23:55:00+00:00,0.0,45000.0,"POLYGON ((-100.43272727272728 44.2290144544646, -99.88727272727274 44.2290144544646, -99.88727272727274 43.68355990901005, -100.43272727272728 43.68355990901005, -100.43272727272728 44.2290144544646))"
12C,2019-06-19 21:55:00+00:00,2019-06-19 23:55:00+00:00,0.0,45000.0,"POLYGON ((-99.87609156117847 38.59163125214122, -99.44723703837204 37.91303801465437, -100.21451528224486 37.50996463090196, -100.6599951472756 37.78641311762497, -99.87609156117847 38.59163125214122))"
15C,2019-06-19 21:55:00+00:00,2019-06-19 23:55:00+00:00,0.0,45000.0,"POLYGON ((-101.26947465948918 33.477046635069804, -99.59920679219245 31.945466333241697, -100.51488898767602 31.503549802716776, -102.19 32.29914187884179, -101.26947465948918 33.477046635069804))"
49E,2019-06-19 21:55:00+00:00,2019-06-19 23:55:00+00:00,0.0,45000.0,"POLYGON ((-78.65433459047547 38.382710601601474, -74.7358270502701 36.2513194284173, -76.18 34.92904835410885, -80.90252574870377 37.026177696726464, -78.65433459047547 38.382710601601474))"
48E,2019-06-19 21:55:00+00:00,2019-06-19 23:55:00+00:00,0.0,45000.0,"POLYGON ((-75.66637639304815 42.67430176478108, -74.23006457462049 39.7561616974186, -79.50900572622203 38.71750841571271, -80.34706880256842 39.370855101234575, -79.59368447596054 41.836100608636, -75.66637639304815 42.67430176478108))"
50E,2019-06-19 21:55:00+00:00,2019-06-19 23:55:00+00:00,0.0,45000.0,"POLYGON ((-82.03 38.916368955736395, -81.60335283717043 38.749224575848025, -84.45787342811069 35.70766220376371, -84.84114987287845 36.43954698374954, -82.03 38.916368955736395))"
45E,2019-06-19 21:55:00+00:00,2019-06-19 23:55:00+00:00,0.0,45000.0,"POLYGON ((-79.07573000332502 30.888122664194505, -79.72563644247822 25.798949119323996, -83.58517661441802 27.014182684276577, -82.28465204482438 29.597804612880022, -79.07573000332502 30.888122664194505))"
47E,2019-06-19 21:55:00+00:00,2019-06-19 23:55:00+00:00,0.0,45000.0,"POLYGON ((-85.67060163409563 33.97138494458704, -83.65000000000002 33.355475822945564, -83.05 29.6, -84.71621490712701 29.630964751439436, -85.9621051396941 31.08268770101597, -85.67060163409563 33.97138494458704))"
11C,2019-06-19 21:55:00+00:00,2019-06-19 23:55:00+00:00,0.0,42000.0,"POLYGON ((-95.06832228897655 34.25971971085531, -95.59278718736687 33.123042573428044, -96.67346876065524 32.99679901624816, -97.17 33.544524177054434, -95.06832228897655 34.25971971085531))"
13C,2019-06-19 21:55:00+00:00,2019-06-19 23:55:00+00:00,0.0,38000.0,"POLYGON ((-105.00931270217735 43.464997115452604, -103.01262793713832 40.46728954722068, -105.85992921743225 42.96189748252183, -105.00931270217735 43.464997115452604))"
10C,2019-06-19 21:55:00+00:00,2019-06-19 23:55:00+00:00,0.0,45000.0,"POLYGON ((-87.67911357750936 38.08367721669331, -87.3146978435559 37.576237342404134, -87.80212753000067 35.32442246262075, -90.05272453233218 36.60598089917474, -87.67911357750936 38.08367721669331))"
14C,2019-06-19 21:55:00+00:00,2019-06-19 23:55:00+00:00,0.0,40000.0,"POLYGON ((-104.83437493373955 48.96674080204988, -104.27888572807755 47.67730498067719, -106.63 47.388155221318044, -109.0526208259624 49.008349436087784, -104.83437493373955 48.96674080204988))"
29W,2019-06-19 21:55:00+00:00,2019-06-19 23:55:00+00:00,0.0,33000.0,"POLYGON ((-109.81330738628067 45.803788719491365, -107.42669261371935 45.803788719491365, -105.79691568103354 44.18920025126826, -112.47801925507957 44.55080292822353, -109.81330738628067 45.803788719491365))"
31W,2019-06-19 22:55:00+00:00,2019-06-20 00:55:00+00:00,0.0,40000.0,"POLYGON ((-109.73267743527491 49.01676644903909, -109.18722288982038 49.01676644903909, -109.18722288982038 48.47131190358454, -109.73267743527491 48.47131190358454, -109.73267743527491 49.01676644903909))"
30W,2019-06-19 22:55:00+00:00,2019-06-20 00:55:00+00:00,0.0,33000.0,"POLYGON ((-108.62000000000002 46.142737911472786, -104.9413946890793 45.049085742822754, -107.29102227455269 43.74216648626168, -110.89602956056595 45.23806238880657, -108.62000000000002 46.142737911472786))"
57E,2019-06-19 23:00:00+00:00,2019-06-20 00:55:00+00:00,0.0,45000.0,"POLYGON ((-82.24163480116286 38.34911029573934, -82.62914867724439 36.604936622346976, -84.01603707965833 35.797707032227066, -84.38570052677343 36.0649569720768, -82.24163480116286 38.34911029573934))"
53E,2019-06-19 23:00:00+00:00,2019-06-20 00:55:00+00:00,0.0,42000.0,"POLYGON ((-80.85105765832236 33.45914161561914, -79.84144292649307 33.29054166317103, -80.40396302885425 32.58279123593534, -80.85105765832236 33.45914161561914))"
58E,2019-06-19 23:00:00+00:00,2019-06-20 00:55:00+00:00,0.0,39000.0,"POLYGON ((-85.84939115795153 41.416114868550395, -81.6198237191062 39.76257876057506, -85.28004924023642 38.33490056036163, -87.05064991245514 39.55349651921816, -85.84939115795153 41.416114868550395))"
55E,2019-06-19 23:00:00+00:00,2019-06-20 00:55:00+00:00,0.0,45000.0,"POLYGON ((-75.66637639304815 42.67430176478108, -74.26346804373215 40.1272909906029, -78.61693891065627 38.04941308425337, -81.70060801783845 39.36435925198643, -77.97 42.34184477868197, -75.66637639304815 42.67430176478108))"
56E,2019-06-19 23:00:00+00:00,2019-06-20 00:55:00+00:00,0.0,45000.0,"POLYGON ((-76.99632355209592 38.11437954858441, -74.85328456059213 35.8069919907005, -76.37158947890458 34.850221536084156, -79.0712111820706 36.10493022076161, -79.98477151439766 37.83587867484488, -76.99632355209592 38.11437954858441))"
54E,2019-06-19 23:00:00+00:00,2019-06-20 00:55:00+00:00,0.0,45000.0,"POLYGON ((-82.8968996982793 33.453144051694, -84.35 30.899106867209174, -85.9621051396941 31.08268770101597, -82.8968996982793 33.453144051694))"
52E,2019-06-19 23:00:00+00:00,2019-06-20 00:55:00+00:00,0.0,45000.0,"POLYGON ((-83.59373561537444 30.069454276375353, -78.8209924521177 29.280485096039094, -80.28 25.13452417705443, -83.41314469046507 27.079012327272654, -83.59373561537444 30.069454276375353))"
18C,2019-06-19 23:15:00+00:00,2019-06-20 00:55:00+00:00,0.0,42000.0,"POLYGON ((-94.4718673770609 34.310749570399516, -94.41677914545014 33.509516924713786, -96.3514981567029 32.868114272403076, -96.97024754395446 33.80913949721411, -94.4718673770609 34.310749570399516))"
20C,2019-06-19 23:15:00+00:00,2019-06-20 00:55:00+00:00,0.0,45000.0,"POLYGON ((-100.950453882455 33.36433806124211, -99.59920679219245 31.945466333241697, -100.51488898767602 31.503549802716776, -101.86136640939377 32.677407531962324, -100.950453882455 33.36433806124211))"
22C,2019-06-19 23:15:00+00:00,2019-06-20 00:55:00+00:00,0.0,40000.0,"POLYGON ((-104.48381574206353 43.52788312403841, -102.44072215861605 40.689830059060625, -104.77 40.92085812115822, -104.48381574206353 43.52788312403841))"
16C,2019-06-19 23:15:00+00:00,2019-06-20 00:55:00+00:00,0.0,45000.0,"POLYGON ((-100.04997322359567 43.99425282585463, -99.50451867814114 43.99425282585463, -99.50451867814114 43.448798280400084, -100.04997322359567 43.448798280400084, -100.04997322359567 43.99425282585463))"
17C,2019-06-19 23:15:00+00:00,2019-06-20 00:55:00+00:00,0.0,45000.0,"POLYGON ((-85.74960101051113 38.04455316847602, -87.30883486339403 35.62721705440935, -89.32 36.45371281826269, -87.76 37.93, -85.74960101051113 38.04455316847602))"
19C,2019-06-19 23:15:00+00:00,2019-06-20 00:55:00+00:00,0.0,45000.0,"POLYGON ((-98.94892829220127 38.187771245522406, -98.35489442444131 37.49279298401074, -99.88 37.17184477868197, -100.28475762918184 37.56623764438111, -98.94892829220127 38.187771245522406))"
21C,2019-06-19 23:15:00+00:00,2019-06-20 00:55:00+00:00,0.0,40000.0,"POLYGON ((-107.11508755524589 48.98751545986747, -104.06440741892322 48.917517965117064, -104.27888572807755 47.67730498067719, -106.63 47.388155221318044, -107.11508755524589 48.98751545986747))"
23C,2019-06-19 23:15:00+00:00,2019-06-20 00:55:00+00:00,0.0,40000.0,"POLYGON ((-91.53047426992647 40.310846241647965, -88.40337271959615 39.38618129629181, -93.00618568755917 38.55269463572637, -91.53047426992647 40.310846241647965))"
67E,2019-06-19 23:55:00+00:00,2019-06-20 01:55:00+00:00,,,"POLYGON ((-86.63712615901582 32.425717848155, -88.48319287476014 32.00372877855402, -88.68324500970131 32.02252583415666, -86.61315897079248 32.22715910649735, -88.46185440677769 32.00401087785728, -88.66453526195976 32.22164877442084, -88.46448312701858 32.2028517188182, -88.48582159500103 32.20256961951493, -86.63712615901582 32.425717848155))"
64E,2019-06-19 23:55:00+00:00,2019-06-20 01:55:00+00:00,0.0,45000.0,"POLYGON ((-82.21744426251115 37.774910701819906, -80.18633966663667 36.45052195441257, -80.78645420891182 35.245214997159074, -83.72499678925121 35.95521207903709, -82.21744426251115 37.774910701819906))"
66E,2019-06-19 23:55:00+00:00,2019-06-20 01:55:00+00:00,0.0,41000.0,"POLYGON ((-78.49952921046187 42.662768940527485, -75.32 42.49371281826268, -75.68042774094923 42.170086536176726, -78.53463998059026 42.18851208758495, -78.49952921046187 42.662768940527485))"
65E,2019-06-19 23:55:00+00:00,2019-06-20 01:55:00+00:00,0.0,45000.0,"POLYGON ((-86.46774464568983 41.50277286803265, -79.23041746206576 40.01262677438189, -83.91730591272588 38.4040114333759, -85.31945983602088 38.30416691567594, -86.46774464568983 41.50277286803265))"
28C,2019-06-19 23:55:00+00:00,2019-06-20 01:55:00+00:00,0.0,40000.0,"POLYGON ((-104.51044314777454 48.75964089581167, -104.18804080995983 47.73947885523415, -106.35595955301265 47.04711858885771, -107.05068534822499 48.88707073618649, -104.51044314777454 48.75964089581167))"
31C,2019-06-19 23:55:00+00:00,2019-06-20 01:55:00+00:00,0.0,41000.0,"POLYGON ((-99.7921200106237 43.41902615249595, -99.42848364698733 43.41902615249595, -99.42848364698733 43.05538978885959, -99.7921200106237 43.05538978885959, -99.7921200106237 43.41902615249595))"
33W,2019-06-19 23:55:00+00:00,2019-06-20 01:55:00+00:00,0.0,40000.0,"POLYGON ((-108.6198599910474 49.19128399701789, -108.07440544559287 49.19128399701789, -108.07440544559287 48.645829451563344, -108.6198599910474 48.645829451563344, -108.6198599910474 49.19128399701789))"
32W,2019-06-19 23:55:00+00:00,2019-06-20 01:55:00+00:00,0.0,33000.0,"POLYGON ((-106.99774823690899 46.375215317424164, -104.0165856925349 44.691205891992496, -106.28 43.37914187884179, -109.95196889276751 45.41495027751952, -106.99774823690899 46.375215317424164))"
61E,2019-06-19 23:55:00+00:00,2019-06-20 01:55:00+00:00,0.0,45000.0,"POLYGON ((-76.10402969642657 41.347754100607055, -73.9681285119776 40.17200868137641, -78.0486951032741 36.45599314107421, -78.8359418763432 38.01784094918022, -76.10402969642657 41.347754100607055))"
60E,2019-06-19 23:55:00+00:00,2019-06-20 01:55:00+00:00,0.0,45000.0,"POLYGON ((-86.13844451948357 32.156203592473645, -83.41480669351985 31.855149422615753, -85.71128912687138 30.826396151860205, -86.13844451948357 32.156203592473645))"
59E,2019-06-19 23:55:00+00:00,2019-06-20 01:55:00+00:00,0.0,45000.0,"POLYGON ((-83.05 30.09910686720918, -78.60134126328494 29.314129281741756, -79.87536829183776 27.14095313134864, -82.55 27.4, -83.05 30.09910686720918))"
62E,2019-06-19 23:55:00+00:00,2019-06-20 01:55:00+00:00,0.0,45000.0,"POLYGON ((-75.81627813641721 36.76204939932964, -74.3232960069668 36.24565132680632, -78.47452666690162 34.348514324449496, -75.81627813641721 36.76204939932964))"
63E,2019-06-19 23:55:00+00:00,2019-06-20 01:55:00+00:00,0.0,45000.0,"POLYGON ((-85.50277226850683 41.21485942536112, -78.58118409732292 39.8586178798344, -83.80045586891734 38.31068550399571, -85.28004924023642 38.33490056036163, -85.50277226850683 41.21485942536112))"
26C,2019-06-19 23:55:00+00:00,2019-06-20 01:55:00+00:00,0.0,45000.0,"POLYGON ((-98.6320054529707 37.74532469243881, -98.17137408199555 37.277956061486584, -99.6414677504175 36.80087816215248, -100.137284693287 37.447946985839714, -98.6320054529707 37.74532469243881))"
24C,2019-06-19 23:55:00+00:00,2019-06-20 01:55:00+00:00,0.0,45000.0,"POLYGON ((-87.43439737751142 38.54437264639376, -85.38450895912824 38.16350476894936, -86.99290485450508 35.52477240044752, -88.90861140910768 36.01929752869163, -87.43439737751142 38.54437264639376))"
27C,2019-06-19 23:55:00+00:00,2019-06-20 01:55:00+00:00,0.0,45000.0,"POLYGON ((-100.08758671936191 32.94091005379595, -99.16724166426272 31.889897624369862, -99.67060623126986 31.36764383058726, -100.95787089743938 32.85723857488899, -100.08758671936191 32.94091005379595))"
30C,2019-06-19 23:55:00+00:00,2019-06-20 01:55:00+00:00,0.0,40000.0,"POLYGON ((-91.12650405843907 39.967539559786225, -87.64906445212311 39.61665186346282, -89.05891349102839 38.04622367236579, -91.97328415287078 39.27085602964243, -91.12650405843907 39.967539559786225))"
25C,2019-06-19 23:55:00+00:00,2019-06-20 01:55:00+00:00,0.0,42000.0,"POLYGON ((-94.27 34.55815522131803, -93.64498906292086 33.86219695738831, -95.84712949601693 32.79724958196069, -96.94029218853008 33.748670967763836, -94.27 34.55815522131803))"
29C,2019-06-19 23:55:00+00:00,2019-06-20 01:55:00+00:00,0.0,40000.0,"POLYGON ((-103.65879757159558 43.50759271241975, -103.43163299352435 40.620843265775434, -104.60153149546926 40.902467173908576, -103.65879757159558 43.50759271241975))"
1E,2019-06-20 00:55:00+00:00,2019-06-20 02:55:00+00:00,0.0,35000.0,"POLYGON ((-75.65217590204868 42.99271629288661, -76.2 42.581716242316425, -78.39639961294988 42.40903067104246, -78.49952921046187 42.662768940527485, -75.65217590204868 42.99271629288661))"
2E,2019-06-20 00:55:00+00:00,2019-06-20 02:55:00+00:00,0.0,45000.0,"POLYGON ((-73.90703950325484 39.984802319423274, -76.67128027209975 38.00936711614243, -77.3033221269754 39.06415897446235, -76.98 39.64457093942089, -73.90703950325484 39.984802319423274))"
7E,2019-06-20 00:55:00+00:00,2019-06-20 02:55:00+00:00,0.0,45000.0,"POLYGON ((-84.89902828814837 38.31933736247136, -86.68 35.85085812115821, -88.66130169463467 35.79689759183511, -86.91013761408279 38.20357368423071, -84.89902828814837 38.31933736247136))"
7C,2019-06-20 00:55:00+00:00,2019-06-20 02:55:00+00:00,0.0,45000.0,"POLYGON ((-99.86 32.624570939420884, -98.2148777297038 31.988470197374934, -99.4340979726229 31.365996874196135, -100.45 31.948283757683583, -99.86 32.624570939420884))"
8C,2019-06-20 00:55:00+00:00,2019-06-20 02:55:00+00:00,0.0,39000.0,"POLYGON ((-90.49498429035899 36.80127275115197, -90.13134792672261 36.80127275115197, -90.13134792672261 36.43763638751561, -90.49498429035899 36.43763638751561, -90.49498429035899 36.80127275115197))"
3C,2019-06-20 00:55:00+00:00,2019-06-20 02:55:00+00:00,0.0,45000.0,"POLYGON ((-99.53336593805243 43.370497401971235, -99.0690766478781 43.137210162919644, -99.37733243864655 41.95680119797527, -99.99 42.13628718173732, -99.53336593805243 43.370497401971235))"
1C,2019-06-20 00:55:00+00:00,2019-06-20 02:55:00+00:00,0.0,42000.0,"POLYGON ((-104.51044314777454 48.75964089581167, -104.18804080995983 47.73947885523415, -105.95 46.95828375768358, -107.03180093531327 48.32995092481657, -106.63 48.79828375768358, -104.51044314777454 48.75964089581167))"
1W,2019-06-20 00:55:00+00:00,2019-06-20 02:55:00+00:00,0.0,33000.0,"POLYGON ((-107.62690390372869 47.93904922522799, -109.99287576266285 47.37579236907978, -111.49160620516926 47.31640486362323, -111.41000000000001 47.739141878841785, -107.62690390372869 47.93904922522799))"
4E,2019-06-20 00:55:00+00:00,2019-06-20 02:55:00+00:00,0.0,44000.0,"POLYGON ((-83.70305770929122 40.904333222805995, -78.21709029118328 39.84781423183663, -79.50900572622203 38.71750841571271, -84.29465019794937 38.250770592740245, -83.70305770929122 40.904333222805995))"
5E,2019-06-20 00:55:00+00:00,2019-06-20 02:55:00+00:00,0.0,45000.0,"POLYGON ((-82.82931890187129 30.060932075241826, -81.38042069572057 29.535008850182635, -83.93108579249736 29.278757565572914, -82.82931890187129 30.060932075241826))"
3E,2019-06-20 00:55:00+00:00,2019-06-20 02:55:00+00:00,0.0,45000.0,"POLYGON ((-76.75325742104847 36.44963352035374, -73.70463030094238 36.2344941975834, -75.63474990650363 35.18282238171873, -76.75325742104847 36.44963352035374))"
6E,2019-06-20 00:55:00+00:00,2019-06-20 02:55:00+00:00,0.0,45000.0,"POLYGON ((-80.84082276137545 29.064448955009638, -78.73820847810669 29.198283840659172, -80.01865056338502 26.833687042070114, -82.37677319787986 27.463559637411908, -80.84082276137545 29.064448955009638))"
4C,2019-06-20 00:55:00+00:00,2019-06-20 02:55:00+00:00,0.0,45000.0,"POLYGON ((-87.89961099187244 40.780704950474195, -88.51175364967199 38.515820689814504, -92.22 38.310893132790824, -90.86063797953666 40.61777387118018, -87.89961099187244 40.780704950474195))"
5C,2019-06-20 00:55:00+00:00,2019-06-20 02:55:00+00:00,0.0,45000.0,"POLYGON ((-98.93254176232153 37.296584825392486, -98.23872239305238 36.96439761682897, -99.72129530754049 36.64730499047254, -100.00316620292863 37.35441774730114, -98.93254176232153 37.296584825392486))"
2C,2019-06-20 00:55:00+00:00,2019-06-20 02:55:00+00:00,0.0,39000.0,"POLYGON ((-107.15570205206484 46.373663817632284, -105.4417103879288 46.02594709414887, -104.51639071280185 44.41581846753475, -105.7939303054528 43.44189692972724, -107.8557677221012 44.227671508480384, -107.15570205206484 46.373663817632284))"
6C,2019-06-20 00:55:00+00:00,2019-06-20 02:55:00+00:00,0.0,45000.0,"POLYGON ((-93.83897199837985 35.03631157153431, -92.18 34.014524177054426, -95.14417166992766 32.41938638276148, -96.86427277160114 33.59480051591332, -93.83897199837985 35.03631157153431))"
WHISKEY 2,2019-06-20 01:11:00+00:00,2019-06-20 05:15:00+00:00,0.0,46000.0,"POLYGON ((-163.1 30, -160.5 29.1, -165.4 29.2, -163.1 30))"
13E,2019-06-20 01:55:00+00:00,2019-06-20 03:55:00+00:00,0.0,45000.0,"POLYGON ((-80.64297060788866 28.890279514401623, -79.16807427215633 27.494834512382983, -80.73262609557923 25.390392131449328, -81.8986500779675 27.398487322152523, -80.64297060788866 28.890279514401623))"
15E,2019-06-20 01:55:00+00:00,2019-06-20 03:55:00+00:00,0.0,25000.0,"POLYGON ((-68.3400279890701 46.90879349532489, -68.23038706214139 46.741524648428005, -69.61712539192698 45.8325491954019, -69.72676631885568 45.99981804229879, -68.3400279890701 46.90879349532489))"
12E,2019-06-20 01:55:00+00:00,2019-06-20 03:55:00+00:00,0.0,45000.0,"POLYGON ((-82.85834930308643 30.000560721170046, -81.72396817314421 29.519895535863327, -83.81596143004158 29.321176808398157, -82.85834930308643 30.000560721170046))"
9E,2019-06-20 01:55:00+00:00,2019-06-20 03:55:00+00:00,0.0,45000.0,"POLYGON ((-77.07 40.73371281826268, -73.86532140814101 39.818631368230605, -76.89736429483256 39.12704568313888, -77.07 40.73371281826268))"
8E,2019-06-20 01:55:00+00:00,2019-06-20 03:55:00+00:00,0.0,35000.0,"POLYGON ((-76.12432026221857 43.026408895236806, -76.50075778146943 42.625339483243835, -78.23321780947609 42.6225604557792, -77.86021916304604 42.92728538586901, -76.12432026221857 43.026408895236806))"
12C,2019-06-20 01:55:00+00:00,2019-06-20 03:55:00+00:00,0.0,45000.0,"POLYGON ((-98.4303857694274 36.75782538864907, -98.25120025419297 36.23889296749306, -99.50076454555492 36.03271875128347, -99.75292412585453 36.44215986037248, -98.4303857694274 36.75782538864907))"
10C,2019-06-20 01:55:00+00:00,2019-06-20 03:55:00+00:00,0.0,40000.0,"POLYGON ((-99.80016480755437 42.08338316064431, -99.436528443918 42.08338316064431, -99.436528443918 41.71974679700795, -99.80016480755437 41.71974679700795, -99.80016480755437 42.08338316064431))"
14C,2019-06-20 01:55:00+00:00,2019-06-20 03:55:00+00:00,0.0,45000.0,"POLYGON ((-93.45361810890813 35.11062630832101, -91.91260930695888 34.14544297272229, -94.43315730468197 32.530253418970304, -97.04 33.30371281826267, -93.45361810890813 35.11062630832101))"
11E,2019-06-20 01:55:00+00:00,2019-06-20 03:55:00+00:00,0.0,44000.0,"POLYGON ((-83.01125947796619 40.91776579918592, -78.22692713976767 40.127431882640145, -78.05799192162736 39.49502247725446, -83.65225093394854 38.19180329451304, -83.01125947796619 40.91776579918592))"
10E,2019-06-20 01:55:00+00:00,2019-06-20 03:55:00+00:00,0.0,45000.0,"POLYGON ((-72.418413134897 37.29047722444652, -72.67399383088501 36.208824888541756, -75.71174695463243 35.336854287419605, -76.59264891464066 36.25929132334866, -72.418413134897 37.29047722444652))"
14E,2019-06-20 01:55:00+00:00,2019-06-20 03:55:00+00:00,0.0,45000.0,"POLYGON ((-84.09832757812153 38.54788724200906, -86.10078441041736 35.66804004464822, -87.95997185477532 35.631330221950975, -85.41750585484291 38.40729807859065, -84.09832757812153 38.54788724200906))"
11C,2019-06-20 01:55:00+00:00,2019-06-20 03:55:00+00:00,0.0,45000.0,"POLYGON ((-87.4277882744735 41.636107422246546, -88.20959791255359 38.28206844692847, -89.13232589209518 38.36771974474597, -88.63324890131827 41.31429282941782, -87.4277882744735 41.636107422246546))"
15C,2019-06-20 01:55:00+00:00,2019-06-20 03:55:00+00:00,0.0,45000.0,"POLYGON ((-97.76990830639855 32.61321286290881, -97.63066312875567 31.53215948732113, -99.44718584322432 31.3679931810245, -99.86 31.98089313279081, -97.76990830639855 32.61321286290881))"
9C,2019-06-20 01:55:00+00:00,2019-06-20 03:55:00+00:00,0.0,42000.0,"POLYGON ((-104.29182043393912 48.61837976798527, -104.27748918262753 42.475459389853405, -106.60321609900329 43.88224306948072, -107.54816990892698 47.96166472173876, -104.29182043393912 48.61837976798527))"
13C,2019-06-20 01:55:00+00:00,2019-06-20 03:55:00+00:00,0.0,40000.0,"POLYGON ((-89.99018484900898 37.208641955032, -89.5575434376016 36.480880923760125, -94.35825256352085 36.710878941177, -89.99018484900898 37.208641955032))"
18E,2019-06-20 02:55:00+00:00,2019-06-20 04:55:00+00:00,,,"POLYGON ((-74.93401957803377 36.25353861097712, -75.00323370379844 36.25423655883253, -75.83856042323397 35.98322448737191, -76.52612328539384 36.25950140521319, -74.93401957803377 36.25353861097712))"
20E,2019-06-20 02:55:00+00:00,2019-06-20 04:55:00+00:00,0.0,45000.0,"POLYGON ((-81.34 28.25085812115821, -77.98300971423333 27.43897335794685, -81.90396183245565 26.797078632470786, -81.34 28.25085812115821))"
16E,2019-06-20 02:55:00+00:00,2019-06-20 04:55:00+00:00,0.0,35000.0,"POLYGON ((-76.08565520873474 40.88597357588707, -74.57350707329923 39.55277916396904, -77.87 38.64, -78.30574776268857 40.15284047055568, -76.08565520873474 40.88597357588707))"
18C,2019-06-20 02:55:00+00:00,2019-06-20 04:55:00+00:00,0.0,45000.0,"POLYGON ((-99.43140248092433 36.00902316050527, -99.06776611728796 36.00902316050527, -99.06776611728796 35.64538679686891, -99.43140248092433 35.64538679686891, -99.43140248092433 36.00902316050527))"
19E,2019-06-20 02:55:00+00:00,2019-06-20 04:55:00+00:00,0.0,44000.0,"POLYGON ((-83.51940418336804 38.63203459211609, -85.30595572633567 35.26731019226064, -88.08589289352585 36.0136781257621, -84.37502744026494 38.40472781509485, -83.51940418336804 38.63203459211609))"
17E,2019-06-20 02:55:00+00:00,2019-06-20 04:55:00+00:00,0.0,45000.0,"POLYGON ((-82.18643587917137 40.804687861416646, -79.48460381331205 40.31815515228495, -80.52760716349427 38.90922012998599, -82.81553057263318 38.49270027934071, -82.18643587917137 40.804687861416646))"
20C,2019-06-20 02:55:00+00:00,2019-06-20 04:55:00+00:00,0.0,40000.0,"POLYGON ((-91.6726760212763 35.51962101892945, -89.71287437024975 33.92927312269615, -93.96091411508219 32.462499738357806, -96.88786665729897 33.177317743186066, -95.17182327856774 34.848486326228624, -91.6726760212763 35.51962101892945))"
16C,2019-06-20 02:55:00+00:00,2019-06-20 04:55:00+00:00,0.0,42000.0,"POLYGON ((-107.70418791252625 48.920891508920796, -104.4718356562692 48.73478262668724, -103.82543300212318 42.50430486279821, -107.64662626085632 43.928711616265204, -107.70418791252625 48.920891508920796))"
21C,2019-06-20 02:55:00+00:00,2019-06-20 04:55:00+00:00,0.0,45000.0,"POLYGON ((-97.31938822765731 32.6344080894434, -96.48818392904685 31.657616916745877, -98.744340660057 30.977576653494896, -99.48581379554406 31.710921348917907, -97.31938822765731 32.6344080894434))"
17C,2019-06-20 02:55:00+00:00,2019-06-20 04:55:00+00:00,0.0,45000.0,"POLYGON ((-87.4277882744735 41.636107422246546, -87.25 39.323631044263614, -88.51175364967199 38.515820689814504, -88.32 41.55, -87.4277882744735 41.636107422246546))"
19C,2019-06-20 02:55:00+00:00,2019-06-20 04:55:00+00:00,0.0,45000.0,"POLYGON ((-89.17912936635557 37.66533816250235, -89.00264790760632 36.63440270063658, -93.82736687513187 36.48492528861765, -89.17912936635557 37.66533816250235))"
ECHO 1,2019-06-20 03:45:00+00:00,2019-06-20 07:45:00+00:00,0.0,48000.0,"POLYGON ((-67.15 39, -66.45 37.3, -72.45 35.15, -72.45 37, -70.15 38.45, -67.15 39))"
23C,2019-06-20 03:55:00+00:00,2019-06-20 05:55:00+00:00,,,"POLYGON ((-87.68811055900154 41.83192508149739, -87.11643538266452 39.44720160195831, -87.45411429142132 39.33194154450533, -87.3638889926812 40.55962765245464, -87.68811055900154 41.83192508149739))"
22E,2019-06-20 03:55:00+00:00,2019-06-20 05:55:00+00:00,0.0,45000.0,"POLYGON ((-81.63001918244842 41.01909137011609, -78.4790624260175 40.43012005231071, -80.1 38.91, -82.16089240219524 38.6476998740394, -81.63001918244842 41.01909137011609))"
25E,2019-06-20 03:55:00+00:00,2019-06-20 05:55:00+00:00,0.0,41000.0,"POLYGON ((-78.82164282836543 28.278570567632865, -77.8314182852772 27.491973921122568, -79.16807427215633 27.494834512382983, -78.82164282836543 28.278570567632865))"
23E,2019-06-20 03:55:00+00:00,2019-06-20 05:55:00+00:00,0.0,45000.0,"POLYGON ((-73.22147632563413 36.487420487098504, -73.13303282091323 36.22135150332075, -74.20919623022476 35.57988379367663, -74.20805519838494 36.24381468141871, -73.22147632563413 36.487420487098504))"
21E,2019-06-20 03:55:00+00:00,2019-06-20 05:55:00+00:00,0.0,35000.0,"POLYGON ((-76.22170626204405 40.987647425567935, -74.35810761421138 39.68641166146285, -76.46194943117568 39.3328743887888, -78.29691243763959 39.909864210883164, -76.22170626204405 40.987647425567935))"
24E,2019-06-20 03:55:00+00:00,2019-06-20 05:55:00+00:00,0.0,44000.0,"POLYGON ((-83.91150595684472 38.76267480859985, -83.06804787767447 37.02544489105832, -85.52567732039249 35.086755193544505, -87.43883896411941 35.88293715542125, -83.91150595684472 38.76267480859985))"
26E,2019-06-20 03:55:00+00:00,2019-06-20 05:55:00+00:00,0.0,45000.0,"POLYGON ((-68.64439000461954 38.65853257062535, -68.41051098242116 38.19427215874538, -70.78573254774315 37.98920689375615, -71.01956956556548 38.453275082292286, -68.64439000461954 38.65853257062535))"
22C,2019-06-20 03:55:00+00:00,2019-06-20 05:55:00+00:00,0.0,42000.0,"POLYGON ((-107.11508755524589 48.98751545986747, -104.65268540330287 48.8509037935655, -102.74660911851159 43.51858137178915, -102.84319370598509 42.358811095969486, -107.1338238293174 43.997900764235816, -107.11508755524589 48.98751545986747))"
25C,2019-06-20 03:55:00+00:00,2019-06-20 05:55:00+00:00,0.0,45000.0,"POLYGON ((-94.06592391482866 35.38982840905717, -93.0206178942635 33.024403432418154, -97.80338880887362 30.614996689929352, -99.0297603520084 31.771427799675823, -94.06592391482866 35.38982840905717))"
24C,2019-06-20 03:55:00+00:00,2019-06-20 05:55:00+00:00,0.0,40000.0,"POLYGON ((-89.5547796079993 35.55865610270538, -90.50773560870421 32.99867694333922, -92.46020199650987 32.87222388479775, -92.64979561008604 35.601331230795736, -89.5547796079993 35.55865610270538))"
CHARLIE 1,2019-06-20 04:10:00+00:00,2019-06-20 08:10:00+00:00,0.0,50000.0,"POLYGON ((-120 14.45, -120 10.3, -123.45 11.15, -124.15 14.3, -120 14.45))"
FOXTROT 1,2019-06-20 04:20:00+00:00,2019-06-20 08:20:00+00:00,0.0,42000.0,"POLYGON ((-53.45 40.15, -53.45 38.3, -66.45 37.3, -67.3 40, -53.45 40.15))"
GOLF 1,2019-06-20 04:25:00+00:00,2019-06-20 08:25:00+00:00,0.0,45000.0,"POLYGON ((-75.15 30, -76 28, -78 26.3, -79 26.45, -76.15 29.45, -75.15 30))"
WHISKEY 3,2019-06-20 04:29:00+00:00,2019-06-20 08:30:00+00:00,0.0,46000.0,"POLYGON ((-162.1 30, -163.2 26.3, -164.1 26, -166 28.1, -165 30, -162.1 30))"
30E,2019-06-20 04:55:00+00:00,2019-06-20 06:55:00+00:00,0.0,44000.0,"POLYGON ((-83.14219414213609 38.744730389518956, -82.40699862146893 36.97394544582893, -84.62079792066316 34.95885230078638, -87.01031514185668 36.028896466630485, -84.65327581176757 37.02876167759472, -83.14219414213609 38.744730389518956))"
28E,2019-06-20 04:55:00+00:00,2019-06-20 06:55:00+00:00,0.0,45000.0,"POLYGON ((-81.49316033681696 41.5300990729449, -78.34411628315678 41.030108695864485, -79.92848446068302 38.85454957986091, -82.03 38.75, -81.49316033681696 41.5300990729449))"
27C,2019-06-20 04:55:00+00:00,2019-06-20 06:55:00+00:00,0.0,40000.0,"POLYGON ((-86.73317346065302 42.07594320006043, -85.75151233225276 39.309889956206746, -87.0361624413051 39.08910519521341, -87.91213892994416 41.24259618153052, -86.73317346065302 42.07594320006043))"
29E,2019-06-20 04:55:00+00:00,2019-06-20 06:55:00+00:00,0.0,45000.0,"POLYGON ((-75.32964868748161 34.56621388586957, -73.90021744915809 34.35593367745108, -76.05057862301025 32.80714986095124, -77.41230822478333 33.42691662199826, -75.32964868748161 34.56621388586957))"
27E,2019-06-20 04:55:00+00:00,2019-06-20 06:55:00+00:00,0.0,35000.0,"POLYGON ((-76.01843064247474 41.19432818612055, -73.56358983566378 39.81677790752794, -76.4462376273111 39.04949877690833, -77.7244100083399 40.298156457188675, -76.01843064247474 41.19432818612055))"
26C,2019-06-20 04:55:00+00:00,2019-06-20 06:55:00+00:00,0.0,45000.0,"POLYGON ((-106.14491244475408 48.98751545986747, -103.96634454761427 48.76417787211155, -101.46136540063348 43.006294387347445, -101.95521621783257 41.41380559352941, -106.27678390099669 43.88224306948072, -106.14491244475408 48.98751545986747))"
29C,2019-06-20 04:55:00+00:00,2019-06-20 06:55:00+00:00,0.0,45000.0,"POLYGON ((-94.08160688036092 35.32618708667899, -92.26768976982558 32.98090973809599, -97.25792428445975 30.144436908809244, -99.0297603520084 31.771427799675823, -94.08160688036092 35.32618708667899))"
28C,2019-06-20 04:55:00+00:00,2019-06-20 06:55:00+00:00,0.0,40000.0,"POLYGON ((-91.97961632213422 36.1055952070775, -87.81640095001096 35.752622829259515, -89.82051625721934 32.664972838062354, -91.67491006681706 32.64680614969554, -91.97961632213422 36.1055952070775))"
HOTEL 1,2019-06-20 05:25:00+00:00,2019-06-20 09:25:00+00:00,,,"POLYGON ((173.3 48.15, 163 45.45, 170.45 44.3, -180 41, 180 45.3, 173.3 48.15))"
34E,2019-06-20 05:55:00+00:00,2019-06-20 07:55:00+00:00,0.0,45000.0,"POLYGON ((-82.71717665030224 38.969291036867574, -82.13 36.729141878841794, -83.9515797057067 34.91956699875251, -87.06124613905929 36.44607805603683, -84.1791800920604 36.8964137740823, -82.71717665030224 38.969291036867574))"
33E,2019-06-20 05:55:00+00:00,2019-06-20 07:55:00+00:00,0.0,43000.0,"POLYGON ((-75.40549622175546 34.72043723247394, -73.90021744915809 34.35593367745108, -76.05057862301025 32.80714986095124, -77.26191260735983 33.11885193382826, -75.40549622175546 34.72043723247394))"
32E,2019-06-20 05:55:00+00:00,2019-06-20 07:55:00+00:00,0.0,39000.0,"POLYGON ((-80.29 41.85363104426361, -78.28305687676111 41.274293426860744, -79.30704907230884 39.16198947379283, -81.43715982005439 38.939504674348996, -80.29 41.85363104426361))"
35E,2019-06-20 05:55:00+00:00,2019-06-20 07:55:00+00:00,0.0,38000.0,"POLYGON ((-68.98338343657323 46.51184585504195, -67.83 46.04, -68.77997180582454 44.99366957123421, -70.60017165167577 45.16392595020491, -68.98338343657323 46.51184585504195))"
31E,2019-06-20 05:55:00+00:00,2019-06-20 07:55:00+00:00,0.0,45000.0,"POLYGON ((-76.01843064247474 41.19432818612055, -73.56358983566378 39.81677790752794, -76.18613821267503 39.242629047409665, -77.7244100083399 40.298156457188675, -76.01843064247474 41.19432818612055))"
33C,2019-06-20 05:55:00+00:00,2019-06-20 07:55:00+00:00,0.0,45000.0,"POLYGON ((-91.94643157143585 35.140892246369134, -91.30878765631445 32.77255260359794, -96.31012243276145 29.956519387931614, -96.6181247357163 33.2222144348305, -91.94643157143585 35.140892246369134))"
30C,2019-06-20 05:55:00+00:00,2019-06-20 07:55:00+00:00,0.0,45000.0,"POLYGON ((-106.14491244475408 48.98751545986747, -103.96634454761427 48.76417787211155, -100.63381843936277 43.038768635020475, -101.56841167568113 41.30177800390811, -104.6854883517249 43.078929754179086, -106.14491244475408 48.98751545986747))"
31C,2019-06-20 05:55:00+00:00,2019-06-20 07:55:00+00:00,0.0,33000.0,"POLYGON ((-86.47744353799001 41.652251795325874, -85.03067399219445 39.63435477280394, -86.28 39.22089313279082, -87.27153813506374 41.517716271355646, -86.47744353799001 41.652251795325874))"
32C,2019-06-20 05:55:00+00:00,2019-06-20 07:55:00+00:00,0.0,45000.0,"POLYGON ((-90.7595904186905 36.17351604886221, -87.43883896411941 35.88293715542125, -88.8 32.54636895573639, -90.64747051503262 32.6198164596576, -90.7595904186905 36.17351604886221))"
ALFA 1,2019-06-20 06:10:00+00:00,2019-06-20 10:10:00+00:00,0.0,50000.0,"POLYGON ((-131.45 14, -131 11.3, -137.45 11.3, -138.15 13.45, -131.45 14))"
ECHO 2,2019-06-20 06:30:00+00:00,2019-06-20 10:30:00+00:00,0.0,45000.0,"POLYGON ((-62.15 40.3, -61.45 37.45, -73 35.15, -72.45 37, -67 40.15, -62.15 40.3))"
FOXTROT 2,2019-06-20 06:30:00+00:00,2019-06-20 10:30:00+00:00,0.0,42000.0,"POLYGON ((-62.15 40.3, -51.45 39.45, -51.45 37.45, -61.45 37.45, -62.15 40.3))"
40E,2019-06-20 06:55:00+00:00,2019-06-20 08:55:00+00:00,0.0,42000.0,"POLYGON ((-81.8516481633115 37.77773802244043, -81.21122301997794 36.92296967148198, -83.94810393733025 34.47698341148857, -87.11029507915154 37.149418696164474, -83.60917081025775 36.86297196548393, -81.8516481633115 37.77773802244043))"
37E,2019-06-20 06:55:00+00:00,2019-06-20 08:55:00+00:00,0.0,32000.0,"POLYGON ((-80.09539977258619 42.019835657126166, -78.04372880146994 41.37641029729289, -78.83 39.59714530289553, -80.6867125496541 39.917696499640634, -80.09539977258619 42.019835657126166))"
38E,2019-06-20 06:55:00+00:00,2019-06-20 08:55:00+00:00,0.0,39000.0,"POLYGON ((-77.43353792653143 41.67473011674794, -73.23448116691 40.219850731982724, -75.49060188098262 39.31926573916965, -77.84415367653853 40.6527756575864, -77.43353792653143 41.67473011674794))"
36E,2019-06-20 06:55:00+00:00,2019-06-20 08:55:00+00:00,0.0,35000.0,"POLYGON ((-85.8738699088414 41.76913706561058, -84.50027586492577 39.93616369038091, -85.67236732982104 39.24784826494092, -87.49915108257476 39.95084966340835, -86.9364176364549 41.57734979323077, -85.8738699088414 41.76913706561058))"
39E,2019-06-20 06:55:00+00:00,2019-06-20 08:55:00+00:00,0.0,41000.0,"POLYGON ((-75.32964868748161 34.56621388586957, -73.7612320341291 34.23553982536499, -76.05057862301025 32.80714986095124, -77.26191260735983 33.11885193382826, -75.32964868748161 34.56621388586957))"
36C,2019-06-20 06:55:00+00:00,2019-06-20 08:55:00+00:00,0.0,45000.0,"POLYGON ((-91.24185628176748 34.994743677922806, -90.84100256953744 32.98817263217928, -95.12850908247381 30.420929395179435, -95.31037583012738 32.88932345993607, -91.24185628176748 34.994743677922806))"
35C,2019-06-20 06:55:00+00:00,2019-06-20 08:55:00+00:00,0.0,45000.0,"POLYGON ((-89.16194953571646 36.32730621299748, -86.75868251551151 35.98626937672903, -87.61805150855713 32.37448623374021, -89.70578462768202 32.42938614609215, -89.16194953571646 36.32730621299748))"
34C,2019-06-20 06:55:00+00:00,2019-06-20 08:55:00+00:00,0.0,45000.0,"POLYGON ((-102.59833246665305 46.74223086944058, -99.17116704274169 42.82191901484875, -100.75 40.550893132790826, -103.97938773307705 43.27002758203392, -102.59833246665305 46.74223086944058))"
CHARLIE 2,2019-06-20 07:05:00+00:00,2019-06-20 11:05:00+00:00,0.0,50000.0,"POLYGON ((-120 14.45, -120 10.3, -126.3 11, -125.3 14.3, -120 14.45))"
42E,2019-06-20 07:55:00+00:00,2019-06-20 09:55:00+00:00,0.0,39000.0,"POLYGON ((-77.43353792653143 41.67473011674794, -73.23448116691 40.219850731982724, -75.32998912190556 39.50771213473494, -77.07 40.589141878841794, -77.43353792653143 41.67473011674794))"
41E,2019-06-20 07:55:00+00:00,2019-06-20 09:55:00+00:00,0.0,35000.0,"POLYGON ((-85.54465970276843 41.76739356544209, -84.22953104523233 40.28984537403539, -85.05945956793157 39.68728172071553, -86.46774464568983 41.50277286803265, -85.54465970276843 41.76739356544209))"
42C,2019-06-20 07:55:00+00:00,2019-06-20 09:55:00+00:00,0.0,37000.0,"POLYGON ((-88.85072619741884 36.51994780763581, -88.77285805948732 36.33572904340404, -92.27605667332779 34.854948548531056, -92.3539248112593 35.03916731276283, -88.85072619741884 36.51994780763581))"
41C,2019-06-20 07:55:00+00:00,2019-06-20 09:55:00+00:00,0.0,45000.0,"POLYGON ((-97.96527731532252 32.318773761029945, -97.05618640623162 32.318773761029945, -97.05618640623162 31.40968285193904, -97.96527731532252 31.40968285193904, -97.96527731532252 32.318773761029945))"
38C,2019-06-20 07:55:00+00:00,2019-06-20 09:55:00+00:00,0.0,45000.0,"POLYGON ((-88.49141143312546 36.2937784972059, -86.61160915174763 36.00641441540462, -86.47797433184589 32.27522667902711, -89.27359992398888 32.21313976840256, -88.49141143312546 36.2937784972059))"
43E,2019-06-20 07:55:00+00:00,2019-06-20 09:55:00+00:00,0.0,41000.0,"POLYGON ((-75.32964868748161 34.56621388586957, -73.7612320341291 34.23553982536499, -76.81696033297256 32.19359480289175, -77.18711036928703 32.96475210855679, -75.32964868748161 34.56621388586957))"
44E,2019-06-20 07:55:00+00:00,2019-06-20 09:55:00+00:00,0.0,42000.0,"POLYGON ((-81.12 37.78, -81.8159167421292 35.824767909892564, -84.71750702860295 35.312156366970754, -86.76118568404817 37.54438857382035, -83.08921961047842 36.75450249495863, -81.12 37.78))"
39C,2019-06-20 07:55:00+00:00,2019-06-20 09:55:00+00:00,0.0,45000.0,"POLYGON ((-89.41563094290318 35.209694617628415, -89.72606717433878 33.64976888747607, -94.46578189163453 29.63871484929557, -94.09055605187983 33.004968777591145, -89.41563094290318 35.209694617628415))"
40C,2019-06-20 07:55:00+00:00,2019-06-20 09:55:00+00:00,0.0,45000.0,"POLYGON ((-106.35130989024002 41.808844772416705, -101.96510070978405 40.7772018336578, -103.18 39.660893132790825, -106.89637766095342 40.39196382749644, -106.35130989024002 41.808844772416705))"
37C,2019-06-20 07:55:00+00:00,2019-06-20 09:55:00+00:00,0.0,45000.0,"POLYGON ((-102.3214959537671 46.73178937909735, -98.01337943043148 42.468010148234605, -100.18676858854973 40.32663446272757, -103.49755619752705 43.626037655348554, -102.3214959537671 46.73178937909735))"
WHISKEY 4,2019-06-20 08:05:00+00:00,2019-06-20 12:05:00+00:00,0.0,46000.0,"POLYGON ((-164.5 30, -162.2 30, -164.1 27.3, -165.4 28.1, -164.5 30))"
XRAY 1,2019-06-20 08:09:00+00:00,2019-06-20 12:10:00+00:00,0.0,50000.0,"POLYGON ((174.5 8, 175.3 4.5, 180 4.1, -176.4 8, 174.5 8))"
INDIA 1,2019-06-20 08:35:00+00:00,2019-06-20 12:35:00+00:00,0.0,45000.0,"POLYGON ((-68 16.45, -63 16.3, -63.15 15, -65 15, -68 16, -68 16.45))"
ALFA 2,2019-06-20 08:50:00+00:00,2019-06-20 12:50:00+00:00,0.0,50000.0,"POLYGON ((-131.15 9.45, -130.45 6.15, -134.45 5.45, -135 9.3, -131.15 9.45))"
48E,2019-06-20 08:55:00+00:00,2019-06-20 10:55:00+00:00,0.0,45000.0,"POLYGON ((-86.16119616578415 37.46393968226621, -82.13 36.44, -84.49634285930613 35.17955013285486, -86.16119616578415 37.46393968226621))"
47C,2019-06-20 08:55:00+00:00,2019-06-20 10:55:00+00:00,0.0,39000.0,"POLYGON ((-87.80444727090654 37.29672454216983, -87.71555272909347 37.11756606362124, -92.27054347138701 34.85747869137265, -92.35943801320008 35.036637169921235, -87.80444727090654 37.29672454216983))"
46C,2019-06-20 08:55:00+00:00,2019-06-20 10:55:00+00:00,0.0,45000.0,"POLYGON ((-97.46662398901071 32.270094884406134, -96.57893934948 31.513267992436273, -96.70869731693558 31.36107446470992, -97.5963819564663 32.11790135667978, -97.46662398901071 32.270094884406134))"
47E,2019-06-20 08:55:00+00:00,2019-06-20 10:55:00+00:00,0.0,45000.0,"POLYGON ((-74.4601793343904 34.835922168434095, -73.7612320341291 34.23553982536499, -76.74368634706377 32.03923455358845, -76.46471044237626 33.165535224984644, -74.4601793343904 34.835922168434095))"
45E,2019-06-20 08:55:00+00:00,2019-06-20 10:55:00+00:00,0.0,35000.0,"POLYGON ((-84.67678449785409 41.90110034567564, -83.57489194801664 40.6419933037123, -84.19395797518874 40.17225725875008, -86.73135517994908 41.641932219960715, -84.67678449785409 41.90110034567564))"
46E,2019-06-20 08:55:00+00:00,2019-06-20 10:55:00+00:00,0.0,35000.0,"POLYGON ((-77.45246690527462 42.43107890544855, -72.65393282864285 40.30469641699582, -75.07981650912815 39.81818754548213, -77.71310436301343 41.97082997525696, -77.45246690527462 42.43107890544855))"
43C,2019-06-20 08:55:00+00:00,2019-06-20 10:55:00+00:00,0.0,45000.0,"POLYGON ((-102.3214959537671 46.73178937909735, -98.0629665905156 42.65929420601324, -98.35000000000001 40.38178626558165, -99.78202973047624 40.45186360664409, -101.88125570471217 43.15091100893687, -102.3214959537671 46.73178937909735))"
45C,2019-06-20 08:55:00+00:00,2019-06-20 10:55:00+00:00,0.0,45000.0,"POLYGON ((-89.74807843569131 34.558664395551276, -88.51 33.82273791147279, -92.93215096195851 30.203546785254815, -93.11504424382109 32.17987635990331, -89.74807843569131 34.558664395551276))"
44C,2019-06-20 08:55:00+00:00,2019-06-20 10:55:00+00:00,0.0,45000.0,"POLYGON ((-87.48058394198044 36.925461404494385, -85.70978995831642 36.339555115290295, -85.92669783553609 32.219391105173635, -88.25514323972608 32.18782798091745, -87.48058394198044 36.925461404494385))"
CHARLIE 3,2019-06-20 09:20:00+00:00,2019-06-20 13:20:00+00:00,0.0,50000.0,"POLYGON ((-120 15.3, -120 10.3, -126.45 11, -126.15 14.3, -120 15.3))"
HOTEL 2,2019-06-20 09:20:00+00:00,2019-06-20 13:20:00+00:00,30000.0,44000.0,"POLYGON ((175.3 48.45, 170 47.3, 163.45 46, 171 44.45, -178.3 40, -179.3 46.15, 175.3 48.45))"
ECHO 3,2019-06-20 09:50:00+00:00,2019-06-20 13:50:00+00:00,0.0,45000.0,"POLYGON ((-57.3 41.45, -57.45 38, -72.3 35, -72.3 37, -64.45 41, -57.3 41.45))"
51C,2019-06-20 09:55:00+00:00,2019-06-20 11:55:00+00:00,,,"POLYGON ((-86.03462458805383 36.8993964260324, -86.70036680655981 37.02786165477774, -86.75590677820473 37.02273726089818, -91.97603433454617 34.9701779031706, -86.73826083465606 36.83148435814027, -86.07251861615008 36.70301912939493, -91.90284841935258 34.78404939429226, -86.68272086301114 36.83660875201983, -86.03462458805383 36.8993964260324))"
50E,2019-06-20 09:55:00+00:00,2019-06-20 11:55:00+00:00,0.0,32000.0,"POLYGON ((-75.5337269646795 40.84704021826363, -74.29666391861484 40.462827434232175, -74.99467859185901 39.818631368230605, -76.54332075414982 40.46478218343496, -75.5337269646795 40.84704021826363))"
50C,2019-06-20 09:55:00+00:00,2019-06-20 11:55:00+00:00,0.0,45000.0,"POLYGON ((-97.2654002253611 31.865264974392094, -96.11228549435404 30.744691702111666, -96.25166852622277 30.601260985641723, -97.40478325722984 31.72183425792215, -97.2654002253611 31.865264974392094))"
52E,2019-06-20 09:55:00+00:00,2019-06-20 11:55:00+00:00,0.0,40000.0,"POLYGON ((-84.80144277893234 37.84276082397626, -81.71639598878251 36.43928664427268, -84.64655310784002 35.642958140829585, -85.58 37.434524177054435, -84.80144277893234 37.84276082397626))"
49E,2019-06-20 09:55:00+00:00,2019-06-20 11:55:00+00:00,0.0,30000.0,"POLYGON ((-84.67678449785409 41.90110034567564, -83.26209295895087 40.87561054883304, -83.8855051211726 40.40753797056677, -86.32 41.43726208852722, -84.67678449785409 41.90110034567564))"
53E,2019-06-20 09:55:00+00:00,2019-06-20 11:55:00+00:00,0.0,45000.0,"POLYGON ((-86.53411031361976 36.25755220471438, -85.03398164449968 36.27658476798554, -84.5923862865431 33.32249672616771, -86.01691774581529 32.834458328288214, -86.53411031361976 36.25755220471438))"
51E,2019-06-20 09:55:00+00:00,2019-06-20 11:55:00+00:00,0.0,45000.0,"POLYGON ((-74.4601793343904 34.835922168434095, -73.7612320341291 34.23553982536499, -75.63977936421509 32.44741231928447, -76.46471044237626 33.165535224984644, -74.4601793343904 34.835922168434095))"
49C,2019-06-20 09:55:00+00:00,2019-06-20 11:55:00+00:00,0.0,45000.0,"POLYGON ((-89.23160043578108 34.76303402602263, -87.79752155618463 34.09479335616299, -91.37375952197527 30.326274371675705, -92.57460113207688 31.413683333013008, -89.23160043578108 34.76303402602263))"
48C,2019-06-20 09:55:00+00:00,2019-06-20 11:55:00+00:00,0.0,45000.0,"POLYGON ((-99.7767808914623 46.50184707042126, -97.41930007891148 43.8392221671137, -97.51681698504989 40.192652318548085, -101.23102354068261 39.74202256485665, -99.7767808914623 46.50184707042126))"
INDIA 2,2019-06-20 10:50:00+00:00,2019-06-20 14:50:00+00:00,0.0,45000.0,"POLYGON ((-68 17.15, -63.45 16.45, -63.3 15, -65 15, -68 16, -68 17.15))"
JULIETT 1,2019-06-20 10:50:00+00:00,2019-06-20 14:50:00+00:00,0.0,45000.0,"POLYGON ((-73.45 35, -72.45 33.45, -75.3 31.3, -76.45 32.45, -73.45 35))"
56E,2019-06-20 10:55:00+00:00,2019-06-20 12:55:00+00:00,,,"POLYGON ((-83.0195191751359 29.8626982049706, -84.50227019315336 30.33723434628798, -84.52790429413635 30.3418754495986, -88.20652695292797 30.52037791344885, -84.56323184288156 30.14675159834892, -83.0804808248641 29.67221545703154, -88.2162204006902 30.32061295888855, -84.53759774189858 30.1421104950383, -83.0195191751359 29.8626982049706))"
55C,2019-06-20 10:55:00+00:00,2019-06-20 12:55:00+00:00,0.0,33000.0,"POLYGON ((-89.86365961989335 32.37927285688467, -89.70413774095493 32.258637994013455, -90.8632534800613 30.72587776029283, -91.02277535899972 30.846512623164042, -89.86365961989335 32.37927285688467))"
54E,2019-06-20 10:55:00+00:00,2019-06-20 12:55:00+00:00,,,"POLYGON ((-75.98965943737572 43.10176338010429, -78.44446093294778 42.96556947331362, -78.48344963029184 42.95526204233681, -80.18425756018053 42.10944102154428, -78.43338184728438 42.76587657443922, -75.97858035171232 42.90207048122988, -80.095201079829 41.93036298462351, -78.39439314994031 42.77618400541603, -75.98965943737572 43.10176338010429))"
54C,2019-06-20 10:55:00+00:00,2019-06-20 12:55:00+00:00,0.0,45000.0,"POLYGON ((-96.78639437707834 31.779163151012884, -95.87730346798743 31.779163151012884, -95.87730346798743 30.870072241921978, -96.78639437707834 30.870072241921978, -96.78639437707834 31.779163151012884))"
55E,2019-06-20 10:55:00+00:00,2019-06-20 12:55:00+00:00,0.0,45000.0,"POLYGON ((-86.7898833140081 37.6076769484504, -81.28660489267794 36.89760286114037, -85.02649139491757 33.11353232624354, -86.7898833140081 37.6076769484504))"
53C,2019-06-20 10:55:00+00:00,2019-06-20 12:55:00+00:00,0.0,37000.0,"POLYGON ((-86.98322978621673 37.67277648245105, -86.58739419362136 37.04754961743814, -88.35605666873525 35.41278806580085, -90.95 35.44452417705444, -86.98322978621673 37.67277648245105))"
52C,2019-06-20 10:55:00+00:00,2019-06-20 12:55:00+00:00,0.0,45000.0,"POLYGON ((-99.82065488123716 46.16863111690094, -96.14475284500926 43.457237689998514, -97.0119238345671 39.94256117660805, -100.68811341142981 39.61202672807144, -99.82065488123716 46.16863111690094))"
ALFA 3,2019-06-20 11:20:00+00:00,2019-06-20 15:20:00+00:00,0.0,50000.0,"POLYGON ((-132 9.45, -126.45 8.45, -125.45 7, -136.3 5.15, -135.3 9.15, -132 9.45))"
CHARLIE 4,2019-06-20 11:20:00+00:00,2019-06-20 15:20:00+00:00,0.0,50000.0,"POLYGON ((-120 16, -120 12.3, -129 10.15, -130.15 12.15, -120 16))"
HOTEL 3,2019-06-20 11:25:00+00:00,2019-06-20 15:25:00+00:00,30000.0,44000.0,"POLYGON ((175.3 48.45, 170 47.3, 164.45 46.15, 171.3 44.45, -178.15 40, -179.3 46.15, 175.3 48.45))"
WHISKEY 5,2019-06-20 11:33:00+00:00,2019-06-20 15:35:00+00:00,0.0,46000.0,"POLYGON ((-164.5 30, -161.5 30, -162.4 28.3, -165.4 28, -164.5 30))"
XRAY 2,2019-06-20 11:34:00+00:00,2019-06-20 15:35:00+00:00,0.0,50000.0,"POLYGON ((175.4 8.4, 173.1 6.4, -178.3 4.3, -176.4 8, 175.4 8.4))"
YANKEE 1,2019-06-20 11:35:00+00:00,2019-06-20 15:35:00+00:00,0.0,52000.0,"POLYGON ((-143 7.3, -139.5 7.3, -140 3.3, -143.2 3.5, -143 7.3))"
56C,2019-06-20 11:55:00+00:00,2019-06-20 13:55:00+00:00,,,"POLYGON ((-98.52479583348563 45.64831407933958, -97.02463799014056 43.88113656375414, -96.87639238639217 43.34428747098065, -98.66632682567828 45.50700244411814, -96.99901109984472 43.83709855682767, -96.68360761360783 43.39752309234915, -96.83185321735623 43.93437218512264, -96.85748010765207 43.97841019204911, -98.52479583348563 45.64831407933958))"
59E,2019-06-20 11:55:00+00:00,2019-06-20 13:55:00+00:00,0.0,30000.0,"POLYGON ((-86.73807161649425 33.92796456752681, -86.56942448324968 33.82045575650003, -87.21087841140795 32.81421854618046, -87.37952554465252 32.92172735720724, -86.73807161649425 33.92796456752681))"
60E,2019-06-20 11:55:00+00:00,2019-06-20 13:55:00+00:00,0.0,45000.0,"POLYGON ((-83.05522445194191 30.422718129360263, -83.04477554805808 30.222991264848687, -88.03516473924986 29.96191423282717, -88.04561364313369 30.161641097338745, -83.05522445194191 30.422718129360263))"
57E,2019-06-20 11:55:00+00:00,2019-06-20 13:55:00+00:00,0.0,33000.0,"POLYGON ((-74.72 44.33171624231644, -74.95957225905076 42.170086536176726, -79.53192073956166 41.88257980508127, -78.72572556041403 43.06354120970256, -74.72 44.33171624231644))"
58C,2019-06-20 11:55:00+00:00,2019-06-20 13:55:00+00:00,0.0,36000.0,"POLYGON ((-87.24444620552333 37.51996422612891, -86.69508539067833 36.725272793921704, -87.50403594287373 35.86054946507462, -89.44655593396831 36.12216064419529, -87.24444620552333 37.51996422612891))"
57C,2019-06-20 11:55:00+00:00,2019-06-20 13:55:00+00:00,0.0,42000.0,"POLYGON ((-98.91646338376783 42.87047635798426, -96.33777785464163 42.23699833964745, -96.3543006434302 39.932777965445695, -99.53781227173737 39.47925409011883, -98.91646338376783 42.87047635798426))"
58E,2019-06-20 11:55:00+00:00,2019-06-20 13:55:00+00:00,0.0,41000.0,"POLYGON ((-85.66107528776847 38.25367704689355, -81.55540648985522 36.62962449003041, -84.04037987039996 33.629357355313466, -86.88355589291147 37.28209881891041, -85.66107528776847 38.25367704689355))"
64E,2019-06-20 12:55:00+00:00,2019-06-20 14:55:00+00:00,,,"POLYGON ((-82.80142489408597 29.89489178713547, -86.84240037534543 30.7697266409521, -86.90480933982467 30.76308652251623, -90.4362721239084 29.16396752039522, -86.88471824740294 30.57425490973624, -82.84374276614348 29.69942005591961, -90.35377206700744 28.98177602605111, -86.82230928292371 30.58089502817212, -82.80142489408597 29.89489178713547))"
63E,2019-06-20 12:55:00+00:00,2019-06-20 14:55:00+00:00,0.0,33000.0,"POLYGON ((-85.88345714460412 33.63957449706161, -85.76329189043169 33.479698571138805, -86.86751696313209 32.64974568261763, -86.98768221730452 32.80962160854043, -85.88345714460412 33.63957449706161))"
62E,2019-06-20 12:55:00+00:00,2019-06-20 14:55:00+00:00,0.0,42000.0,"POLYGON ((-85.00183218407902 38.784329250947614, -80.94799810106845 36.6286469969386, -83.64077166552478 33.627429471691975, -86.44 37.429106867209185, -85.00183218407902 38.784329250947614))"
61E,2019-06-20 12:55:00+00:00,2019-06-20 14:55:00+00:00,0.0,33000.0,"POLYGON ((-74.3642060153232 44.29462427253707, -74.64776507449963 42.05803855136088, -80.29 41.520893132790825, -78.47521794050593 43.23727721007149, -74.3642060153232 44.29462427253707))"
59C,2019-06-20 12:55:00+00:00,2019-06-20 14:55:00+00:00,0.0,40000.0,"POLYGON ((-96.94799770918303 45.411176988259584, -93.73472808619002 41.28626400286543, -98.75888998367141 41.25194221092902, -96.94799770918303 45.411176988259584))"
62C,2019-06-20 12:55:00+00:00,2019-06-20 14:55:00+00:00,0.0,45000.0,"POLYGON ((-97.04 32.53726208852721, -93.04051957604888 31.449869188631517, -95.8832576992343 30.14992625447171, -97.04 32.53726208852721))"
63C,2019-06-20 12:55:00+00:00,2019-06-20 14:55:00+00:00,0.0,35000.0,"POLYGON ((-99.99451440303164 46.94901771670927, -96.94799770918303 45.411176988259584, -97.31621004520306 44.570988476484374, -99.32851496873114 44.97520698430757, -99.99451440303164 46.94901771670927))"
60C,2019-06-20 12:55:00+00:00,2019-06-20 14:55:00+00:00,0.0,37000.0,"POLYGON ((-96.7559705418403 40.847190840679545, -95.79787196114445 39.43074057096752, -98.99438979531452 38.47625077177771, -98.93434381533557 40.30257425285108, -96.7559705418403 40.847190840679545))"
61C,2019-06-20 12:55:00+00:00,2019-06-20 14:55:00+00:00,0.0,35000.0,"POLYGON ((-86.76118568404817 37.54438857382035, -85.64999020425351 36.13559036143849, -88.96429174333059 35.01576881035552, -89.08245656239839 36.480880923760125, -86.76118568404817 37.54438857382035))"
ECHO 4,2019-06-20 13:20:00+00:00,2019-06-20 17:20:00+00:00,0.0,45000.0,"POLYGON ((-67 39, -64.45 36.15, -66.15 35.45, -71 35.3, -72.15 36, -70 38.15, -67 39))"
JULIETT 2,2019-06-20 13:20:00+00:00,2019-06-20 17:20:00+00:00,0.0,45000.0,"POLYGON ((-73.3 34.45, -72.15 33.3, -74.3 32, -75.3 32.45, -73.3 34.45))"
INDIA 3,2019-06-20 13:25:00+00:00,2019-06-20 17:25:00+00:00,0.0,45000.0,"POLYGON ((-68 17.15, -65.15 17, -64.15 16, -66 15.15, -68 16, -68 17.15))"
66E,2019-06-20 13:55:00+00:00,2019-06-20 15:55:00+00:00,0.0,38000.0,"POLYGON ((-84.18546358035003 38.85289387584483, -80.71 36.945429060579116, -82.09300353703725 34.974566089009535, -85.32091373380969 37.89526101759979, -84.18546358035003 38.85289387584483))"
68E,2019-06-20 13:55:00+00:00,2019-06-20 15:55:00+00:00,0.0,34000.0,"POLYGON ((-85.2743622399634 33.70481807721995, -85.14563776003659 33.55174943814722, -85.83554341661687 32.97156693061439, -85.96426789654367 33.124635569687115, -85.2743622399634 33.70481807721995))"
64C,2019-06-20 13:55:00+00:00,2019-06-20 15:55:00+00:00,0.0,37000.0,"POLYGON ((-99.8869210094269 46.97863668705944, -96.85 45.88257436347464, -97.52108775695127 43.86891143896223, -99.60572002596275 45.41333737639175, -99.8869210094269 46.97863668705944))"
67C,2019-06-20 13:55:00+00:00,2019-06-20 15:55:00+00:00,0.0,45000.0,"POLYGON ((-96.55537885791304 32.460156528309916, -94.75 32.130858121158205, -95.73364421504907 31.156029810061813, -96.55537885791304 32.460156528309916))"
65E,2019-06-20 13:55:00+00:00,2019-06-20 15:55:00+00:00,0.0,36000.0,"POLYGON ((-74.07107526348642 44.717158587027015, -73.97254803949217 42.442460356464274, -80.29 41.520893132790825, -76.85010376799912 43.628731024394895, -74.07107526348642 44.717158587027015))"
69E,2019-06-20 13:55:00+00:00,2019-06-20 15:55:00+00:00,0.0,45000.0,"POLYGON ((-86.02098960612913 31.604828217834875, -80.97466831106385 30.529909732491703, -82.69689651040159 29.47219943584568, -89.39406559613732 29.432815042019243, -86.02098960612913 31.604828217834875))"
67E,2019-06-20 13:55:00+00:00,2019-06-20 15:55:00+00:00,0.0,34000.0,"POLYGON ((-85.82119634172145 37.63863816680658, -85.03398164449968 36.27658476798554, -87.7236545737297 35.17089199700512, -88.43939985241126 36.722635914783176, -85.82119634172145 37.63863816680658))"
66C,2019-06-20 13:55:00+00:00,2019-06-20 15:55:00+00:00,0.0,35000.0,"POLYGON ((-96.46178382553904 40.660842879782464, -95.59981672197165 39.286838040909956, -98.36991920499663 38.33938834342322, -98.38246012859362 39.51573339487693, -96.46178382553904 40.660842879782464))"
65C,2019-06-20 13:55:00+00:00,2019-06-20 15:55:00+00:00,0.0,40000.0,"POLYGON ((-96.78 43.816368955736394, -95.33954149479143 42.92355826658565, -96.21 40.69910686720918, -99.99 42.7363689557364, -96.78 43.816368955736394))"
KILO 1,2019-06-20 14:00:00+00:00,2019-06-20 18:00:00+00:00,0.0,40000.0,"POLYGON ((-77 31.45, -74.15 31.3, -74.15 30.15, -77.15 30.3, -77.45 31, -77 31.45))"
HOTEL 4,2019-06-20 14:25:00+00:00,2019-06-20 18:25:00+00:00,30000.0,44000.0,"POLYGON ((179 49.45, 172 48, 171.45 47, 177 44, -176 37.45, -174.3 43.15, 179 49.45))"
XRAY 3,2019-06-20 14:54:00+00:00,2019-06-20 18:55:00+00:00,0.0,50000.0,"POLYGON ((176.2 8.4, 174 6.3, -178.4 4.2, -175.5 7.5, 176.2 8.4))"
73E,2019-06-20 14:55:00+00:00,2019-06-20 16:55:00+00:00,0.0,45000.0,"POLYGON ((-80.3902964602713 31.5445985851847, -81.56873322948637 29.13324163591779, -89.07909112012456 29.51485582476807, -85.74349678740435 31.15858205427394, -80.3902964602713 31.5445985851847))"
68C,2019-06-20 14:55:00+00:00,2019-06-20 16:55:00+00:00,0.0,35000.0,"POLYGON ((-97.58897380290131 46.23647040605572, -96.85 45.88257436347464, -97.79161906955399 45.00962502780518, -98.66234347495293 45.62408222784283, -97.58897380290131 46.23647040605572))"
69C,2019-06-20 14:55:00+00:00,2019-06-20 16:55:00+00:00,0.0,43000.0,"POLYGON ((-94.84449612088909 44.265189399179405, -95.19337396451392 41.57762081709315, -99.27797134706547 42.46849740993699, -94.84449612088909 44.265189399179405))"
71E,2019-06-20 14:55:00+00:00,2019-06-20 16:55:00+00:00,0.0,30000.0,"POLYGON ((-83.2188322774304 39.1259946821082, -80.0843181503898 37.08835653621229, -81.69328759457679 36.086281469997466, -85.18867792634903 38.22668492116085, -83.2188322774304 39.1259946821082))"
72E,2019-06-20 14:55:00+00:00,2019-06-20 16:55:00+00:00,0.0,34000.0,"POLYGON ((-85.18867792634903 38.22668492116085, -84.11 37.03, -86.92776930745075 34.89970959924097, -87.20655750356343 36.67286716702833, -85.18867792634903 38.22668492116085))"
70E,2019-06-20 14:55:00+00:00,2019-06-20 16:55:00+00:00,0.0,37000.0,"POLYGON ((-73.54551937701775 44.90398082160027, -73.12033122534865 42.74799053638802, -80.03474961848487 41.558601437867374, -75.5421283943395 44.31882783176092, -73.54551937701775 44.90398082160027))"
70C,2019-06-20 14:55:00+00:00,2019-06-20 16:55:00+00:00,0.0,35000.0,"POLYGON ((-95.99218187108897 40.199795881966224, -95.47316860065065 38.58423968751526, -96.83011756387464 38.33583614445982, -97.22411940068002 39.05666533792293, -95.99218187108897 40.199795881966224))"
YANKEE 2,2019-06-20 14:57:00+00:00,2019-06-20 19:00:00+00:00,0.0,54000.0,"POLYGON ((-144.2 8, -139.5 6.5, -140.1 3.3, -146 4.1, -144.2 8))"
76E,2019-06-20 15:55:00+00:00,2019-06-20 17:55:00+00:00,0.0,33000.0,"POLYGON ((-76.861837138095 40.583591753208914, -76.74037987624457 40.424695140457736, -77.40957155566359 39.913178956267004, -77.53102881751401 40.07207556901818, -76.861837138095 40.583591753208914))"
74E,2019-06-20 15:55:00+00:00,2019-06-20 17:55:00+00:00,0.0,43000.0,"POLYGON ((-72.7609265769012 44.623845392950024, -72.8865002419575 43.02300442769115, -79.74310147399005 41.609788734334536, -75.15073489619718 44.602506327935956, -72.7609265769012 44.623845392950024))"
78E,2019-06-20 15:55:00+00:00,2019-06-20 17:55:00+00:00,0.0,45000.0,"POLYGON ((-79.6656171353984 31.64245596801214, -81.24474312523867 29.18229177031713, -86.68 29.831786265581645, -85.60173365150239 31.20753602418676, -79.6656171353984 31.64245596801214))"
75E,2019-06-20 15:55:00+00:00,2019-06-20 17:55:00+00:00,0.0,40000.0,"POLYGON ((-85.19 41.64547582294556, -81.23689338756745 41.227369939608515, -85.44124887024759 40.5186115957699, -85.19 41.64547582294556))"
77E,2019-06-20 15:55:00+00:00,2019-06-20 17:55:00+00:00,0.0,34000.0,"POLYGON ((-80.40136780837939 38.67433077492514, -79.93666267571204 37.34215942788545, -86.29872628760164 36.26672945249153, -85.38450895912824 38.16350476894936, -80.40136780837939 38.67433077492514))"
72C,2019-06-20 15:55:00+00:00,2019-06-20 17:55:00+00:00,0.0,45000.0,"POLYGON ((-93.8985870071222 44.397534794234275, -93.82066699677566 41.747283978816064, -98.69 42.13726208852722, -98.36982746958711 42.70483670196381, -93.8985870071222 44.397534794234275))"
71C,2019-06-20 15:55:00+00:00,2019-06-20 17:55:00+00:00,0.0,35000.0,"POLYGON ((-98.37 46.41821373441835, -96.3919135371718 45.980552640464865, -98.01107471185601 44.8046143530222, -98.70660666457356 45.6547883002816, -98.37 46.41821373441835))"
ECHO 5,2019-06-20 16:20:00+00:00,2019-06-20 20:20:00+00:00,0.0,45000.0,"POLYGON ((-66.3 38.3, -63.45 36.3, -66.3 34.45, -71.3 36.45, -72.3 38, -70.15 38.3, -66.3 38.3))"
JULIETT 3,2019-06-20 16:25:00+00:00,2019-06-20 20:25:00+00:00,0.0,45000.0,"POLYGON ((-71.15 35.15, -69.45 34.45, -71.3 32.15, -73.45 32.15, -74 33.15, -71.15 35.15))"
KILO 2,2019-06-20 16:25:00+00:00,2019-06-20 20:25:00+00:00,0.0,40000.0,"POLYGON ((-76.15 32, -73.45 31.3, -73.45 30.15, -77 30.3, -77.45 31.15, -76.15 32))"
83E,2019-06-20 16:55:00+00:00,2019-06-20 18:55:00+00:00,0.0,45000.0,"POLYGON ((-79.91576707344694 31.132111981932614, -80.77844250219314 29.29959058383582, -86.23330799696137 29.89427044895461, -84.09584017617053 31.259154555398418, -79.91576707344694 31.132111981932614))"
81E,2019-06-20 16:55:00+00:00,2019-06-20 18:55:00+00:00,0.0,32000.0,"POLYGON ((-76.09602480658722 41.58341274748212, -75.9098878680893 41.51024827436418, -76.75464311490867 39.36111565955613, -76.9407800534066 39.43428013267407, -76.09602480658722 41.58341274748212))"
73C,2019-06-20 16:55:00+00:00,2019-06-20 18:55:00+00:00,0.0,35000.0,"POLYGON ((-93.59420605680953 44.627226797485825, -92.69007049538082 43.56225006695515, -92.84253566556045 43.432811386947584, -93.74667122698915 44.49778811747826, -93.59420605680953 44.627226797485825))"
82E,2019-06-20 16:55:00+00:00,2019-06-20 18:55:00+00:00,0.0,30000.0,"POLYGON ((-80.1 38.91, -79.481431257835 37.71087018059143, -81.32674271494845 35.316750235508344, -85.43074804271365 37.982264921507436, -80.1 38.91))"
80E,2019-06-20 16:55:00+00:00,2019-06-20 18:55:00+00:00,0.0,40000.0,"POLYGON ((-84.7633387355324 41.74774307865043, -79.74107763869854 41.18197536610685, -85.02211397434185 40.67246816470484, -84.7633387355324 41.74774307865043))"
79E,2019-06-20 16:55:00+00:00,2019-06-20 18:55:00+00:00,0.0,40000.0,"POLYGON ((-75.21528362744311 44.556003452316276, -72.12111487916978 44.324810723765815, -72.74806500422893 43.063534725380684, -79.12 41.524524177054424, -75.21528362744311 44.556003452316276))"
74C,2019-06-20 16:55:00+00:00,2019-06-20 18:55:00+00:00,0.0,42000.0,"POLYGON ((-95.13 43.471786265581656, -95.32886974048144 42.286959382729094, -98.03529570887618 41.61485342867908, -98.37222542524214 42.234278881752736, -95.13 43.471786265581656))"
ZULU 1,2019-06-20 17:06:00+00:00,2019-06-20 21:10:00+00:00,0.0,57000.0,"POLYGON ((136.5 10.3, 142.5 8.4, 135.4 6.2, 136.5 10.3))"
89E,2019-06-20 17:55:00+00:00,2019-06-20 19:55:00+00:00,,,"POLYGON ((-83.35345211323619 34.61705867994566, -84.67939876774392 33.77845935151515, -84.68970768147877 33.7709797506338, -86.44473225966335 32.31838226240391, -84.57249454127154 33.60942832962171, -83.2465478867638 34.44802765805222, -86.31721020572128 32.16431044227317, -84.56218562753669 33.61690793050306, -83.35345211323619 34.61705867994566))"
87E,2019-06-20 17:55:00+00:00,2019-06-20 19:55:00+00:00,0.0,45000.0,"POLYGON ((-80.3475274013093 37.08944843080993, -78.28448835366447 36.034958094396316, -81.32668568566783 35.49609883440487, -80.3475274013093 37.08944843080993))"
86E,2019-06-20 17:55:00+00:00,2019-06-20 19:55:00+00:00,0.0,41000.0,"POLYGON ((-74.781710517389 41.892765694885746, -76.0221114682513 38.51486227434845, -77.4583826797877 41.084755744120265, -74.781710517389 41.892765694885746))"
76C,2019-06-20 17:55:00+00:00,2019-06-20 19:55:00+00:00,0.0,33000.0,"POLYGON ((-94.70876086658444 42.91592106477793, -94.56689026586731 42.40521179052705, -97.2765215304558 41.706975806226815, -98.27626129752876 42.16257253701347, -94.70876086658444 42.91592106477793))"
2W,2019-06-20 17:55:00+00:00,2019-06-20 19:55:00+00:00,0.0,30000.0,"POLYGON ((-111.73726654573619 48.88285264566485, -108.67830867533202 48.53483911650684, -113.6333449266304 46.59765346342353, -114.83081170413176 48.20816343234079, -111.73726654573619 48.88285264566485))"
88E,2019-06-20 17:55:00+00:00,2019-06-20 19:55:00+00:00,0.0,45000.0,"POLYGON ((-82.51 31.872737911472793, -79.35616878185354 31.086355895414595, -80.75793344741419 29.172205116121397, -84.78878348330078 29.47703734748007, -82.51 31.872737911472793))"
85E,2019-06-20 17:55:00+00:00,2019-06-20 19:55:00+00:00,0.0,34000.0,"POLYGON ((-83.8438325743342 41.856099924934846, -78.80678563204553 41.171791239405174, -84.50510805198336 40.6419933037123, -83.8438325743342 41.856099924934846))"
84E,2019-06-20 17:55:00+00:00,2019-06-20 19:55:00+00:00,0.0,37000.0,"POLYGON ((-70.51216503826547 44.82823198632567, -70.4355463182098 43.12245723891525, -77.14574803034947 41.761730742976304, -75.75801429875008 43.927680479879456, -70.51216503826547 44.82823198632567))"
75C,2019-06-20 17:55:00+00:00,2019-06-20 19:55:00+00:00,0.0,30000.0,"POLYGON ((-95.13 45.468213734418356, -92.90936603147574 44.63424048677371, -92.31974594798791 43.65217639889698, -95.13 43.97089313279083, -95.13 45.468213734418356))"
HOTEL 5,2019-06-20 18:25:00+00:00,2019-06-20 22:25:00+00:00,,,"POLYGON ((177.3 49.3, -177.15 44.45, -173.45 36.45, -176.3 37, 177.3 44.3, 171.15 48, 177.3 49.3))"
97E,2019-06-20 18:55:00+00:00,2019-06-20 20:55:00+00:00,0.0,35000.0,"POLYGON ((-81.33093777474105 34.3203759830151, -81.17069858843166 34.20069556201439, -81.88128098608112 33.24930230777062, -82.0415201723905 33.36898272877133, -81.33093777474105 34.3203759830151))"
96E,2019-06-20 18:55:00+00:00,2019-06-20 20:55:00+00:00,0.0,42000.0,"POLYGON ((-84.7970353836194 37.62995086853209, -84.71218242852305 37.44884323199676, -86.844153123235 36.449967551843734, -86.92900607833135 36.631075188379064, -84.7970353836194 37.62995086853209))"
77C,2019-06-20 18:55:00+00:00,2019-06-20 20:55:00+00:00,0.0,33000.0,"POLYGON ((-94.503986580281 45.54761413188113, -93.03600856313956 44.86981843267717, -92.27266715496094 43.90719076983513, -94.97565068521759 44.202763493622264, -94.503986580281 45.54761413188113))"
3W,2019-06-20 18:55:00+00:00,2019-06-20 20:55:00+00:00,0.0,33000.0,"POLYGON ((-111.73726654573619 48.88285264566485, -108.46000957922513 48.53256853779438, -113.6333449266304 46.59765346342353, -114.83081170413176 48.20816343234079, -111.73726654573619 48.88285264566485))"
95E,2019-06-20 18:55:00+00:00,2019-06-20 20:55:00+00:00,0.0,45000.0,"POLYGON ((-82.73783774359747 34.88971008063144, -81.92914927188356 34.17090021200632, -87.09251936292955 31.182268496522102, -87.88677672552993 32.695043713573476, -82.73783774359747 34.88971008063144))"
90E,2019-06-20 18:55:00+00:00,2019-06-20 20:55:00+00:00,0.0,36000.0,"POLYGON ((-71.51125122728854 44.70856854296292, -71.40614191971422 42.91245820901801, -77.14574803034947 41.761730742976304, -75.16357668523212 44.140609575795345, -71.51125122728854 44.70856854296292))"
91E,2019-06-20 18:55:00+00:00,2019-06-20 20:55:00+00:00,0.0,37000.0,"POLYGON ((-77.79914658907991 41.81728366793409, -79.16709525079398 40.934332703823294, -84.50510805198336 40.6419933037123, -83.71052150499666 41.59467407715029, -77.79914658907991 41.81728366793409))"
92E,2019-06-20 18:55:00+00:00,2019-06-20 20:55:00+00:00,0.0,45000.0,"POLYGON ((-74.22821849018167 41.980672050995224, -76.099529000863 38.539525966530285, -77.37799646553293 41.10938478841927, -74.22821849018167 41.980672050995224))"
93E,2019-06-20 18:55:00+00:00,2019-06-20 20:55:00+00:00,0.0,44000.0,"POLYGON ((-79.62684440155611 37.376704518482875, -78.0486951032741 36.45599314107421, -78.46814088933093 35.254776413331065, -81.38372977504186 35.542149795726154, -79.62684440155611 37.376704518482875))"
94E,2019-06-20 18:55:00+00:00,2019-06-20 20:55:00+00:00,0.0,45000.0,"POLYGON ((-81.11 31.660893132790825, -79.00439548084312 30.31611391255295, -80.81605302025197 28.34799481983138, -85.00517657939814 29.015021064877867, -81.11 31.660893132790825))"
ECHO 6,2019-06-20 19:10:00+00:00,2019-06-20 23:10:00+00:00,0.0,45000.0,"POLYGON ((-59 39, -61 36.45, -66.15 36.3, -70.3 37.15, -71.3 38.3, -69.15 38.45, -59 39))"
KILO 3,2019-06-20 19:10:00+00:00,2019-06-20 23:10:00+00:00,0.0,40000.0,"POLYGON ((-71.3 33.3, -66.45 32.45, -71 30, -76.3 30.15, -75.3 32.15, -71.3 33.3))"
05E,2019-06-20 19:55:00+00:00,2019-06-20 21:55:00+00:00,0.0,40000.0,"POLYGON ((-84.04682138313119 38.5070369607615, -83.38257532731093 36.30784313871909, -85.65144758384676 35.36787956605665, -87.34342796559739 36.3594722009928, -84.04682138313119 38.5070369607615))"
03E,2019-06-20 19:55:00+00:00,2019-06-20 21:55:00+00:00,0.0,45000.0,"POLYGON ((-79.24 37.97285469710447, -77.59696756611449 36.96541117669358, -77.39559185885206 35.28405106109431, -79.98 35.61628718173731, -79.24 37.97285469710447))"
02E,2019-06-20 19:55:00+00:00,2019-06-20 21:55:00+00:00,0.0,45000.0,"POLYGON ((-74.89492608730393 41.18010582443645, -73.4997745628931 40.83413979476606, -74.6277539761972 39.155198234125024, -76.69640932618587 38.970146862538506, -74.89492608730393 41.18010582443645))"
04E,2019-06-20 19:55:00+00:00,2019-06-20 21:55:00+00:00,0.0,45000.0,"POLYGON ((-80.33762428995455 36.04946896298657, -79.29041222290765 33.92276378460885, -87.35343935065322 30.82825830528209, -87.94407754667533 32.37710855583355, -80.33762428995455 36.04946896298657))"
78C,2019-06-20 19:55:00+00:00,2019-06-20 21:55:00+00:00,0.0,36000.0,"POLYGON ((-96.00604797801738 46.74689787544387, -93.03600856313956 44.86981843267717, -93.24 44.43628718173732, -94.84449612088909 44.265189399179405, -96.00604797801738 46.74689787544387))"
4W,2019-06-20 19:55:00+00:00,2019-06-20 21:55:00+00:00,0.0,33000.0,"POLYGON ((-111.73726654573619 48.88285264566485, -107.63773459062232 48.492238660365665, -114.75326666990631 46.84311246700641, -114.64297580250957 48.51575596617849, -111.73726654573619 48.88285264566485))"
98E,2019-06-20 19:55:00+00:00,2019-06-20 21:55:00+00:00,0.0,35000.0,"POLYGON ((-70.2776208665951 44.831353799245804, -69.73437201448476 42.73517450088137, -74.77229603143854 43.45176030864166, -74.72 44.410893132790825, -70.2776208665951 44.831353799245804))"
06E,2019-06-20 19:55:00+00:00,2019-06-20 21:55:00+00:00,0.0,45000.0,"POLYGON ((-78.44146809343414 30.228466654828352, -80.34691107954761 29.297831298152747, -83.85617200763923 28.891721265929558, -84.52808954839911 30.336212553763605, -78.44146809343414 30.228466654828352))"
01E,2019-06-20 19:55:00+00:00,2019-06-20 21:55:00+00:00,0.0,33000.0,"POLYGON ((-74.85193499577106 43.063534725380684, -74.54 41.73547582294558, -77.07 40.13363104426361, -76.7312132160757 41.88537585853671, -74.85193499577106 43.063534725380684))"
99E,2019-06-20 19:55:00+00:00,2019-06-20 21:55:00+00:00,0.0,33000.0,"POLYGON ((-77.3524143037508 41.69935082463535, -77.82069729573523 41.227286267233495, -83.83868406082448 40.226158816140384, -83.37 41.710893132790815, -77.3524143037508 41.69935082463535))"
79C,2019-06-20 19:55:00+00:00,2019-06-20 21:55:00+00:00,0.0,33000.0,"POLYGON ((-105.3839688500373 40.72468923892798, -105.41538918319665 38.117838459153276, -108.1472347421453 39.05823589188078, -105.3839688500373 40.72468923892798))"
5W,2019-06-20 19:55:00+00:00,2019-06-20 21:55:00+00:00,0.0,33000.0,"POLYGON ((-109.79984871829194 39.52470951414627, -109.85063575754684 38.416934806091724, -111.70154996140738 38.15905466165997, -112.66176686648807 39.18226078178724, -109.79984871829194 39.52470951414627))"
DELTA 1,2019-06-20 20:45:00+00:00,2019-06-21 00:45:00+00:00,0.0,50000.0,"POLYGON ((-127.3 9.15, -127 7.15, -135 4.3, -137.3 8.3, -127.3 9.15))"
14E,2019-06-20 20:55:00+00:00,2019-06-20 22:55:00+00:00,0.0,40000.0,"POLYGON ((-83.13538238397541 31.31717838584213, -78.00985696963181 31.13568258182553, -79.61806802467412 29.291709981274753, -84.54164799514056 29.999161695814482, -83.13538238397541 31.31717838584213))"
9W,2019-06-20 20:55:00+00:00,2019-06-20 22:55:00+00:00,0.0,34000.0,"POLYGON ((-110.9828279663197 46.329285621095664, -110.14071475396283 45.35725857248806, -113.2163640494609 44.08558297630753, -112.86733198154877 45.78382796189547, -110.9828279663197 46.329285621095664))"
07E,2019-06-20 20:55:00+00:00,2019-06-20 22:55:00+00:00,0.0,33000.0,"POLYGON ((-70.61 44.42821373441836, -69.69114939250154 44.24883502918434, -70.12684213462036 43.07605738829322, -71.79070129824596 43.15613989497143, -70.61 44.42821373441836))"
11E,2019-06-20 20:55:00+00:00,2019-06-20 22:55:00+00:00,0.0,45000.0,"POLYGON ((-78.31962360032627 38.28621569161832, -76.44026876146084 37.35087336123168, -76.57096196018222 35.49083718574, -79.50052802618065 35.27964005264144, -78.31962360032627 38.28621569161832))"
13E,2019-06-20 20:55:00+00:00,2019-06-20 22:55:00+00:00,0.0,41000.0,"POLYGON ((-83.09657736284787 38.74515380872213, -82.70177205506896 36.24763549935512, -85.15 35.45910686720919, -86.9722187610599 36.374926721293015, -83.09657736284787 38.74515380872213))"
09E,2019-06-20 20:55:00+00:00,2019-06-20 22:55:00+00:00,0.0,33000.0,"POLYGON ((-73.97426813293659 43.05727804511869, -73.58461050383353 41.93652769415808, -76.14224048341156 40.22615429304569, -76.85921673873727 41.50465598619748, -73.97426813293659 43.05727804511869))"
12E,2019-06-20 20:55:00+00:00,2019-06-20 22:55:00+00:00,0.0,45000.0,"POLYGON ((-79.59916471214466 36.17673144288763, -79.09400914924477 33.75813539531054, -88.76907790117747 30.37643658054817, -88.8 31.548155221318044, -79.59916471214466 36.17673144288763))"
10E,2019-06-20 20:55:00+00:00,2019-06-20 22:55:00+00:00,0.0,45000.0,"POLYGON ((-72.72761147664275 41.046616438994214, -74.40459309059578 38.97199834078283, -75.98858817335265 39.17744699627328, -74.33631988510298 41.006153944981804, -72.72761147664275 41.046616438994214))"
08E,2019-06-20 20:55:00+00:00,2019-06-20 22:55:00+00:00,0.0,35000.0,"POLYGON ((-78.91234030172407 42.25347950171066, -76.63709235492043 41.50230481931932, -81.1495824883655 39.40471150290264, -83.19157105366052 39.95744127610337, -83.37 41.54452417705443, -78.91234030172407 42.25347950171066))"
81C,2019-06-20 20:55:00+00:00,2019-06-20 22:55:00+00:00,0.0,42000.0,"POLYGON ((-104.93846850453073 40.902467173908576, -102.69 37.53452417705443, -103.6 36.76089313279082, -108.84924593804082 37.963677336077176, -108.11184878572872 40.77183163715063, -104.93846850453073 40.902467173908576))"
80C,2019-06-20 20:55:00+00:00,2019-06-20 22:55:00+00:00,0.0,43000.0,"POLYGON ((-96.21223595222033 45.672269892919324, -95.13 44.80273791147279, -95.6215811903356 44.11601976854153, -96.71105971434771 45.407991349081534, -96.21223595222033 45.672269892919324))"
6W,2019-06-20 20:55:00+00:00,2019-06-20 22:55:00+00:00,0.0,33000.0,"POLYGON ((-107.70418791252625 48.920891508920796, -106.9865444409397 47.081203486840934, -113.50327318147586 46.15376122725972, -117.05373853279104 48.48080460451851, -115.6927265360814 48.884528047598145, -107.70418791252625 48.920891508920796))"
7W,2019-06-20 20:55:00+00:00,2019-06-20 22:55:00+00:00,0.0,36000.0,"POLYGON ((-108.39421840135098 40.5148392422274, -109.25506093976044 38.42437458084232, -112.0897607527305 37.689813383126996, -112.90797422714577 39.42665645939684, -108.39421840135098 40.5148392422274))"
8W,2019-06-20 20:55:00+00:00,2019-06-20 22:55:00+00:00,0.0,30000.0,"POLYGON ((-108.64164568230386 46.81180918421376, -107.42669261371935 45.803788719491365, -108.62000000000002 44.81178626558164, -109.90964981238278 46.45458101485334, -108.64164568230386 46.81180918421376))"
ZULU 2,2019-06-20 21:04:00+00:00,2019-06-21 01:05:00+00:00,0.0,57000.0,"POLYGON ((136.3 11.5, 140.5 10.2, 133.2 7.5, 136.3 11.5))"
17E,2019-06-20 21:55:00+00:00,2019-06-20 23:55:00+00:00,,,"POLYGON ((-73.78643305055529 42.73639084891805, -75.20532536206542 42.03102552471996, -75.22322140368405 42.01961347539245, -77.02003481971187 40.58435909372951, -75.11629494264463 41.85193452992191, -73.6974026311345 42.55729985411999, -76.89521231705382 40.42809219758647, -75.098398901026 41.86334657924942, -73.78643305055529 42.73639084891805))"
23E,2019-06-20 21:55:00+00:00,2019-06-20 23:55:00+00:00,,,"POLYGON ((-82.28451067586067 40.0027264277445, -82.16460958919993 38.51805835007708, -83.78393312689903 37.04127547593516, -82.48334321922152 39.98114820491087, -82.33140973816226 38.58115707989585, -83.91870088146285 37.18905115840634, -82.29937734376375 38.66583403254825, -82.13257719480141 38.60273530272948, -82.28451067586067 40.0027264277445))"
83C,2019-06-20 21:55:00+00:00,2019-06-20 23:55:00+00:00,0.0,42000.0,"POLYGON ((-103.85553396358745 42.55722273826727, -102.51017555693844 37.255005423186304, -108.5259281111796 39.264156856283584, -108.47670738679942 41.179808193597914, -103.85553396358745 42.55722273826727))"
84C,2019-06-20 21:55:00+00:00,2019-06-20 23:55:00+00:00,0.0,45000.0,"POLYGON ((-100.7061253404618 36.06052872843179, -100.29 35.09285469710447, -100.7878352464824 34.777901998547975, -101.38888183340639 35.49419490607184, -100.7061253404618 36.06052872843179))"
82C,2019-06-20 21:55:00+00:00,2019-06-20 23:55:00+00:00,0.0,43000.0,"POLYGON ((-95.3748874332118 45.95480295391253, -93.95487216392708 44.35662164243705, -95.13 44.03628718173732, -96.07026084734204 44.74277945215509, -95.3748874332118 45.95480295391253))"
12W,2019-06-20 21:55:00+00:00,2019-06-20 23:55:00+00:00,0.0,30000.0,"POLYGON ((-107.31483582298746 46.75919542749286, -106.11366319063417 45.11272930945433, -107.87533505956978 43.765898043031136, -109.37835276478404 46.80275361669764, -107.31483582298746 46.75919542749286))"
13W,2019-06-20 21:55:00+00:00,2019-06-20 23:55:00+00:00,0.0,34000.0,"POLYGON ((-110.9828279663197 46.329285621095664, -110.14071475396283 45.35725857248806, -113.2163640494609 44.08558297630753, -112.86733198154877 45.78382796189547, -110.9828279663197 46.329285621095664))"
15E,2019-06-20 21:55:00+00:00,2019-06-20 23:55:00+00:00,0.0,33000.0,"POLYGON ((-70.16194685103439 44.45068491437497, -69.69367469674948 43.426341683981406, -71.14890741674185 42.242249547111044, -71.58 43.88547582294556, -70.16194685103439 44.45068491437497))"
20E,2019-06-20 21:55:00+00:00,2019-06-20 23:55:00+00:00,0.0,45000.0,"POLYGON ((-78.78 36.369106867209176, -78.34640994659769 35.51629790861095, -80.52002173170213 34.836317217052375, -80.17026400274673 36.11351637993305, -78.78 36.369106867209176))"
18E,2019-06-20 21:55:00+00:00,2019-06-20 23:55:00+00:00,0.0,45000.0,"POLYGON ((-73.58461050383353 41.93652769415808, -72.57102434695909 40.458612172131694, -74.37124285605135 39.09921482441825, -75.59510272271292 39.351971228949175, -75.68 40.91273791147279, -73.58461050383353 41.93652769415808))"
19E,2019-06-20 21:55:00+00:00,2019-06-20 23:55:00+00:00,0.0,45000.0,"POLYGON ((-76.34717358227209 37.81435185195906, -75.79813868123264 36.386726791480996, -76.64825304536758 35.336854287419605, -78.05947197381934 35.27964005264144, -77.51357550749167 37.436175369472885, -76.34717358227209 37.81435185195906))"
16E,2019-06-20 21:55:00+00:00,2019-06-20 23:55:00+00:00,0.0,35000.0,"POLYGON ((-78.49577003887752 42.379310898153236, -76.96804289689801 41.23383430463359, -79.64418251170602 39.26203785952223, -82.38909868218515 40.08615967854852, -82.1648996531579 41.65485282492726, -78.49577003887752 42.379310898153236))"
21E,2019-06-20 21:55:00+00:00,2019-06-20 23:55:00+00:00,0.0,41000.0,"POLYGON ((-82.44910000879706 37.05439622269231, -81.98398925815874 36.32227043055689, -83.57802538269017 35.28477596877902, -86.53454716001444 36.022271400956896, -82.44910000879706 37.05439622269231))"
22E,2019-06-20 21:55:00+00:00,2019-06-20 23:55:00+00:00,0.0,45000.0,"POLYGON ((-78.78 35.20452417705443, -77.06397185013083 34.34735883021229, -83.1927093850994 30.394898643962318, -88.63304941424472 30.4944329485803, -88.73333151339516 31.49799042518937, -78.78 35.20452417705443))"
10W,2019-06-20 21:55:00+00:00,2019-06-20 23:55:00+00:00,0.0,33000.0,"POLYGON ((-107.70418791252625 48.920891508920796, -106.9865444409397 47.081203486840934, -113.50327318147586 46.15376122725972, -117.05373853279104 48.48080460451851, -115.6927265360814 48.884528047598145, -107.70418791252625 48.920891508920796))"
11W,2019-06-20 21:55:00+00:00,2019-06-20 23:55:00+00:00,0.0,36000.0,"POLYGON ((-108.59935758039376 40.820703873148126, -108.54561171775033 38.59862954841747, -114.71157582612034 37.63474007060306, -112.51 39.96547582294558, -108.59935758039376 40.820703873148126))"
HOTEL 6,2019-06-20 22:15:00+00:00,2019-06-21 02:15:00+00:00,30000.0,38000.0,"POLYGON ((178.45 49.45, 172.15 48.15, 178 44.15, -176.3 36.45, -173.45 37.3, -176.3 45.3, 178.45 49.45))"
31E,2019-06-20 22:55:00+00:00,2019-06-21 00:55:00+00:00,,,"POLYGON ((-81.03492455080153 40.03675789608334, -81.96442488822929 38.45122651201385, -83.78632326156031 36.86877872365875, -80.87426497309563 39.91764240552329, -81.94967021114705 38.4671664800519, -83.91747348510174 37.01977415029491, -82.09557511177071 38.60222193865, -82.11032978885295 38.58628197061195, -81.03492455080153 40.03675789608334))"
28E,2019-06-20 22:55:00+00:00,2019-06-21 00:55:00+00:00,0.0,39000.0,"POLYGON ((-79.24 36.67171624231642, -78.0171695705353 36.48095825415831, -77.46402744929433 35.150728698302125, -79.66 34.808283757683576, -79.24 36.67171624231642))"
29E,2019-06-20 22:55:00+00:00,2019-06-21 00:55:00+00:00,0.0,41000.0,"POLYGON ((-81.61901406683738 36.84782181368486, -81.62437091417904 36.030023377555345, -83.79984273290218 35.107889491565004, -86.02030389664195 35.916889649808404, -81.61901406683738 36.84782181368486))"
25E,2019-06-20 22:55:00+00:00,2019-06-21 00:55:00+00:00,0.0,33000.0,"POLYGON ((-74.90891456741151 41.75258315791177, -73.4760466892975 41.16389352917714, -74.39382456249055 40.80277517052339, -77.07 40.73371281826268, -74.90891456741151 41.75258315791177))"
85C,2019-06-20 22:55:00+00:00,2019-06-21 00:55:00+00:00,0.0,43000.0,"POLYGON ((-94.89580678967833 44.87046020554023, -93.95487216392708 44.35662164243705, -94.82269588806682 43.935321044029074, -95.50362498740463 44.35874043889385, -94.89580678967833 44.87046020554023))"
16W,2019-06-20 22:55:00+00:00,2019-06-21 00:55:00+00:00,0.0,32000.0,"POLYGON ((-107.68920174675571 47.499496280695915, -105.21596008483473 45.8665009739966, -106.2390231414521 43.99982386499088, -110.09883464112178 46.133661235916804, -107.68920174675571 47.499496280695915))"
24E,2019-06-20 22:55:00+00:00,2019-06-21 00:55:00+00:00,0.0,34000.0,"POLYGON ((-79.43637476204614 41.95428316922093, -78.83 39.654524177054434, -81.93703734750947 40.14816621941935, -81.18443094897573 41.41808216325431, -79.43637476204614 41.95428316922093))"
26E,2019-06-20 22:55:00+00:00,2019-06-21 00:55:00+00:00,0.0,45000.0,"POLYGON ((-74.68036308969295 40.280846528183645, -73.13043552279822 39.81275060621661, -75.04452461103627 38.63862918434572, -77.42037639967373 38.28621569161832, -77.49549276097385 39.21203944064234, -74.68036308969295 40.280846528183645))"
27E,2019-06-20 22:55:00+00:00,2019-06-21 00:55:00+00:00,0.0,45000.0,"POLYGON ((-75.51 37.68452417705442, -74.94211314614527 36.253622284956656, -76.18 35.095417309845246, -77.40212595195875 35.27134227849303, -76.93185816248678 37.62669880121568, -75.51 37.68452417705442))"
30E,2019-06-20 22:55:00+00:00,2019-06-21 00:55:00+00:00,0.0,45000.0,"POLYGON ((-78.25916403450852 35.11791037357548, -76.8624767143919 34.3458732348642, -82.8068634363989 30.924837411008745, -89.31778929735192 30.436449738544702, -89.721436937724 31.107876246599915, -78.25916403450852 35.11791037357548))"
86C,2019-06-20 22:55:00+00:00,2019-06-21 00:55:00+00:00,0.0,45000.0,"POLYGON ((-105.95228150418019 43.646036931002655, -102.87101175174963 42.9643416481319, -101.94750182605699 37.609450250397586, -108.00106352932244 38.80267101878243, -109.02 41.25726208852723, -105.95228150418019 43.646036931002655))"
14W,2019-06-20 22:55:00+00:00,2019-06-21 00:55:00+00:00,0.0,33000.0,"POLYGON ((-109.0526208259624 49.008349436087784, -106.14491244475408 48.98751545986747, -106.15926209911943 47.45050436586544, -110.23703285968152 47.53846137754132, -109.0526208259624 49.008349436087784))"
15W,2019-06-20 22:55:00+00:00,2019-06-21 00:55:00+00:00,0.0,38000.0,"POLYGON ((-111.98 41.34910686720918, -108.79000000000002 39.891844778681964, -108.95327694974151 38.75247617934097, -115.28017367668232 37.540779409443786, -113.35355983372403 40.856621233222846, -111.98 41.34910686720918))"
17W,2019-06-20 22:55:00+00:00,2019-06-21 00:55:00+00:00,0.0,36000.0,"POLYGON ((-116.79765094775054 49.02720186321011, -112.2827265360814 48.884528047598145, -113.70935157967784 47.440504703306615, -116.21 46.100951645891136, -117.87653825940721 47.55973584962319, -116.79765094775054 49.02720186321011))"
ECHO 7,2019-06-20 23:00:00+00:00,2019-06-21 03:00:00+00:00,0.0,48000.0,"POLYGON ((-60 39, -61.3 37.15, -65 37.3, -64.15 38.3, -60 39))"
38E,2019-06-20 23:55:00+00:00,2019-06-21 01:55:00+00:00,,,"POLYGON ((-79.75606702479918 33.09362708860006, -80.19645293282188 32.98712785106022, -80.2225961035975 32.97673404520828, -82.62014352088704 31.60542915535529, -82.5733734729437 31.61858333324451, -84.52424281468963 31.56240003753774, -84.53451316504737 31.56157322193028, -88.3731490675581 31.05240751540914, -80.1494417440857 32.79273148243773, -79.709055836063 32.89923071997757, -82.52084599059964 31.43182039843668, -80.1232985733101 32.80312528828967, -84.51848538028891 31.3624829248407, -82.56761603854298 31.41866622054746, -88.3468509324419 30.85414403392703, -84.50821502993116 31.36330974044816, -79.75606702479918 33.09362708860006))"
39E,2019-06-20 23:55:00+00:00,2019-06-21 01:55:00+00:00,,,"POLYGON ((-80.85075428912039 40.01815754266348, -81.09967433850846 37.81637029467567, -82.25219680319043 36.53096139011783, -80.65460876860136 39.97908152981265, -81.07605602058996 37.86358958010432, -82.40110568787244 36.66447597382597, -81.24858322319048 37.94988487838381, -81.27220154110898 37.90266559295515, -80.85075428912039 40.01815754266348))"
33E,2019-06-20 23:55:00+00:00,2019-06-21 01:55:00+00:00,0.0,33000.0,"POLYGON ((-72.45 43.656287181737326, -72.69 41.650858121158215, -73.96049270179401 40.62984350438929, -77.07 40.73371281826268, -72.45 43.656287181737326))"
37E,2019-06-20 23:55:00+00:00,2019-06-21 01:55:00+00:00,0.0,42000.0,"POLYGON ((-83.72499678925121 35.95521207903709, -82.80015726709782 35.107889491565004, -84.6600867766329 35.124991739217634, -85.65144758384676 35.36787956605665, -83.72499678925121 35.95521207903709))"
36E,2019-06-20 23:55:00+00:00,2019-06-21 01:55:00+00:00,0.0,45000.0,"POLYGON ((-77.00528710458615 35.980537035696926, -76.89548371086252 34.67809308388583, -77.40605733160389 33.41415941280372, -79.1791853690429 32.88705132565269, -78.50872998343911 35.335429826899954, -77.00528710458615 35.980537035696926))"
34E,2019-06-20 23:55:00+00:00,2019-06-21 01:55:00+00:00,0.0,45000.0,"POLYGON ((-74.28537286611004 40.087042666985255, -73.86857455480725 39.09629446693417, -77.03904035042733 38.03393288186928, -76.71581088802408 39.295246423809154, -74.28537286611004 40.087042666985255))"
19W,2019-06-20 23:55:00+00:00,2019-06-21 01:55:00+00:00,0.0,39000.0,"POLYGON ((-109.02 40.722574363474635, -108.97618576755981 39.05985198436235, -114.39 37.52714530289553, -115.23715498424316 37.97032517483373, -111.10081496874221 40.570030336459624, -109.02 40.722574363474635))"
20W,2019-06-20 23:55:00+00:00,2019-06-21 01:55:00+00:00,0.0,32000.0,"POLYGON ((-107.53968130196385 47.60301804587773, -105.65252094085378 46.5840695126047, -105.57841721390504 44.610147152963094, -109.65697657601771 45.80530963797786, -107.53968130196385 47.60301804587773))"
32E,2019-06-20 23:55:00+00:00,2019-06-21 01:55:00+00:00,0.0,33000.0,"POLYGON ((-78.80362523795387 41.95428316922093, -78.05799192162736 39.49502247725446, -81.02051890845588 39.95616047618571, -80.29 41.85363104426361, -78.80362523795387 41.95428316922093))"
35E,2019-06-20 23:55:00+00:00,2019-06-21 01:55:00+00:00,0.0,45000.0,"POLYGON ((-75.31417903446648 38.286170462237266, -74.12016973503353 36.871874559671994, -74.47702885257405 35.67489660334179, -76.55987715820574 34.78869940334471, -75.91167441067203 37.580787207420215, -75.31417903446648 38.286170462237266))"
21W,2019-06-20 23:55:00+00:00,2019-06-21 01:55:00+00:00,0.0,29000.0,"POLYGON ((-116.79765094775054 49.02720186321011, -113.70935157967784 47.440504703306615, -116.21 46.100951645891136, -117.87653825940721 47.55973584962319, -116.79765094775054 49.02720186321011))"
18W,2019-06-20 23:55:00+00:00,2019-06-21 01:55:00+00:00,0.0,31000.0,"POLYGON ((-105.37386091084502 49.036724003553964, -105.7572084040494 47.628466294139, -108.89181826273175 47.94842893825933, -109.0526208259624 49.008349436087784, -105.37386091084502 49.036724003553964))"
89C,2019-06-21 00:11:00+00:00,2019-06-21 01:55:00+00:00,0.0,45000.0,"POLYGON ((-96.66454545454545 40.365403575703674, -95.75545454545454 40.365403575703674, -95.75545454545454 39.45631266661277, -96.66454545454545 39.45631266661277, -96.66454545454545 40.365403575703674))"
87C,2019-06-21 00:11:00+00:00,2019-06-21 01:55:00+00:00,0.0,43000.0,"POLYGON ((-94.5860657192455 45.39095205128576, -93.24 44.20452417705442, -95.0968350122626 43.19538883153018, -95.96264739089368 45.055198548580634, -94.5860657192455 45.39095205128576))"
88C,2019-06-21 00:11:00+00:00,2019-06-21 01:55:00+00:00,0.0,45000.0,"POLYGON ((-104.62820751412535 43.968580025891704, -102.35934286812322 42.70807838211194, -102.85271954645984 38.50729767587208, -107.28545968160415 38.91085935012289, -108.85055422053873 41.282465521740164, -104.62820751412535 43.968580025891704))"
NOVEMBER 1,2019-06-21 00:17:00+00:00,2019-06-21 04:20:00+00:00,0.0,57000.0,"POLYGON ((147.3 7.4, 151 4.3, 144.4 6.4, 147.3 7.4))"
ZULU 3,2019-06-21 00:22:00+00:00,2019-06-21 01:05:00+00:00,0.0,56000.0,"POLYGON ((135.5 11.4, 140.1 10.1, 133.4 8.3, 135.5 11.4))"
DELTA 2,2019-06-21 00:30:00+00:00,2019-06-21 04:30:00+00:00,0.0,50000.0,"POLYGON ((-130.3 9.45, -129.45 6.15, -136.3 3.45, -138.15 9, -130.3 9.45))"
ZULU 4,2019-06-21 00:40:00+00:00,2019-06-21 04:40:00+00:00,0.0,56000.0,"POLYGON ((140.2 12, 140 8.2, 134.3 10.2, 140.2 12))"
4E,2019-06-21 00:55:00+00:00,2019-06-21 02:55:00+00:00,,,"POLYGON ((-78.05151710326656 34.17716332110795, -82.42695721031735 31.28558677071989, -86.9023235534161 30.92746474689428, -81.01231065015469 32.11347094424811, -82.38388829760011 31.2992776798917, -77.9464220768189 34.0070015292275, -81.01080862384565 32.11438050281088, -86.91827670181118 31.12682747424391, -82.44291035871244 31.48494949806952, -82.48597927142968 31.4712585888977, -81.11440162398426 32.2854518532541, -81.1159036502933 32.28454229469133, -78.05151710326656 34.17716332110795))"
3E,2019-06-21 00:55:00+00:00,2019-06-21 02:55:00+00:00,0.0,45000.0,"POLYGON ((-73.65233779388055 37.726714378314924, -74.20919623022476 35.57988379367663, -77.37228537142488 34.757902753323904, -77.79519455319995 35.534025822672795, -73.65233779388055 37.726714378314924))"
2E,2019-06-21 00:55:00+00:00,2019-06-21 02:55:00+00:00,0.0,36000.0,"POLYGON ((-74.1645937093717 39.61524300639341, -73.68230669512803 39.09466412521625, -76.51787002770199 38.44992609863472, -76.28981833937164 39.27665677773225, -74.1645937093717 39.61524300639341))"
1W,2019-06-21 00:55:00+00:00,2019-06-21 02:55:00+00:00,0.0,31000.0,"POLYGON ((-107.51136488565932 46.81203345474709, -106.99774823690899 46.375215317424164, -108.1824328931964 45.50248049331834, -108.91439831254561 46.01407711557303, -107.51136488565932 46.81203345474709))"
1E,2019-06-21 00:55:00+00:00,2019-06-21 02:55:00+00:00,0.0,37000.0,"POLYGON ((-78.80362523795387 41.95428316922093, -77.87309876831033 40.04255136772626, -81.12 38.27910686720918, -80.67892236130145 41.18197536610685, -78.80362523795387 41.95428316922093))"
2W,2019-06-21 00:55:00+00:00,2019-06-21 02:55:00+00:00,0.0,40000.0,"POLYGON ((-106.79536393269667 42.16660384467801, -106.19262150876226 41.69195815133927, -108.5062426941987 40.131709290180915, -109.35730136208034 40.97468492314346, -106.79536393269667 42.16660384467801))"
3W,2019-06-21 00:55:00+00:00,2019-06-21 02:55:00+00:00,0.0,42000.0,"POLYGON ((-109.32275003380376 40.3918695669992, -109.18518381905326 38.931999292759656, -114.39 37.25178626558164, -114.8136959293143 38.2492383419313, -113.10750213744387 39.48947500186198, -109.32275003380376 40.3918695669992))"
7C,2019-06-21 01:15:00+00:00,2019-06-21 02:55:00+00:00,,,"POLYGON ((-106.1675106282764 44.31777181177772, -106.3331099597619 44.19971867313321, -106.3563174003166 44.17657960518358, -106.521255665213 43.94665033506801, -106.2170135104453 44.03686409242984, -106.0514141789598 44.15491723107435, -106.358744334787 43.8300738902639, -106.1938060698906 44.06000316037947, -106.1675106282764 44.31777181177772))"
6C,2019-06-21 01:15:00+00:00,2019-06-21 02:55:00+00:00,0.0,45000.0,"POLYGON ((-100.2723727214914 29.35907655672969, -100.18645493357589 28.847595102875545, -100.39208054524993 28.558070902739974, -100.88717505939373 29.257721711088298, -100.2723727214914 29.35907655672969))"
4C,2019-06-21 01:15:00+00:00,2019-06-21 02:55:00+00:00,0.0,45000.0,"POLYGON ((-95.92181818181818 42.07467287892265, -95.55818181818181 42.07467287892265, -95.55818181818181 41.71103651528629, -95.92181818181818 41.71103651528629, -95.92181818181818 42.07467287892265))"
5C,2019-06-21 01:15:00+00:00,2019-06-21 02:55:00+00:00,0.0,45000.0,"POLYGON ((-96.33842662929706 40.20550523817297, -95.79297208384253 40.20550523817297, -95.79297208384253 39.66005069271842, -96.33842662929706 39.66005069271842, -96.33842662929706 40.20550523817297))"
1C,2019-06-21 01:15:00+00:00,2019-06-21 02:55:00+00:00,0.0,31000.0,"POLYGON ((-104.60892193277017 45.43094321413646, -103.82542572368271 45.36048884881434, -105.11059076486171 44.93349747805575, -105.44694558970019 44.7015765019891, -105.65237913340492 44.831353799245804, -104.60892193277017 45.43094321413646))"
2C,2019-06-21 01:15:00+00:00,2019-06-21 02:55:00+00:00,0.0,45000.0,"POLYGON ((-103.33567875776569 43.74425508274491, -101.2499025121234 42.945123904023134, -102.69 38.3663689557364, -104.43462307010435 40.59469147033709, -104.9132320507295 43.08186648893285, -103.33567875776569 43.74425508274491))"
3C,2019-06-21 01:15:00+00:00,2019-06-21 02:55:00+00:00,0.0,42000.0,"POLYGON ((-93.8985870071222 44.397534794234275, -93.97934803370066 43.55873552507589, -94.77226050222166 42.961914066875394, -95.13 44.30363104426361, -93.8985870071222 44.397534794234275))"
8E,2019-06-21 01:55:00+00:00,2019-06-21 03:55:00+00:00,,,"POLYGON ((-77.76942475629538 34.12458899462714, -82.31732918408888 31.28228695064361, -86.77198129932866 30.93654158156442, -80.76538072005113 31.96135189025606, -82.28467475155631 31.29050794046922, -77.6612370862298 33.95637654548681, -80.75167949005312 31.96872482975348, -86.78745764433309 31.13594188935081, -82.3328055290933 31.48168725842999, -82.36545996162587 31.47346626860438, -80.84616593012069 32.14431021839123, -80.8598671601187 32.1369372788938, -77.76942475629538 34.12458899462714))"
5E,2019-06-21 01:55:00+00:00,2019-06-21 03:55:00+00:00,0.0,34000.0,"POLYGON ((-78.19302596377456 41.910483742610396, -76.85107474023889 40.700492740249885, -79.83649113284831 39.114158446045685, -79.91985862291918 40.295370442216075, -78.19302596377456 41.910483742610396))"
11C,2019-06-21 01:55:00+00:00,2019-06-21 03:55:00+00:00,0.0,45000.0,"POLYGON ((-96.22124395481435 40.026372927123184, -95.76669850026889 40.026372927123184, -95.76669850026889 39.57182747257773, -96.22124395481435 39.57182747257773, -96.22124395481435 40.026372927123184))"
10C,2019-06-21 01:55:00+00:00,2019-06-21 03:55:00+00:00,0.0,37000.0,"POLYGON ((-94.82269588806682 43.935321044029074, -93.55877480309618 43.49047146567881, -94.51697890640209 43.0104752619219, -94.82269588806682 43.935321044029074))"
12C,2019-06-21 01:55:00+00:00,2019-06-21 03:55:00+00:00,0.0,45000.0,"POLYGON ((-100.15833097263446 29.137305365563698, -99.86030102103142 28.414269102975833, -99.99883715737353 27.989937262150494, -100.64337466803072 29.09280795353022, -100.15833097263446 29.137305365563698))"
6W,2019-06-21 01:55:00+00:00,2019-06-21 03:55:00+00:00,0.0,40000.0,"POLYGON ((-111.17316905055833 39.80335833313089, -111.22488965348774 38.82774094553765, -114.7390525195202 37.58165025434432, -115.40580681103346 37.91366330651509, -112.88364333215642 39.299402854385775, -111.17316905055833 39.80335833313089))"
5W,2019-06-21 01:55:00+00:00,2019-06-21 03:55:00+00:00,0.0,38000.0,"POLYGON ((-105.93473068330248 42.47465831949591, -104.51749909740575 42.20367767121002, -107.90831249280167 40.709407469187745, -108.20120342901788 41.332422181714335, -105.93473068330248 42.47465831949591))"
6E,2019-06-21 01:55:00+00:00,2019-06-21 03:55:00+00:00,0.0,37000.0,"POLYGON ((-75.29641016433625 39.81677790752794, -73.63248767534557 39.5625981908302, -73.29947530870179 39.09038250560784, -75.59101132866553 38.19626723169967, -75.29641016433625 39.81677790752794))"
7E,2019-06-21 01:55:00+00:00,2019-06-21 03:55:00+00:00,0.0,45000.0,"POLYGON ((-73.91083226975601 36.2385671361986, -73.91498722514666 35.4745690241172, -76.80195579376843 35.02874193222278, -76.75046094449773 36.067644441501535, -73.91083226975601 36.2385671361986))"
8C,2019-06-21 01:55:00+00:00,2019-06-21 03:55:00+00:00,0.0,39000.0,"POLYGON ((-103.4982867424081 45.62801480959251, -104.51639071280185 44.41581846753475, -106.26389690867636 43.69245457181577, -106.08225318607404 44.614265157609, -103.4982867424081 45.62801480959251))"
9C,2019-06-21 01:55:00+00:00,2019-06-21 03:55:00+00:00,0.0,45000.0,"POLYGON ((-104.29983020489196 44.35477496333659, -102.31640990714645 43.977902230126254, -101.357540835829 40.00434857752905, -102.08731086663174 38.669026645638255, -104.42825988699146 41.824317088729245, -104.29983020489196 44.35477496333659))"
4W,2019-06-21 01:55:00+00:00,2019-06-21 03:55:00+00:00,0.0,30000.0,"POLYGON ((-107.83042723151054 47.05727876551986, -106.91458850202353 46.37594473294722, -107.72908967993156 45.30861974006429, -109.12312682560994 45.45596929544453, -107.83042723151054 47.05727876551986))"
ECHO 8,2019-06-21 02:30:00+00:00,2019-06-21 06:30:00+00:00,0.0,48000.0,"POLYGON ((-65 38.3, -59.3 38.15, -59.45 37.15, -65 37.45, -65 38.3))"
13E,2019-06-21 02:55:00+00:00,2019-06-21 04:55:00+00:00,0.0,45000.0,"POLYGON ((-86.94997552489423 31.997137583186007, -83.78045934522974 31.658987756075906, -84.11245745876575 30.604239279717977, -86.34327727025729 30.829564570585955, -86.94997552489423 31.997137583186007))"
16C,2019-06-21 02:55:00+00:00,2019-06-21 04:55:00+00:00,0.0,45000.0,"POLYGON ((-101.5709912326608 41.66046482767249, -100.32312279407101 39.995238906929515, -102.13810856486198 38.198708251781795, -104.23872172142548 41.042802717112636, -101.5709912326608 41.66046482767249))"
13C,2019-06-21 02:55:00+00:00,2019-06-21 04:55:00+00:00,0.0,36000.0,"POLYGON ((-104.17863611400301 47.98246736323873, -106.39206450921829 46.07246370061498, -107.31483582298746 46.75919542749286, -106.46478819395807 47.95274893931946, -104.17863611400301 47.98246736323873))"
9E,2019-06-21 02:55:00+00:00,2019-06-21 04:55:00+00:00,0.0,35000.0,"POLYGON ((-77.71310436301343 41.97082997525696, -76.63709235492043 41.50230481931932, -76.5202888739819 39.85201902984981, -79.12 41.69089313279081, -77.71310436301343 41.97082997525696))"
12E,2019-06-21 02:55:00+00:00,2019-06-21 04:55:00+00:00,0.0,45000.0,"POLYGON ((-77.30321449924853 33.87812953217041, -76.05057862301025 32.80714986095124, -81.73027672641336 29.878700770027603, -82.51 30.874524177054425, -77.30321449924853 33.87812953217041))"
10E,2019-06-21 02:55:00+00:00,2019-06-21 04:55:00+00:00,0.0,31000.0,"POLYGON ((-74.43000000000002 40.152737911472784, -73.23596497331097 39.43186283948943, -73.08516236222573 39.08743876924111, -75.0857196759715 38.34923560395476, -74.43000000000002 40.152737911472784))"
11E,2019-06-21 02:55:00+00:00,2019-06-21 04:55:00+00:00,0.0,39000.0,"POLYGON ((-74.95197545605652 36.883474052404104, -73.08616631909956 36.2201531071537, -74.31958095363107 34.7161654317201, -75.42000791027768 36.0029266149991, -74.95197545605652 36.883474052404104))"
14C,2019-06-21 02:55:00+00:00,2019-06-21 04:55:00+00:00,0.0,35000.0,"POLYGON ((-103.4090211639174 45.78226306500693, -103.54927878119558 44.900973942611095, -105.58897772544731 43.74216648626168, -106.08225318607404 44.614265157609, -103.4090211639174 45.78226306500693))"
15C,2019-06-21 02:55:00+00:00,2019-06-21 04:55:00+00:00,0.0,45000.0,"POLYGON ((-101.98833187686918 44.61856953148195, -101.1231492316347 43.38794686891666, -102.02464050299476 42.326516151160604, -104.77 42.37458269015475, -101.98833187686918 44.61856953148195))"
8W,2019-06-21 02:55:00+00:00,2019-06-21 04:55:00+00:00,0.0,40000.0,"POLYGON ((-110.74130995190455 39.66782450372679, -112.0897607527305 37.689813383126996, -114.39 37.41815522131804, -115.13299793914501 37.659446049214516, -114.97871144765207 38.439531252544754, -110.74130995190455 39.66782450372679))"
7W,2019-06-21 02:55:00+00:00,2019-06-21 04:55:00+00:00,0.0,30000.0,"POLYGON ((-107.59437687206025 46.51129577722362, -107.9505694691763 45.33747167715014, -109.4979993872156 45.5519605380617, -107.59437687206025 46.51129577722362))"
NOVEMBER 2,2019-06-21 03:09:00+00:00,2019-06-21 07:10:00+00:00,0.0,55000.0,"POLYGON ((147.2 7.5, 152.3 5.3, 144.1 6.1, 147.2 7.5))"
15E,2019-06-21 03:55:00+00:00,2019-06-21 05:55:00+00:00,0.0,31000.0,"POLYGON ((-75.66392538650948 39.37344285729324, -75.24855629795971 38.55416432200136, -76.1572016037216 37.837080098416116, -76.64784302316369 38.55266168855981, -75.66392538650948 39.37344285729324))"
14E,2019-06-21 03:55:00+00:00,2019-06-21 05:55:00+00:00,0.0,32000.0,"POLYGON ((-77.74697403622542 41.910483742610396, -76.39374668148446 41.72303085002943, -76.50132965711971 40.298607892492285, -79.41618545977478 41.655352643227594, -77.74697403622542 41.910483742610396))"
17C,2019-06-21 03:55:00+00:00,2019-06-21 05:55:00+00:00,0.0,30000.0,"POLYGON ((-106.63 47.497145302895525, -105.70763052178827 46.78044369621699, -106.03000027939136 46.24640592751607, -107.20086933977028 47.28360536189354, -106.63 47.497145302895525))"
16E,2019-06-21 03:55:00+00:00,2019-06-21 05:55:00+00:00,0.0,39000.0,"POLYGON ((-73.88878353051349 37.04470211969614, -72.67399383088501 36.208824888541756, -73.35575740293993 35.27164877728828, -74.3232960069668 36.24565132680632, -73.88878353051349 37.04470211969614))"
17E,2019-06-21 03:55:00+00:00,2019-06-21 05:55:00+00:00,0.0,43000.0,"POLYGON ((-76.25804524564349 34.33943617623588, -76.05057862301025 32.80714986095124, -80.35341914619903 30.334910875458505, -81.51 31.17184477868197, -76.25804524564349 34.33943617623588))"
18C,2019-06-21 03:55:00+00:00,2019-06-21 05:55:00+00:00,0.0,36000.0,"POLYGON ((-103.4090211639174 45.78226306500693, -102.8144203923438 45.39312629184696, -104.62820751412535 43.968580025891704, -105.27910639067169 44.81766039786863, -103.4090211639174 45.78226306500693))"
20C,2019-06-21 03:55:00+00:00,2019-06-21 05:55:00+00:00,0.0,45000.0,"POLYGON ((-101.85581310764732 41.8682369186263, -99.57909645998629 40.513947590780106, -101.05555735875039 38.534372807844115, -104.41300982112813 39.348622653437666, -103.42154887077645 41.0991571670783, -101.85581310764732 41.8682369186263))"
19C,2019-06-21 03:55:00+00:00,2019-06-21 05:55:00+00:00,0.0,45000.0,"POLYGON ((-103.93476984997646 43.97627070091434, -100.5165270174106 43.49103491467323, -101.6459915899952 42.04868459653098, -104.60065713187677 42.70807838211194, -103.93476984997646 43.97627070091434))"
10W,2019-06-21 03:55:00+00:00,2019-06-21 05:55:00+00:00,0.0,40000.0,"POLYGON ((-112.08002052695258 39.29920920862755, -112.3 37.69, -114.39 37.41815522131804, -114.55283266794724 38.55729747409322, -112.08002052695258 39.29920920862755))"
9W,2019-06-21 03:55:00+00:00,2019-06-21 05:55:00+00:00,0.0,31000.0,"POLYGON ((-107.39679322560785 46.37087620078336, -107.51503122874871 45.60762902589644, -108.9894439511609 46.42422872804621, -107.39679322560785 46.37087620078336))"
DELTA 3,2019-06-21 04:00:00+00:00,2019-06-21 08:00:00+00:00,0.0,50000.0,"POLYGON ((-128.3 10, -130.3 5.45, -138.15 3.45, -139.45 8.45, -128.3 10))"
OSCAR 1,2019-06-21 04:43:00+00:00,2019-06-21 08:45:00+00:00,0.0,55000.0,"POLYGON ((140 5, 143.3 3.4, 141.4 0.4, 137.3 3.4, 140 5))"
PAPA 1,2019-06-21 04:49:00+00:00,2019-06-21 08:50:00+00:00,0.0,50000.0,"POLYGON ((141.3 17, 143.4 14.4, 139.1 15.4, 141.3 17))"
22C,2019-06-21 04:55:00+00:00,2019-06-21 06:55:00+00:00,0.0,31000.0,"POLYGON ((-103.24490500107471 45.51250481375545, -101.95671539347416 45.48045505507382, -103.75522596371403 44.19888368098559, -105.13179940019653 44.37984243892516, -103.24490500107471 45.51250481375545))"
25C,2019-06-21 04:55:00+00:00,2019-06-21 06:55:00+00:00,0.0,45000.0,"POLYGON ((-102.6839131970468 41.63388729880232, -101.4225552914432 40.536901165368874, -103.53844583017613 39.4916138636283, -104.0954035535043 39.8086318538105, -102.6839131970468 41.63388729880232))"
26C,2019-06-21 04:55:00+00:00,2019-06-21 06:55:00+00:00,0.0,45000.0,"POLYGON ((-100.1748967139653 41.04857053511101, -98.71493161825046 40.71158955920409, -100.44314420956908 38.85910679185866, -101.55753204074936 39.49215204421651, -100.1748967139653 41.04857053511101))"
24C,2019-06-21 04:55:00+00:00,2019-06-21 06:55:00+00:00,0.0,45000.0,"POLYGON ((-100.44711505379892 44.59409539484831, -99.7772459508684 43.72152555312736, -100.89279149341188 42.289822440061045, -102.50783992952638 42.601517316286255, -100.44711505379892 44.59409539484831))"
21C,2019-06-21 04:55:00+00:00,2019-06-21 06:55:00+00:00,0.0,32000.0,"POLYGON ((-106.02114012444366 47.8094749082201, -105.35279812700898 46.78736213179506, -108.03764034995262 45.39960502054951, -108.05487448366868 46.74358622041784, -106.02114012444366 47.8094749082201))"
11W,2019-06-21 04:55:00+00:00,2019-06-21 06:55:00+00:00,0.0,35000.0,"POLYGON ((-111.98465126920432 38.88990771647924, -112.13108727710637 37.745204481696916, -114.7390525195202 37.58165025434432, -114.72964036156255 38.13886042075568, -111.98465126920432 38.88990771647924))"
18E,2019-06-21 04:55:00+00:00,2019-06-21 06:55:00+00:00,0.0,34000.0,"POLYGON ((-75.29641016433625 39.81677790752794, -74.4746670296379 38.48472652688033, -75.83200966535846 37.73473849344333, -75.79476920442723 39.414116056567906, -75.29641016433625 39.81677790752794))"
19E,2019-06-21 04:55:00+00:00,2019-06-21 06:55:00+00:00,0.0,45000.0,"POLYGON ((-75.6537279468731 34.33002969055372, -75.10928185556631 33.36391611371047, -77.50317978545469 31.973007508938025, -78.22272011451275 32.24017317440624, -75.6537279468731 34.33002969055372))"
23C,2019-06-21 04:55:00+00:00,2019-06-21 06:55:00+00:00,0.0,42000.0,"POLYGON ((-101.93627809390568 44.29332315017509, -102.48721872157697 43.056567324880525, -103.82543300212318 42.50430486279821, -103.70359009285356 43.977902230126254, -101.93627809390568 44.29332315017509))"
21E,2019-06-21 05:55:00+00:00,2019-06-21 07:55:00+00:00,0.0,45000.0,"POLYGON ((-77.27534482102625 33.146461779908975, -76.16541295010077 32.90695501512386, -77.83262208423578 32.09602859371997, -78.459325072573 32.32679622829023, -77.27534482102625 33.146461779908975))"
32C,2019-06-21 05:55:00+00:00,2019-06-21 07:55:00+00:00,0.0,45000.0,"POLYGON ((-99.06444660293339 41.59909444717231, -97.94319537555921 41.07260047758055, -98.5492733547666 39.64192441020418, -99.54216850258128 39.03667413074764, -100.93917172218462 40.08882520536087, -99.06444660293339 41.59909444717231))"
29C,2019-06-21 05:55:00+00:00,2019-06-21 07:55:00+00:00,0.0,38000.0,"POLYGON ((-102.45159732619115 44.14461745658084, -101.27508957380921 44.05260607459388, -102.55481040268157 43.1776919902386, -103.01 43.112574363474636, -102.45159732619115 44.14461745658084))"
31C,2019-06-21 05:55:00+00:00,2019-06-21 07:55:00+00:00,0.0,45000.0,"POLYGON ((-102.0207900362415 41.096022373230575, -100.75 41.05, -102.78051746134477 39.85263067248394, -103.18 40.16, -102.0207900362415 41.096022373230575))"
12W,2019-06-21 05:55:00+00:00,2019-06-21 07:55:00+00:00,0.0,34000.0,"POLYGON ((-111.73634283051776 40.40386438497823, -111.6432025772338 40.22687598643697, -113.15601604682897 39.43075697021429, -113.24915630011293 39.607745368755545, -111.73634283051776 40.40386438497823))"
20E,2019-06-21 05:55:00+00:00,2019-06-21 07:55:00+00:00,0.0,33000.0,"POLYGON ((-74.89187148802243 40.17200868137641, -73.45582336805289 38.033461230211444, -75.06215990182055 37.99622458548752, -75.29641016433625 39.81677790752794, -74.89187148802243 40.17200868137641))"
28C,2019-06-21 05:55:00+00:00,2019-06-21 07:55:00+00:00,0.0,30000.0,"POLYGON ((-102.58483994101807 46.55244037390839, -101.9926982923113 45.54079190811345, -103.97938773307705 43.27002758203392, -104.33894654333886 44.91350285953231, -102.58483994101807 46.55244037390839))"
30C,2019-06-21 05:55:00+00:00,2019-06-21 07:55:00+00:00,0.0,44000.0,"POLYGON ((-100.79630670541043 43.15539279488114, -99.99 43.06910686720917, -101.26377910226572 41.97109753444831, -102.02464050299476 42.326516151160604, -100.79630670541043 43.15539279488114))"
27C,2019-06-21 05:55:00+00:00,2019-06-21 07:55:00+00:00,0.0,31000.0,"POLYGON ((-104.29182043393912 48.61837976798527, -103.29626634392174 47.68853394889039, -106.12015856680293 46.26223300495527, -107.39679322560785 46.37087620078336, -104.29182043393912 48.61837976798527))"
QUEBEC 1,2019-06-21 06:14:00+00:00,2019-06-21 10:15:00+00:00,0.0,46000.0,"POLYGON ((-165 30.1, -163.2 28.1, -166.4 26.2, -168.2 30, -165 30.1))"
NOVEMBER 3,2019-06-21 06:28:00+00:00,2019-06-21 10:30:00+00:00,0.0,55000.0,"POLYGON ((148.4 7.2, 153.5 5, 152.2 0.5, 147.1 4, 148.4 7.2))"
LIMA 1,2019-06-21 06:40:00+00:00,2019-06-21 10:40:00+00:00,0.0,48000.0,"POLYGON ((-72.3 33.15, -72.3 31.15, -77.45 31.15, -77.45 33, -72.3 33.15))"
35C,2019-06-21 06:55:00+00:00,2019-06-21 08:55:00+00:00,0.0,45000.0,"POLYGON ((-101.51679574372328 41.04745875999384, -99.98320425627674 41.04745875999384, -101.83372331570637 39.657044028323035, -102.76107933813803 40.699093717280405, -101.51679574372328 41.04745875999384))"
36C,2019-06-21 06:55:00+00:00,2019-06-21 08:55:00+00:00,0.0,45000.0,"POLYGON ((-98.05261783373139 41.91388354376686, -96.9117652709699 40.4191845487034, -98.54918941102589 38.92631687559134, -100.85849161724963 40.40414454642519, -98.91358233014047 42.06908350488517, -98.05261783373139 41.91388354376686))"
34C,2019-06-21 06:55:00+00:00,2019-06-21 08:55:00+00:00,0.0,44000.0,"POLYGON ((-100.83113806483308 43.18030497658691, -99.57151067277032 42.87592213243859, -101.63927127729782 41.32321472983598, -102.78784340733955 42.399067185507846, -100.83113806483308 43.18030497658691))"
22E,2019-06-21 06:55:00+00:00,2019-06-21 08:55:00+00:00,0.0,33000.0,"POLYGON ((-73.82797085575926 40.00944651299776, -72.83733237032443 38.44680654051038, -74.14650881339011 37.89641630566643, -74.60211748215669 39.036166035948035, -73.82797085575926 40.00944651299776))"
23E,2019-06-21 06:55:00+00:00,2019-06-21 08:55:00+00:00,0.0,43000.0,"POLYGON ((-68.9609888033428 39.27681015139469, -68.64439000461954 38.65853257062535, -70.03 38.28535879674494, -70.03 39.117203575426906, -68.9609888033428 39.27681015139469))"
33C,2019-06-21 06:55:00+00:00,2019-06-21 08:55:00+00:00,0.0,31000.0,"POLYGON ((-104.06440741892322 48.917517965117064, -103.05464121242382 47.795875117234395, -105.95 46.38, -106.32336612926579 46.99421675307747, -104.06440741892322 48.917517965117064))"
26E,2019-06-21 07:55:00+00:00,2019-06-21 09:55:00+00:00,0.0,41000.0,"POLYGON ((-68.83166597405446 42.95200569161366, -68.74369655676958 42.772391155390785, -70.22553785512642 42.046632994239566, -70.3135072724113 42.22624753046244, -68.83166597405446 42.95200569161366))"
42C,2019-06-21 07:55:00+00:00,2019-06-21 09:55:00+00:00,0.0,41000.0,"POLYGON ((-98.91176217831752 33.87893126217049, -98.25895762690622 33.32172515872774, -99.0659044784045 32.75413302977831, -98.91176217831752 33.87893126217049))"
39C,2019-06-21 07:55:00+00:00,2019-06-21 09:55:00+00:00,0.0,45000.0,"POLYGON ((-100.16000000000001 43.667145302895534, -99.10781290671083 42.77592479554689, -99.91503677625015 42.436409405033345, -100.89279149341188 42.289822440061045, -100.16000000000001 43.667145302895534))"
37C,2019-06-21 07:55:00+00:00,2019-06-21 09:55:00+00:00,0.0,30000.0,"POLYGON ((-104.00009759012434 48.81707262039214, -103.17874955077045 48.25995264370374, -106.1438059915296 46.435161319115814, -106.63 47.35257436347464, -104.00009759012434 48.81707262039214))"
24E,2019-06-21 07:55:00+00:00,2019-06-21 09:55:00+00:00,0.0,33000.0,"POLYGON ((-72.32 40.08815522131805, -71.65816773039383 39.6884500990038, -73.1624671194656 37.79439888745279, -73.83130798527023 39.62745937794265, -72.32 40.08815522131805))"
25E,2019-06-21 07:55:00+00:00,2019-06-21 09:55:00+00:00,0.0,43000.0,"POLYGON ((-68.34144020317794 39.973481077996794, -67.30044754029973 39.129660194324835, -68.64439000461954 38.65853257062535, -70.03 39.4499414868997, -68.34144020317794 39.973481077996794))"
41C,2019-06-21 07:55:00+00:00,2019-06-21 09:55:00+00:00,0.0,45000.0,"POLYGON ((-96.78 42.65178626558165, -95.32886974048144 42.286959382729094, -95.99553618916529 41.63083337471376, -97.11372534439974 41.755406180852404, -97.85311115081055 42.7216298883494, -96.78 42.65178626558165))"
40C,2019-06-21 07:55:00+00:00,2019-06-21 09:55:00+00:00,0.0,45000.0,"POLYGON ((-98.06678146753765 42.277308836700534, -96.12645486927673 40.353674880903995, -98.04772770216081 38.92921957284507, -102.16969888251151 40.47395381283711, -98.06678146753765 42.277308836700534))"
38C,2019-06-21 07:55:00+00:00,2019-06-21 09:55:00+00:00,0.0,33000.0,"POLYGON ((-102.65237632805777 44.594265547331375, -100.97493993792489 43.798880893317516, -101.88125570471217 43.15091100893687, -103.01 43.480893132790825, -102.65237632805777 44.594265547331375))"
45C,2019-06-21 08:55:00+00:00,2019-06-21 10:55:00+00:00,0.0,45000.0,"POLYGON ((-97.96826765631303 42.24643155054938, -95.5082347290301 40.4191845487034, -96.87663920825123 38.9276427670928, -102.91166777150951 40.364144985347295, -97.96826765631303 42.24643155054938))"
44C,2019-06-21 08:55:00+00:00,2019-06-21 10:55:00+00:00,0.0,33000.0,"POLYGON ((-99.7772459508684 43.72152555312736, -98.2341168837782 43.27050057259007, -99.91503677625015 42.436409405033345, -100.89279149341188 42.289822440061045, -99.7772459508684 43.72152555312736))"
28E,2019-06-21 08:55:00+00:00,2019-06-21 10:55:00+00:00,0.0,43000.0,"POLYGON ((-67.20588139869567 40.353886757935626, -67.15378242906115 39.00836505537713, -68.64439000461954 38.65853257062535, -69.1213873865366 39.585623900234644, -67.20588139869567 40.353886757935626))"
27E,2019-06-21 08:55:00+00:00,2019-06-21 10:55:00+00:00,0.0,33000.0,"POLYGON ((-71.39573835756471 40.210444953087425, -72.25555602617851 38.24451853059374, -73.27347982268655 39.70669969079457, -71.39573835756471 40.210444953087425))"
43C,2019-06-21 08:55:00+00:00,2019-06-21 10:55:00+00:00,0.0,30000.0,"POLYGON ((-103.58 48.98184477868196, -103.04736551185611 48.50169766262356, -104.72472114564162 47.8259575261039, -106.63 48.71910686720918, -103.58 48.98184477868196))"
47C,2019-06-21 08:55:00+00:00,2019-06-21 10:55:00+00:00,0.0,45000.0,"POLYGON ((-98.59 33.99, -98.14274409829889 33.24716666333695, -99.15812776515703 33.06625800447078, -98.59 33.99))"
46C,2019-06-21 08:55:00+00:00,2019-06-21 10:55:00+00:00,0.0,45000.0,"POLYGON ((-97.42528055796632 43.177613754538115, -93.90661383007891 41.90083067810062, -92.59 40.79547582294558, -97.85311115081055 42.7216298883494, -97.42528055796632 43.177613754538115))"
QUEBEC 2,2019-06-21 09:17:00+00:00,2019-06-21 13:20:00+00:00,0.0,46000.0,"POLYGON ((-167 30, -164.1 29.5, -163.2 28.1, -165.5 26.3, -167 30))"
ROMEO 1,2019-06-21 09:21:00+00:00,2019-06-21 13:25:00+00:00,0.0,50000.0,"POLYGON ((-176.1 10.4, -169 10.2, -169.2 6.5, -175.4 7, -176.1 10.4))"
NOVEMBER 4,2019-06-21 09:53:00+00:00,2019-06-21 13:55:00+00:00,0.0,55000.0,"POLYGON ((149.4 6, 152.1 5.4, 152.3 3, 149.4 2.4, 149.4 6))"
52C,2019-06-21 09:55:00+00:00,2019-06-21 11:55:00+00:00,0.0,45000.0,"POLYGON ((-98.26739879197679 34.10022898024189, -97.52911164414667 33.27795762192466, -98.59 33.122574363474634, -98.26739879197679 34.10022898024189))"
49C,2019-06-21 09:55:00+00:00,2019-06-21 11:55:00+00:00,0.0,40000.0,"POLYGON ((-100.77670401778887 44.06715602120359, -100.67980513657567 43.892197149409014, -101.978937258953 43.172688341908824, -102.0758361401662 43.3476472137034, -100.77670401778887 44.06715602120359))"
50C,2019-06-21 09:55:00+00:00,2019-06-21 11:55:00+00:00,0.0,45000.0,"POLYGON ((-97.51411375493373 42.463989942232594, -95.02786583802015 41.38911072022567, -95.59947095622252 39.01020985067779, -99.37089330799328 38.98021322445299, -102.64170781000422 40.567666078575265, -97.51411375493373 42.463989942232594))"
30E,2019-06-21 09:55:00+00:00,2019-06-21 11:55:00+00:00,0.0,43000.0,"POLYGON ((-67.00718342785322 40.285131084847016, -67.00761984485005 38.886886920236115, -68.56609569777747 38.503830832121295, -68.34144020317794 39.973481077996794, -67.00718342785322 40.285131084847016))"
29E,2019-06-21 09:55:00+00:00,2019-06-21 11:55:00+00:00,0.0,33000.0,"POLYGON ((-68.54860539674647 43.411482893540494, -67.74150929033074 42.836156475725076, -67.5470787071661 42.01750025405275, -68.54860539674647 43.411482893540494))"
51C,2019-06-21 09:55:00+00:00,2019-06-21 11:55:00+00:00,0.0,45000.0,"POLYGON ((-96.78 43.317262088527215, -93.17664190020948 41.791954743921785, -92.59 40.62910686720918, -98.27240039918733 42.59657625916663, -96.78 43.317262088527215))"
48C,2019-06-21 09:55:00+00:00,2019-06-21 11:55:00+00:00,0.0,31000.0,"POLYGON ((-103.09559258107677 48.91751796511705, -103.58 47.817262088527215, -105.38160397298235 48.21324207865482, -106.14491244475408 48.98751545986747, -103.09559258107677 48.91751796511705))"
LIMA 2,2019-06-21 10:30:00+00:00,2019-06-21 14:30:00+00:00,0.0,45000.0,"POLYGON ((-71 33.3, -70.45 31.15, -75.45 31, -75.45 33, -71 33.3))"
MIKE 1,2019-06-21 10:40:00+00:00,2019-06-21 14:40:00+00:00,0.0,45000.0,"POLYGON ((-64.15 42.3, -63.3 40.3, -67.15 38.45, -68 40.3, -64.15 42.3))"
55C,2019-06-21 10:55:00+00:00,2019-06-21 12:55:00+00:00,,,"POLYGON ((-98.53791702625053 42.82753430593996, -94.36672072610946 42.37840324239126, -92.66672072610946 40.34495479172743, -98.55129435816586 42.62798218996313, -94.29668866595767 42.34276711101052, -92.51327927389055 40.47323464494278, -94.21327927389055 42.50668309560661, -94.28331133404234 42.54231922698735, -98.53791702625053 42.82753430593996))"
57C,2019-06-21 10:55:00+00:00,2019-06-21 12:55:00+00:00,0.0,45000.0,"POLYGON ((-98.0944362486221 34.39791627721302, -97.30508637802286 33.40398534612547, -98.59 33.267145302895536, -98.0944362486221 34.39791627721302))"
54C,2019-06-21 10:55:00+00:00,2019-06-21 12:55:00+00:00,0.0,41000.0,"POLYGON ((-100.67264428370359 44.13403085676246, -100.50121822326656 44.031010927607774, -101.1816921441202 42.898696389641735, -101.35311820455723 43.00171631879642, -100.67264428370359 44.13403085676246))"
53C,2019-06-21 10:55:00+00:00,2019-06-21 12:55:00+00:00,0.0,32000.0,"POLYGON ((-99.75374902594356 44.3730929094467, -97.94559568659952 43.73808740701413, -98.01186579549031 43.549385863121124, -99.82001913483435 44.184391365553694, -99.75374902594356 44.3730929094467))"
56C,2019-06-21 10:55:00+00:00,2019-06-21 12:55:00+00:00,0.0,45000.0,"POLYGON ((-97.33684488142256 42.462041123390755, -94.11823770129733 41.0861259439731, -94.5761939384378 38.982475242413514, -99.2419520801904 38.937482802290475, -101.56210118911311 40.79247686957094, -97.33684488142256 42.462041123390755))"
59C,2019-06-21 11:55:00+00:00,2019-06-21 13:55:00+00:00,,,"POLYGON ((-98.52198348159938 45.33096420241776, -96.92126661169385 43.65478201538675, -96.95874586429348 43.67945242235803, -94.67644287641096 42.83112950237782, -97.06590647944086 43.51665414470842, -98.66662334934638 45.19283633173943, -94.74612423895871 42.64366081775692, -97.02842722684123 43.49198373773714, -98.52198348159938 45.33096420241776))"
61C,2019-06-21 11:55:00+00:00,2019-06-21 13:55:00+00:00,,,"POLYGON ((-97.36551011667885 34.29153965287938, -97.17344881453926 33.99496121385535, -97.27267297911246 32.86084501932685, -97.16557965464347 34.28626610091575, -97.17310303918774 34.001040173802, -97.4719118904448 32.87827649118379, -97.3726877258716 34.01239268571229, -97.37303350122312 34.00631372576563, -97.36551011667885 34.29153965287938))"
58C,2019-06-21 11:55:00+00:00,2019-06-21 13:55:00+00:00,0.0,41000.0,"POLYGON ((-100.1693025722448 44.306502534422755, -99.99620701946093 44.20631306588216, -100.81428608082477 42.792932503929, -100.98738163360865 42.893121972469594, -100.1693025722448 44.306502534422755))"
60C,2019-06-21 11:55:00+00:00,2019-06-21 13:55:00+00:00,0.0,45000.0,"POLYGON ((-95.0968350122626 43.19538883153018, -92.64148035464984 41.833737977184114, -94.49 38.76910686720919, -99.2419520801904 38.937482802290475, -98.35000000000001 41.712737911472786, -95.0968350122626 43.19538883153018))"
ALFA 1,2019-06-21 12:25:00+00:00,2019-06-21 16:25:00+00:00,0.0,46000.0,"POLYGON ((-59.3 36.15, -57 32.15, -61.45 27.3, -65.45 32.45, -59.3 36.15))"
QUEBEC 3,2019-06-21 12:53:00+00:00,2019-06-21 16:55:00+00:00,0.0,48000.0,"POLYGON ((-163 29.5, -163.2 28.1, -165.3 26.5, -165.3 29.5, -163 29.5))"
ROMEO 2,2019-06-21 12:54:00+00:00,2019-06-21 16:55:00+00:00,0.0,55000.0,"POLYGON ((-176.1 10.4, -165.4 9.5, -169.5 5.5, -175.5 7.1, -176.1 10.4))"
62C,2019-06-21 12:55:00+00:00,2019-06-21 14:55:00+00:00,,,"POLYGON ((-98.46598033752052 45.37048347228403, -96.85007719497415 43.67620670969294, -96.89115196037315 43.70216822599019, -94.58171367223332 42.941345790101, -96.99480635980706 43.53817240654053, -98.61070950235343 45.23244916913162, -94.64429330626822 42.7513884543541, -96.95373159440805 43.51221089024329, -98.46598033752052 45.37048347228403))"
64C,2019-06-21 12:55:00+00:00,2019-06-21 14:55:00+00:00,0.0,45000.0,"POLYGON ((-97.0659696533743 41.16239633916271, -95.33241744153506 41.041947541371826, -95.80828030310572 40.071971730078126, -96.55072191766307 38.92512254310652, -97.62 38.43089313279083, -98.26158567090548 38.92824405714463, -97.0659696533743 41.16239633916271))"
65C,2019-06-21 12:55:00+00:00,2019-06-21 14:55:00+00:00,0.0,45000.0,"POLYGON ((-90.08260542035002 36.27225553280849, -88.7029216974982 36.01841945391434, -88.70424700802923 34.70397707784831, -89.4086900535937 34.54809648938937, -90.54173865027033 34.82770495736234, -90.08260542035002 36.27225553280849))"
63C,2019-06-21 12:55:00+00:00,2019-06-21 14:55:00+00:00,0.0,45000.0,"POLYGON ((-94.4638716804157 42.917278691217355, -92.22768175307121 41.709350243626794, -93.70414918168065 38.52205021385549, -95.34394679936435 38.817872298875415, -94.63499917094178 41.164719545556316, -94.4638716804157 42.917278691217355))"
SIERRA 1,2019-06-21 12:58:00+00:00,2019-06-21 17:00:00+00:00,0.0,53000.0,"POLYGON ((136.1 14.1, 139.2 11.4, 136.3 8.2, 133.5 11.2, 136.1 14.1))"
LIMA 3,2019-06-21 13:30:00+00:00,2019-06-21 17:30:00+00:00,0.0,46000.0,"POLYGON ((-70.3 33.45, -69.45 31.3, -74 30.45, -74.3 32.45, -70.3 33.45))"
TANGO 1,2019-06-21 13:46:00+00:00,2019-06-21 17:50:00+00:00,0.0,52000.0,"POLYGON ((165.2 9.5, 169 6.5, 167.2 5, 163 8.1, 165.2 9.5))"
66C,2019-06-21 13:55:00+00:00,2019-06-21 15:55:00+00:00,,,"POLYGON ((-98.35119022641072 45.44665647556577, -97.03358616862843 43.95249052344828, -97.08938527023119 43.98448901190594, -96.672002053834 43.90281433186936, -97.18359246618346 43.82021009899389, -98.50119652396575 45.31437605111137, -96.71041014818351 43.70653693049966, -97.1277933645807 43.78821161053624, -98.35119022641072 45.44665647556577))"
69C,2019-06-21 13:55:00+00:00,2019-06-21 15:55:00+00:00,0.0,45000.0,"POLYGON ((-89.32 36.30914187884179, -88.65759188270688 36.239480232928884, -88.3693151059244 34.70684154330769, -89.4831732380986 34.61007770294965, -90.11467241977479 34.75279327665285, -89.32 36.30914187884179))"
68C,2019-06-21 13:55:00+00:00,2019-06-21 15:55:00+00:00,0.0,45000.0,"POLYGON ((-94.85657693717796 40.8899924823604, -94.88351589707548 39.557044342483486, -95.77054422283459 38.95349750043532, -97.07209355636786 37.914886043485225, -97.47829368137049 38.66278192047909, -96.21 40.63371281826269, -94.85657693717796 40.8899924823604))"
67C,2019-06-21 13:55:00+00:00,2019-06-21 15:55:00+00:00,0.0,45000.0,"POLYGON ((-93.33 42.800858121158214, -91.8030893441473 41.519838518604544, -92.61188458841984 38.50266285889733, -94.63145829063698 38.53704749625457, -94.05717645292083 41.132598963870755, -93.33 42.800858121158214))"
71C,2019-06-21 14:55:00+00:00,2019-06-21 16:55:00+00:00,,,"POLYGON ((-92.5013869431566 40.45543828484513, -92.32967992507461 38.75527201140254, -94.31617134183496 38.2909378676563, -92.13935525352507 38.97414519995419, -92.27179623415586 38.79351666120684, -92.54196600280346 40.10989633792183, -92.31797714352457 39.01326379458701, -92.6786130568434 40.36275115182508, -92.53260191612229 40.08356475149288, -94.3616934529473 38.48568831669269, -92.37520203618696 38.95002246043893, -92.43308572710572 38.91177781063463, -92.30064474647493 39.09240634938197, -92.12202285647543 39.05328775474916, -92.34601171575432 40.14992029808398, -92.35537580243549 40.17625188451293, -92.5013869431566 40.45543828484513))"
72C,2019-06-21 14:55:00+00:00,2019-06-21 16:55:00+00:00,,,"POLYGON ((-94.82213162056472 39.57032309628278, -94.99732365126991 38.9648555855056, -97.20578824448747 37.76842840362012, -94.85428500642459 39.17376564794529, -94.9595290155688 39.0008011241441, -94.65786837943527 39.45622845305338, -94.85758173937415 39.1686990575282, -97.30105568011383 37.94428094329236, -95.09259108689628 39.14070812517784, -95.13038572259738 39.10476258653934, -95.02514171345317 39.27772711034052, -95.0218449805036 39.28279370075761, -94.82213162056472 39.57032309628278))"
70C,2019-06-21 14:55:00+00:00,2019-06-21 16:55:00+00:00,0.0,45000.0,"POLYGON ((-93.17914038419426 42.822768387344134, -91.53595484667991 41.65354241373749, -91.83031563815412 41.119090631949945, -93.24282354707918 41.132598963870755, -93.3764046739856 41.64413067404069, -93.17914038419426 42.822768387344134))"
ALFA 2,2019-06-21 15:25:00+00:00,2019-06-21 19:25:00+00:00,0.0,46000.0,"POLYGON ((-58.3 36.3, -56.45 35.3, -59.3 28.15, -61.15 27, -63.45 32.3, -58.3 36.3))"
74C,2019-06-21 15:55:00+00:00,2019-06-21 17:55:00+00:00,,,"POLYGON ((-91.39770409297557 41.33069680352875, -92.22285492663354 38.76463419155051, -94.13651033912217 38.27941358440145, -91.13455999933595 39.61692378670728, -92.18527661161794 38.78323031079887, -91.34872921532437 39.87561511917143, -91.29329014178097 39.6693087160693, -91.5947815524373 41.29663105867984, -91.35069404628901 39.88453377997895, -94.18566619644855 38.47327874808618, -92.27201078395993 38.95849935523524, -92.30958909897554 38.93990323598688, -91.25887248669355 39.77359671189528, -91.10014234424852 39.72121178253325, -91.15558141779192 39.92751818563538, -91.15361658682728 39.91859952482785, -91.39770409297557 41.33069680352875))"
75C,2019-06-21 15:55:00+00:00,2019-06-21 17:55:00+00:00,,,"POLYGON ((-92.85994471619075 40.1392563141064, -94.6395886211095 38.49819667410772, -94.63256838292695 38.50409816453988, -94.83516043311405 38.34907338645255, -94.85136320593513 38.33349390681395, -95.66588490783406 37.35136806794434, -94.50400794308446 38.3511664739913, -92.72436403816572 39.99222611398999, -94.71362023145412 38.19024020547182, -94.51102818126701 38.34526498355914, -95.51193916053197 37.22369384624081, -94.69741745863304 38.20581968511042, -92.85994471619075 40.1392563141064))"
73C,2019-06-21 15:55:00+00:00,2019-06-21 17:55:00+00:00,0.0,35000.0,"POLYGON ((-92.23858383412762 42.75284701939794, -91.07345455912319 41.684729678351424, -91.31684393460168 40.98536150358635, -92.76294757787058 41.1599602571118, -93.1041991104986 42.689078737606685, -92.23858383412762 42.75284701939794))"
SIERRA 2,2019-06-21 16:13:00+00:00,2019-06-21 20:15:00+00:00,0.0,56100.0,"POLYGON ((133.1 14.1, 137.5 13.2, 132.2 9.3, 133.1 14.1))"
ROMEO 3,2019-06-21 16:19:00+00:00,2019-06-21 20:20:00+00:00,0.0,56400.0,"POLYGON ((-172.5 10.5, -162.1 9.3, -174.4 6.3, -172.5 10.5))"
77C,2019-06-21 16:55:00+00:00,2019-06-21 18:55:00+00:00,0.0,45000.0,"POLYGON ((-90.3580811246334 41.15744889271386, -89.61202238257115 39.73757380355236, -90.33843195665827 38.592782134362395, -92.9788347333561 38.0273136311179, -95.40937481249108 37.56051465097644, -95.34386504470976 38.543536106465275, -94.2085548211202 39.69770398394187, -92.59 40.85285469710448, -90.3580811246334 41.15744889271386))"
76C,2019-06-21 16:55:00+00:00,2019-06-21 18:55:00+00:00,0.0,33000.0,"POLYGON ((-92.90992921743224 42.96189748252183, -91.0274227503881 42.164279957174344, -90.4738828877305 41.15662162883213, -92.59 40.96184477868197, -92.61980619409042 41.75375092459007, -92.90992921743224 42.96189748252183))"
TANGO 2,2019-06-21 17:39:00+00:00,2019-06-21 21:40:00+00:00,0.0,55800.0,"POLYGON ((164.5 10.5, 170.1 7.5, 161.5 7.4, 164.5 10.5))"
78C,2019-06-21 17:55:00+00:00,2019-06-21 19:55:00+00:00,0.0,45000.0,"POLYGON ((-90.123570648427 41.324745375460154, -88.86000000000001 39.30628718173732, -90.23 37.95914187884178, -91.00212997229802 38.44992609863472, -91.54552140179398 39.64524268439336, -91.20232602097151 41.21259694127821, -90.123570648427 41.324745375460154))"
79C,2019-06-21 17:55:00+00:00,2019-06-21 19:55:00+00:00,0.0,45000.0,"POLYGON ((-92.73415332367395 39.86277818722212, -91.70457868076973 38.9748437815824, -92.00818960135007 38.40910988609234, -93.33 37.64914187884178, -94.9427585690842 37.36417651074204, -94.88228451487069 38.57602954849358, -92.73415332367395 39.86277818722212))"
UNIFORM 1,2019-06-21 18:12:00+00:00,2019-06-21 22:10:00+00:00,0.0,56000.0,"POLYGON ((143.5 9.1, 148.5 6.5, 143 6.5, 143.5 9.1))"
31E,2019-06-21 18:55:00+00:00,2019-06-21 20:55:00+00:00,0.0,45000.0,"POLYGON ((-82.89619444478078 30.738022454265177, -82.93230997020588 29.70217517777626, -84.60518610357757 29.865487412010616, -84.50494455894032 30.455233463024584, -82.89619444478078 30.738022454265177))"
80C,2019-06-21 18:55:00+00:00,2019-06-21 20:55:00+00:00,0.0,45000.0,"POLYGON ((-90.2042541707128 41.349371046967704, -88.5734159882184 41.088606068255814, -88.0856026224886 38.54437264639376, -90.52818959004591 37.904906418108176, -90.48214243740559 39.59259528345068, -90.2042541707128 41.349371046967704))"
81C,2019-06-21 18:55:00+00:00,2019-06-21 20:55:00+00:00,0.0,45000.0,"POLYGON ((-91.68115875809517 39.97664308573844, -90.64423565324934 39.167294989501364, -91.73600035653028 37.88676629511325, -93.90865848378047 37.167589140200334, -93.40984639578936 39.185981755880455, -91.68115875809517 39.97664308573844))"
SIERRA 3,2019-06-21 19:54:00+00:00,2019-06-21 23:55:00+00:00,0.0,55000.0,"POLYGON ((132.5 14.1, 138 13.3, 131.2 10, 132.5 14.1))"
32E,2019-06-21 19:55:00+00:00,2019-06-21 21:55:00+00:00,0.0,45000.0,"POLYGON ((-84.50476910193672 30.34458386009611, -82.51505168588942 30.336157039169578, -82.88373009375685 29.59989638617428, -84.60518610357757 29.865487412010616, -84.50476910193672 30.34458386009611))"
82C,2019-06-21 19:55:00+00:00,2019-06-21 21:55:00+00:00,0.0,45000.0,"POLYGON ((-89.41274160797933 41.10453916375053, -87.77555452580813 40.77915740048223, -87.76 37.93, -90.23 37.52542906057911, -89.55256013015187 39.51663930542158, -89.41274160797933 41.10453916375053))"
83C,2019-06-21 19:55:00+00:00,2019-06-21 21:55:00+00:00,0.0,45000.0,"POLYGON ((-90.84659550485362 39.84919359801877, -90.05269365850437 38.85922152146604, -91.3890942543931 37.282315926781074, -93.90865848378047 37.167589140200334, -92.8605035788015 38.8082515677917, -90.84659550485362 39.84919359801877))"
84C,2019-06-21 19:55:00+00:00,2019-06-21 21:55:00+00:00,0.0,43000.0,"POLYGON ((-100.58963649670537 47.78729678015629, -97.56576593594394 47.33456239841036, -97.84774010986139 43.96338077120431, -100.65091705866791 44.03602270900172, -100.58963649670537 47.78729678015629))"
ROMEO 4,2019-06-21 20:08:00+00:00,2019-06-22 00:10:00+00:00,0.0,55000.0,"POLYGON ((-171.3 10.5, -161.1 9.1, -174.1 6.4, -171.3 10.5))"
33E,2019-06-21 20:55:00+00:00,2019-06-21 22:55:00+00:00,0.0,42000.0,"POLYGON ((-81.78 26.24085812115821, -80.39364355227643 25.902182913024042, -80.58554341516142 25.131850901814374, -81.78 26.24085812115821))"
90C,2019-06-21 20:55:00+00:00,2019-06-21 22:55:00+00:00,0.0,45000.0,"POLYGON ((-91.0457771487095 31.674226840502172, -90.26190008056211 31.689123825681484, -90.2580999194379 31.489159932002075, -91.04197698758529 31.474262946822762, -91.0457771487095 31.674226840502172))"
89C,2019-06-21 20:55:00+00:00,2019-06-21 22:55:00+00:00,0.0,45000.0,"POLYGON ((-87.01823611090107 31.596467262969938, -86.99059807542828 31.39838612051765, -88.3461809822636 31.209243186457435, -88.3738190177364 31.407324328909723, -87.01823611090107 31.596467262969938))"
86C,2019-06-21 20:55:00+00:00,2019-06-21 22:55:00+00:00,0.0,45000.0,"POLYGON ((-101.34746298487735 33.22816109639338, -100.77424882668845 32.795030997392566, -103.36730441863041 29.069070318372592, -104.31585227335323 29.530966792072043, -101.34746298487735 33.22816109639338))"
87C,2019-06-21 20:55:00+00:00,2019-06-21 22:55:00+00:00,0.0,43000.0,"POLYGON ((-99.79081151230267 48.25025526953271, -98.15126448465227 45.35612445570339, -99.34506006207512 43.798880893317516, -100.95122090793855 47.22077228802461, -99.79081151230267 48.25025526953271))"
85C,2019-06-21 20:55:00+00:00,2019-06-21 22:55:00+00:00,0.0,45000.0,"POLYGON ((-87.67867825960988 40.74940521341606, -86.28 39.72, -87.76 37.59726208852721, -92.88227153159998 36.24362461849089, -92.22 38.97636895573639, -87.67867825960988 40.74940521341606))"
88C,2019-06-21 20:55:00+00:00,2019-06-21 22:55:00+00:00,0.0,45000.0,"POLYGON ((-104.91032606679207 40.27084662363903, -104.0102780194999 39.80818818852272, -104.66000000000001 38.97815522131805, -105.97787044480188 38.44520556956948, -104.91032606679207 40.27084662363903))"
94C,2019-06-21 21:55:00+00:00,2019-06-21 23:55:00+00:00,0.0,45000.0,"POLYGON ((-103.53010598748487 40.27012304645145, -103.64185965177249 38.90073672242917, -105.93244380214787 38.44478667246289, -105.52587221263596 39.5301509121985, -103.53010598748487 40.27012304645145))"
13W,2019-06-21 21:55:00+00:00,2019-06-21 23:55:00+00:00,0.0,33000.0,"POLYGON ((-110.3982353692313 38.62193016154148, -110.31880566920007 38.43837928915742, -112.26028514998438 37.59822456380797, -112.33971485001561 37.78177543619203, -110.3982353692313 38.62193016154148))"
91C,2019-06-21 21:55:00+00:00,2019-06-21 23:55:00+00:00,0.0,45000.0,"POLYGON ((-86.28 39.72, -85.69363005979204 39.33412810001314, -86.59993839768681 37.237302709545965, -92.39141112664508 36.10136698379441, -91.89596673129236 38.194731183142245, -86.28 39.72))"
92C,2019-06-21 21:55:00+00:00,2019-06-21 23:55:00+00:00,0.0,45000.0,"POLYGON ((-100.56187223484297 33.06625800447078, -103.29545604096907 28.915027596438687, -104.31585227335323 29.530966792072043, -103.36797830218022 30.949420618964208, -100.56187223484297 33.06625800447078))"
93C,2019-06-21 21:55:00+00:00,2019-06-21 23:55:00+00:00,0.0,41000.0,"POLYGON ((-99.89445893821568 48.63360271361209, -97.93302382838044 45.29183235880665, -98.99599936948457 44.384089091098524, -100.67 47.42547582294557, -99.89445893821568 48.63360271361209))"
15W,2019-06-21 22:55:00+00:00,2019-06-22 00:55:00+00:00,,,"POLYGON ((-110.5522439259178 43.96327020597275, -112.426903640425 43.99109078274217, -115.7116683705941 43.4503973381355, -111.8981689834917 44.19378006505359, -112.4070002283496 43.99652398102525, -110.6114639051929 43.77223881050421, -111.963924458585 44.19150332849526, -115.7441525173548 43.64774165705354, -112.4593877871857 44.18843510166021, -112.4792911992611 44.18300190337713, -111.9704599544032 44.38025798740547, -111.9047044793099 44.3825347239638, -110.5522439259178 43.96327020597275))"
14W,2019-06-21 22:55:00+00:00,2019-06-22 00:55:00+00:00,0.0,36000.0,"POLYGON ((-109.3485510576401 39.058667876086034, -110.78475465641755 37.05398901136327, -111.77886409379619 36.52783448671145, -112.08911606772757 38.090511086778164, -109.3485510576401 39.058667876086034))"
01C,2019-06-21 23:12:00+00:00,2019-06-22 00:55:00+00:00,0.0,45000.0,"POLYGON ((-95.85326702512651 39.98292087696905, -95.7673018391234 39.802338522361936, -96.52566966437645 39.44132190311087, -96.61163485037956 39.62190425771798, -95.85326702512651 39.98292087696905))"
99C,2019-06-21 23:12:00+00:00,2019-06-22 00:55:00+00:00,0.0,45000.0,"POLYGON ((-98.82636363636364 42.17265081810095, -98.55363636363636 42.17265081810095, -98.55363636363636 41.89992354537368, -98.82636363636364 41.89992354537368, -98.82636363636364 42.17265081810095))"
96C,2019-06-21 23:12:00+00:00,2019-06-22 00:55:00+00:00,0.0,45000.0,"POLYGON ((-101.34746298487735 33.22816109639338, -100.28001260696541 32.83222496003222, -103.29545604096907 28.915027596438687, -104.31585227335323 29.530966792072043, -101.34746298487735 33.22816109639338))"
95C,2019-06-21 23:12:00+00:00,2019-06-22 00:55:00+00:00,0.0,45000.0,"POLYGON ((-84.7 39.02, -86.44 36.93, -90.95 35.27815522131805, -92.18551926512717 36.10365722545654, -89.26943821043591 38.970752393120584, -84.7 39.02))"
98C,2019-06-21 23:12:00+00:00,2019-06-22 00:55:00+00:00,0.0,45000.0,"POLYGON ((-104.96733966769006 40.04487655413267, -103.18 39.49452417705442, -103.29268913336826 38.669026645638255, -106.64816386038197 38.32201367903296, -104.96733966769006 40.04487655413267))"
97C,2019-06-21 23:12:00+00:00,2019-06-22 00:55:00+00:00,0.0,43000.0,"POLYGON ((-97.65010094027494 48.07641613603188, -97.7671057582472 44.351628755563894, -98.69 43.63458269015474, -99.80190713126727 47.34494651177467, -97.65010094027494 48.07641613603188))"
34E,2019-06-21 23:18:00+00:00,2019-06-22 00:55:00+00:00,,,"POLYGON ((-80.24993206700535 25.95136740713605, -80.48391654314389 25.76923487436425, -81.69287632950629 26.17735369007476, -80.2625952165001 25.75176869810998, -80.45826357757075 25.76418249437011, -81.62890724886525 26.36684763911255, -80.41994746250285 25.95872882340204, -80.44560042807599 25.96378120339618, -80.24993206700535 25.95136740713605))"
35E,2019-06-21 23:18:00+00:00,2019-06-22 00:55:00+00:00,0.0,35000.0,"POLYGON ((-68.20543552250395 40.692524107394135, -67.00718342785322 40.285131084847016, -68.80199855429646 38.967778283311084, -69.20212328424691 39.73994761723672, -68.20543552250395 40.692524107394135))"
36E,2019-06-21 23:55:00+00:00,2019-06-22 01:55:00+00:00,,,"POLYGON ((-80.21677798588279 25.94344233074547, -80.37216594339951 26.01022484639865, -80.38131177855888 26.01363695386854, -81.65433109217851 26.41897479406686, -80.45113725513939 25.82647629015376, -80.29574929762266 25.75969377450057, -81.71501073359964 26.22840202288219, -80.44199141998001 25.82306418268387, -80.21677798588279 25.94344233074547))"
07C,2019-06-21 23:55:00+00:00,2019-06-22 01:55:00+00:00,0.0,45000.0,"POLYGON ((-95.72795085820977 40.12392785290793, -95.64539173406001 39.941763116969206, -96.45619898142999 39.574296077576676, -96.53875810557975 39.7564608135154, -95.72795085820977 40.12392785290793))"
06C,2019-06-21 23:55:00+00:00,2019-06-22 01:55:00+00:00,0.0,45000.0,"POLYGON ((-98.48636363636365 41.95007645462632, -98.21363636363637 41.95007645462632, -98.21363636363637 41.677349181899054, -98.48636363636365 41.677349181899054, -98.48636363636365 41.95007645462632))"
37E,2019-06-21 23:55:00+00:00,2019-06-22 01:55:00+00:00,0.0,35000.0,"POLYGON ((-67.80440202587403 40.55810345247593, -67.00718342785322 40.285131084847016, -67.44761832863367 39.250770910865164, -68.34144020317794 39.973481077996794, -67.80440202587403 40.55810345247593))"
05C,2019-06-21 23:55:00+00:00,2019-06-22 01:55:00+00:00,0.0,45000.0,"POLYGON ((-104.66000000000001 40.30910686720918, -102.55104744672435 39.386826765058984, -102.85271954645984 38.50729767587208, -106.40270420228465 38.448273948946884, -104.66000000000001 40.30910686720918))"
04C,2019-06-21 23:55:00+00:00,2019-06-22 01:55:00+00:00,0.0,43000.0,"POLYGON ((-97.68678084807001 47.94892885887507, -97.62609187862887 43.392204869410456, -98.25305115065738 43.23770077539203, -98.6801778479287 47.94036074562431, -97.68678084807001 47.94892885887507))"
03C,2019-06-21 23:55:00+00:00,2019-06-22 01:55:00+00:00,0.0,45000.0,"POLYGON ((-100.71938377643767 34.72217305448748, -100.31755733405461 33.401403240795666, -103.29545604096907 28.915027596438687, -104.6272204200906 29.7100533582447, -100.71938377643767 34.72217305448748))"
02C,2019-06-21 23:55:00+00:00,2019-06-22 01:55:00+00:00,0.0,45000.0,"POLYGON ((-85.58 38.76547582294557, -85.67344249643658 36.67286716702833, -90.79257669598358 35.01729199628249, -92.18 35.51184477868196, -90.23 37.67, -85.58 38.76547582294557))"
16W,2019-06-21 23:55:00+00:00,2019-06-22 01:55:00+00:00,0.0,41000.0,"POLYGON ((-106.49429555918218 40.262529686495235, -106.89 39.44, -111.27 36.785475822945564, -111.12469113099256 38.41923368286894, -106.49429555918218 40.262529686495235))"
5C,2019-06-22 00:55:00+00:00,2019-06-22 02:55:00+00:00,,,"POLYGON ((-98.43466984268579 42.38237910265781, -98.22749999317303 41.44173181155417, -98.41844195970481 41.36594546798641, -98.62488181614378 42.32057776648114, -98.35949714375509 41.5037775905715, -98.49222428741095 41.55183836219773, -98.30128232087917 41.62762470576549, -98.1692851702971 41.56557892674817, -98.43466984268579 42.38237910265781))"
3C,2019-06-22 00:55:00+00:00,2019-06-22 02:55:00+00:00,,,"POLYGON ((-98.29059852766069 45.70406562736038, -98.0589212285904 45.04787187879225, -98.3222086625035 42.6560953480604, -98.04987662953043 45.35284863230007, -98.05836161065167 45.05595703850352, -98.44940147233932 45.5824859219758, -98.22923728778898 45.29491555232598, -98.5210077984645 42.67797921291934, -98.2577203645514 45.06975574365119, -98.25827998249014 45.06167058393991, -98.2497950013689 45.35856217773647, -98.07043434311035 45.41649525771056, -98.29059852766069 45.70406562736038))"
4C,2019-06-22 00:55:00+00:00,2019-06-22 02:55:00+00:00,0.0,45000.0,"POLYGON ((-105.35773681309506 40.029213633370986, -102.64815259748453 39.74987112006504, -103.05793004097998 38.199425885328544, -106.30160944575105 38.44768289445663, -105.35773681309506 40.029213633370986))"
6C,2019-06-22 00:55:00+00:00,2019-06-22 02:55:00+00:00,0.0,45000.0,"POLYGON ((-94.6807951702543 40.833185008196, -94.451859264191 39.82391081428245, -96.568652257378 39.531613080414424, -96.74215651234938 39.78986939578422, -94.6807951702543 40.833185008196))"
1E,2019-06-22 00:55:00+00:00,2019-06-22 02:55:00+00:00,0.0,30000.0,"POLYGON ((-83.66585328888475 37.38209581838609, -83.1513636622111 36.707804421097194, -83.87218691264336 36.568647514169584, -84.49442474155559 36.90204625391, -83.66585328888475 37.38209581838609))"
2C,2019-06-22 00:55:00+00:00,2019-06-22 02:55:00+00:00,0.0,45000.0,"POLYGON ((-100.44483641031039 34.677312362178164, -100.24063157400094 33.24795255537649, -103.29545604096907 28.915027596438687, -104.6272204200906 29.7100533582447, -100.44483641031039 34.677312362178164))"
1C,2019-06-22 00:55:00+00:00,2019-06-22 02:55:00+00:00,0.0,45000.0,"POLYGON ((-84.45574777563111 38.55862991208368, -85.4440086190531 36.13365024804879, -88.05223069254924 34.89970959924097, -91.24185628176748 34.994743677922806, -89.99018484900898 37.208641955032, -84.45574777563111 38.55862991208368))"
1W,2019-06-22 00:55:00+00:00,2019-06-22 02:55:00+00:00,0.0,41000.0,"POLYGON ((-105.96666734142451 40.142212641383196, -111.27 36.619106867209176, -111.66929072272445 37.688320474488826, -107.54954468283759 40.05861598845079, -105.96666734142451 40.142212641383196))"
9C,2019-06-22 01:55:00+00:00,2019-06-22 03:55:00+00:00,,,"POLYGON ((-97.75535689850255 47.65844660587796, -98.31972809429067 45.48779108870294, -98.12342357135793 45.47239064668499, -98.08887410838256 45.12019868037552, -98.1059132127678 45.16697353041156, -96.96936830325303 43.50886528210309, -98.12616360946666 45.43746425475906, -97.56179241367855 47.60811977193408, -98.28791866942402 45.10067273046754, -98.3224681323994 45.45286469677701, -97.134334655524 43.39578963212303, -98.27087956503877 45.0538978804315, -97.75535689850255 47.65844660587796))"
11C,2019-06-22 01:55:00+00:00,2019-06-22 03:55:00+00:00,,,"POLYGON ((-98.33064788719389 41.61779926427906, -98.24086352509055 41.26935864929685, -98.46748990721416 40.95977173617142, -98.14087988921543 41.55464780393772, -98.22667021380461 41.29685078617731, -98.62887128262075 41.07790747027369, -98.40224490049714 41.38749438339912, -98.41643821178307 41.36000224651865, -98.33064788719389 41.61779926427906))"
7C,2019-06-22 01:55:00+00:00,2019-06-22 03:55:00+00:00,0.0,45000.0,"POLYGON ((-87.06124613905929 36.44607805603683, -87.11553846840633 35.016109146470505, -90.35308276629165 34.71274719411405, -90.6779195995262 35.575427128955845, -87.06124613905929 36.44607805603683))"
10C,2019-06-22 01:55:00+00:00,2019-06-22 03:55:00+00:00,0.0,45000.0,"POLYGON ((-105.19550168744745 40.21768144475214, -103.52896673862115 40.04882594770699, -104.21969420723278 37.88911341402382, -106.02869953278712 39.160192938745546, -105.19550168744745 40.21768144475214))"
12C,2019-06-22 01:55:00+00:00,2019-06-22 03:55:00+00:00,0.0,45000.0,"POLYGON ((-94.6807951702543 40.833185008196, -93.65 40.717145302895524, -93.8737124970061 39.56342119983033, -96.568652257378 39.531613080414424, -96.47687720592899 39.995238906929515, -94.6807951702543 40.833185008196))"
13C,2019-06-22 01:55:00+00:00,2019-06-22 03:55:00+00:00,0.0,45000.0,"POLYGON ((-102.62610268418453 39.081824680555854, -102.45277994187384 38.49539108745588, -102.64457830390916 38.4387043313256, -102.81790104621984 39.02513792442558, -102.62610268418453 39.081824680555854))"
2W,2019-06-22 01:55:00+00:00,2019-06-22 03:55:00+00:00,0.0,41000.0,"POLYGON ((-105.72 41.34, -106.12187033267497 40.025687902942735, -111.27 36.619106867209176, -111.71879402220321 37.497572236376115, -105.72 41.34))"
2E,2019-06-22 01:55:00+00:00,2019-06-22 03:55:00+00:00,0.0,45000.0,"POLYGON ((-84.53681445293769 38.712476341668044, -84.11 37.69547582294557, -85.15 35.95821373441836, -87.05883554853216 35.06216346737892, -87.03232871443458 37.399095692685854, -84.53681445293769 38.712476341668044))"
8C,2019-06-22 01:55:00+00:00,2019-06-22 03:55:00+00:00,0.0,45000.0,"POLYGON ((-100.29 34.37, -100.24063157400094 33.24795255537649, -101.47719140418367 29.61280135552095, -103.58414772664679 29.530966792072043, -103.24 31.87, -100.29 34.37))"
14C,2019-06-22 01:55:00+00:00,2019-06-22 03:55:00+00:00,0.0,32000.0,"POLYGON ((-91.77926434399012 41.21246582752687, -90.60581727463766 40.83719241252581, -91.02952573007354 40.310846241647965, -92.59 40.62910686720918, -91.77926434399012 41.21246582752687))"
3E,2019-06-22 02:55:00+00:00,2019-06-22 04:55:00+00:00,0.0,45000.0,"POLYGON ((-84.09832757812153 38.54788724200906, -83.33727961300407 37.28216488874069, -85.00666312111224 34.84227514771766, -87.11661841856981 34.58209695959877, -87.06436622495158 36.92836605612156, -84.09832757812153 38.54788724200906))"
3W,2019-06-22 02:55:00+00:00,2019-06-22 04:55:00+00:00,0.0,37000.0,"POLYGON ((-105.72 41.34, -106.12187033267497 40.025687902942735, -111.27 36.619106867209176, -111.71879402220321 37.497572236376115, -105.72 41.34))"
15C,2019-06-22 03:08:00+00:00,2019-06-22 04:55:00+00:00,,,"POLYGON ((-97.98982343065437 45.55635405087549, -97.20245423239395 43.85186295506996, -97.0208430888211 43.35756833655408, -98.16151587403893 45.45377868889883, -97.19443553909822 43.83506263023276, -96.83311325884509 43.42654304885633, -97.01472440241794 43.92083766737221, -97.02274309571366 43.93763799220942, -97.98982343065437 45.55635405087549))"
22C,2019-06-22 03:08:00+00:00,2019-06-22 04:55:00+00:00,,,"POLYGON ((-87.34211169382358 34.92825868125209, -89.66191922569217 35.01272318215659, -89.66801660760886 35.01275916865647, -90.1268369006664 35.00147437695411, -89.66919643021444 34.81285562027037, -87.34938889834585 34.72839111936587, -90.1219193413553 34.80153484206813, -89.66309904829775 34.81281963377049, -87.34211169382358 34.92825868125209))"
23C,2019-06-22 03:08:00+00:00,2019-06-22 04:55:00+00:00,0.0,45000.0,"POLYGON ((-97.32688241005967 38.19240528549136, -97.05415513733239 38.19240528549136, -97.05415513733239 37.919678012764095, -97.32688241005967 37.919678012764095, -97.32688241005967 38.19240528549136))"
18C,2019-06-22 03:08:00+00:00,2019-06-22 04:55:00+00:00,0.0,45000.0,"POLYGON ((-99.8035844186489 34.53501315298544, -99.86 32.48, -101.69249850942846 29.688775455783485, -103.47835672335913 29.890245967058966, -102.51863359060624 32.677407531962324, -99.8035844186489 34.53501315298544))"
17C,2019-06-22 03:08:00+00:00,2019-06-22 04:55:00+00:00,0.0,45000.0,"POLYGON ((-101.90220051890877 39.270921710459575, -101.35424952258694 38.941062642966315, -101.45739883788548 38.769714404710285, -102.00534983420731 39.099573472203545, -101.90220051890877 39.270921710459575))"
21C,2019-06-22 03:08:00+00:00,2019-06-22 04:55:00+00:00,0.0,45000.0,"POLYGON ((-92.59 40.62910686720918, -89.72540370294091 39.73678704337051, -88.86000000000001 38.90815522131804, -91.28000000000002 39.35089313279083, -92.59 40.62910686720918))"
16C,2019-06-22 03:08:00+00:00,2019-06-22 04:55:00+00:00,0.0,45000.0,"POLYGON ((-104.91032606679207 40.27084662363903, -102.56851300763655 39.68782336505307, -103.6 37.75910686720918, -105.45739736028358 39.55259915939778, -104.91032606679207 40.27084662363903))"
19C,2019-06-22 03:08:00+00:00,2019-06-22 04:55:00+00:00,0.0,45000.0,"POLYGON ((-100.77000000000001 30.025475822945566, -99.71582581337711 28.973856989398584, -100.22077112482648 28.183549718806965, -101.65454068636946 29.675415091848656, -100.77000000000001 30.025475822945566))"
20C,2019-06-22 03:08:00+00:00,2019-06-22 04:55:00+00:00,0.0,45000.0,"POLYGON ((-93.02680517727897 40.96774907931428, -91.28000000000002 39.35089313279083, -95.72846621187776 38.967478339823195, -96.82184160482629 39.72782108572522, -96.20632683080711 40.8161349232481, -93.02680517727897 40.96774907931428))"
31C,2019-06-22 03:55:00+00:00,2019-06-22 05:55:00+00:00,,,"POLYGON ((-90.06695209596275 34.98337189019868, -88.4525739749519 33.85096199902267, -88.57170395206712 33.84778793468379, -87.42630117943249 34.74590699830217, -88.5674260250481 33.68722743764756, -90.18180414605895 34.81963732882357, -87.30289327529825 34.58852056560482, -88.44829604793289 33.69040150198644, -90.06695209596275 34.98337189019868))"
32C,2019-06-22 03:55:00+00:00,2019-06-22 05:55:00+00:00,,,"POLYGON ((-97.46541891375394 38.75015889356998, -97.50464188888579 37.75541178987476, -97.98231736184167 37.6515262946686, -97.26860632587302 38.71459479296806, -97.42748695887315 37.83534554961091, -98.0248200896973 37.84695791474282, -97.54714461674142 37.95084340994898, -97.62429954675406 37.87090965021283, -97.46541891375394 38.75015889356998))"
24C,2019-06-22 03:55:00+00:00,2019-06-22 05:55:00+00:00,,,"POLYGON ((-97.99463212874781 45.56365749352349, -97.05412273463351 43.93153722757291, -96.93501619370961 43.51909994842629, -98.15670717594548 45.44647524625083, -97.03908623132133 43.90069103776428, -96.74286813988759 43.57458981608168, -96.86197468081149 43.98702709522831, -96.87701118412366 44.01787328503694, -97.99463212874781 45.56365749352349))"
5E,2019-06-22 03:55:00+00:00,2019-06-22 05:55:00+00:00,0.0,45000.0,"POLYGON ((-82.13 36.44, -81.3028221971582 36.16051832056318, -81.30379902497359 35.18948553552862, -82.2020414668479 35.56396162707275, -82.13 36.44))"
29C,2019-06-22 03:55:00+00:00,2019-06-22 05:55:00+00:00,0.0,45000.0,"POLYGON ((-93.29426505748984 41.328801748129834, -91.62739196151126 39.73883167153767, -95.25650277836407 39.122882947038015, -96.21 40.2, -95.88639623172087 40.90277484459019, -93.29426505748984 41.328801748129834))"
27C,2019-06-22 03:55:00+00:00,2019-06-22 05:55:00+00:00,0.0,45000.0,"POLYGON ((-100.08794879785114 34.77053262075429, -98.92104237309377 33.32172515872774, -99.92548648162199 32.346416910344146, -101.58005129498054 33.03172998319868, -100.08794879785114 34.77053262075429))"
26C,2019-06-22 03:55:00+00:00,2019-06-22 05:55:00+00:00,0.0,45000.0,"POLYGON ((-101.4471800776924 39.4728634100825, -100.45790133315306 38.808403296152676, -100.5694147864774 38.64237694364297, -101.55869353101673 39.3068370575728, -101.4471800776924 39.4728634100825))"
4W,2019-06-22 03:55:00+00:00,2019-06-22 05:55:00+00:00,0.0,37000.0,"POLYGON ((-106.72946774100548 40.51859702114021, -106.70280259591767 39.43984996715254, -108.7187688366899 38.210510272624, -108.61785179585017 39.11519841477423, -106.72946774100548 40.51859702114021))"
4E,2019-06-22 03:55:00+00:00,2019-06-22 05:55:00+00:00,0.0,45000.0,"POLYGON ((-83.65225093394854 38.19180329451304, -82.44910000879706 37.05439622269231, -84.10942200255425 34.69732405193179, -86.18835234089318 34.2561674816533, -86.88285439362025 34.70849419978465, -83.65225093394854 38.19180329451304))"
30C,2019-06-22 03:55:00+00:00,2019-06-22 05:55:00+00:00,0.0,45000.0,"POLYGON ((-90.4034503182134 40.90246580203209, -88.25219396380571 39.26784713992989, -88.81457530882359 37.92529427799425, -91.67967331872859 39.72198028895139, -92.59 40.79547582294558, -90.4034503182134 40.90246580203209))"
28C,2019-06-22 03:55:00+00:00,2019-06-22 05:55:00+00:00,0.0,45000.0,"POLYGON ((-101.40521346859894 32.00758420984056, -99.26648289769064 28.931717304970032, -100.22077112482648 28.183549718806965, -102.98 30.95, -101.40521346859894 32.00758420984056))"
25C,2019-06-22 03:55:00+00:00,2019-06-22 05:55:00+00:00,0.0,45000.0,"POLYGON ((-104.45837101219327 40.97429788449089, -101.93878774618487 39.850850607503126, -102.69 37.86726208852723, -105.96666734142451 40.142212641383196, -104.45837101219327 40.97429788449089))"
VICTOR 1,2019-06-22 04:31:00+00:00,2019-06-22 08:30:00+00:00,0.0,56000.0,"POLYGON ((130 14.2, 135.4 12.5, 134 9.4, 130 11.1, 130 14.2))"
WHISKEY 1,2019-06-22 04:31:00+00:00,2019-06-22 08:30:00+00:00,0.0,54000.0,"POLYGON ((159.5 8.4, 162.4 3.3, 155.5 5, 155.1 8, 159.5 8.4))"
40C,2019-06-22 04:55:00+00:00,2019-06-22 06:55:00+00:00,,,"POLYGON ((-89.91330984654122 34.87123881069374, -88.58548565644429 33.68284329626031, -88.7154481434485 33.68576650404703, -87.68279530759203 34.52951930239461, -88.71886596336185 33.53381412553667, -90.04669015345878 34.7222096399701, -87.55625064050118 34.37464371609753, -88.58890347635764 33.53089091774995, -89.91330984654122 34.87123881069374))"
36C,2019-06-22 04:55:00+00:00,2019-06-22 06:55:00+00:00,0.0,45000.0,"POLYGON ((-100.29631027834711 34.10817360895196, -99.75085573289257 34.10817360895196, -99.75085573289257 33.56271906349741, -100.29631027834711 33.56271906349741, -100.29631027834711 34.10817360895196))"
35C,2019-06-22 04:55:00+00:00,2019-06-22 06:55:00+00:00,0.0,45000.0,"POLYGON ((-100.50227460384616 39.95886077597701, -99.99990988890328 39.04078356132197, -100.17536068121096 38.9447782516844, -100.67772539615385 39.86285546633943, -100.50227460384616 39.95886077597701))"
33C,2019-06-22 04:55:00+00:00,2019-06-22 06:55:00+00:00,0.0,33000.0,"POLYGON ((-96.75013120511548 45.88769528217303, -96.68013120511549 44.522546555223755, -96.87986879488452 44.51230471782698, -96.94986879488451 45.87745344477625, -96.75013120511548 45.88769528217303))"
37C,2019-06-22 04:55:00+00:00,2019-06-22 06:55:00+00:00,0.0,45000.0,"POLYGON ((-99.82 30.16628718173732, -98.97969897896857 28.414269102975833, -99.88263518663963 27.888143110410745, -101.35943157557392 29.86983958551286, -99.82 30.16628718173732))"
39C,2019-06-22 04:55:00+00:00,2019-06-22 06:55:00+00:00,0.0,36000.0,"POLYGON ((-103.3350887851368 41.21010524857307, -103.32535569610518 40.4270415783492, -105.00830999016287 39.9201295470629, -105.31017050909684 40.79982517863846, -103.3350887851368 41.21010524857307))"
41C,2019-06-22 04:55:00+00:00,2019-06-22 06:55:00+00:00,0.0,45000.0,"POLYGON ((-96.82891631658987 38.455814397348156, -96.76663069132016 38.26576045530863, -98.64585648953741 37.64988923154531, -98.70814211480712 37.839943173584835, -96.82891631658987 38.455814397348156))"
5W,2019-06-22 04:55:00+00:00,2019-06-22 06:55:00+00:00,0.0,33000.0,"POLYGON ((-107.967305138985 40.00693739316643, -107.40760668744791 39.27287683923395, -108.93 38.0991418788418, -109.47589438366137 38.836688501779705, -107.967305138985 40.00693739316643))"
6E,2019-06-22 04:55:00+00:00,2019-06-22 06:55:00+00:00,0.0,45000.0,"POLYGON ((-83.21752607443453 37.73251502509626, -82.54360401121748 36.43928664427268, -83.48681226016797 34.63619078524487, -85.61095706590513 34.036897021025304, -85.15 36.12458269015475, -83.21752607443453 37.73251502509626))"
42C,2019-06-22 04:55:00+00:00,2019-06-22 06:55:00+00:00,0.0,45000.0,"POLYGON ((-101.79760156332466 32.009396041398844, -100.45 31.869106867209172, -100.78640376847284 30.59642894582137, -101.8161027315283 30.944785814376942, -101.79760156332466 32.009396041398844))"
38C,2019-06-22 04:55:00+00:00,2019-06-22 06:55:00+00:00,0.0,45000.0,"POLYGON ((-93.65 41.44, -89.59 40.66089313279081, -88.53173152349859 39.12471611685555, -94.1425837723031 39.47947554553436, -94.65960644222271 40.34143270928808, -93.65 41.44))"
34C,2019-06-22 04:55:00+00:00,2019-06-22 06:55:00+00:00,0.0,45000.0,"POLYGON ((-101.96651326531614 40.53568491182435, -101.91038454136857 37.942751579361754, -102.85271954645984 38.50729767587208, -102.97906916278123 40.09615961706571, -101.96651326531614 40.53568491182435))"
ECHO 1,2019-06-22 05:00:00+00:00,2019-06-22 09:00:00+00:00,27000.0,39000.0,"POLYGON ((-165.15 43.45, -163.3 41.3, -171.3 32.3, -173.15 33.15, -172 37.45, -165.15 43.45))"
BRAVO 1,2019-06-22 05:30:00+00:00,2019-06-22 09:30:00+00:00,0.0,45000.0,"POLYGON ((-62.15 35, -61.15 33.15, -67.45 30, -68.3 31.15, -62.15 35))"
XRAY 1,2019-06-22 05:39:00+00:00,2019-06-22 09:40:00+00:00,0.0,47000.0,"POLYGON ((-161.2 30, -161.5 25.1, -165.3 22.4, -166.4 26.2, -164 30, -161.2 30))"
YANKEE 1,2019-06-22 05:43:00+00:00,2019-06-22 09:40:00+00:00,0.0,55000.0,"POLYGON ((-175.3 11.5, -173.3 11.1, -176.1 8.4, -179.3 9.4, -179.2 11, -175.3 11.5))"
45C,2019-06-22 05:55:00+00:00,2019-06-22 07:55:00+00:00,,,"POLYGON ((-89.98480312069489 33.79593619776961, -88.52507435087223 33.6410088313307, -88.54453524843552 33.64116990241048, -87.11011757919644 33.76943954367641, -88.54618266679485 33.44212585317793, -90.00591143661751 33.59705321961684, -87.09230409999248 33.57023442336408, -88.52672176923156 33.44196478209815, -89.98480312069489 33.79593619776961))"
44C,2019-06-22 05:55:00+00:00,2019-06-22 07:55:00+00:00,0.0,39000.0,"POLYGON ((-99.7772459508684 43.72152555312736, -98.2341168837782 43.27050057259007, -99.91503677625015 42.436409405033345, -100.89279149341188 42.289822440061045, -99.7772459508684 43.72152555312736))"
46C,2019-06-22 05:55:00+00:00,2019-06-22 07:55:00+00:00,0.0,45000.0,"POLYGON ((-99.3640869544205 39.53342462730328, -96.76486451110385 38.650250148577946, -96.73222946971424 38.023593436432385, -100.21451528224486 37.50996463090196, -99.3640869544205 39.53342462730328))"
47C,2019-06-22 05:55:00+00:00,2019-06-22 07:55:00+00:00,0.0,45000.0,"POLYGON ((-99.07604894312156 29.859875949310247, -98.46 28.62800342405374, -99.7666516242188 27.786251710158762, -100.96118999224991 29.760562060568724, -99.07604894312156 29.859875949310247))"
6W,2019-06-22 05:55:00+00:00,2019-06-22 07:55:00+00:00,0.0,33000.0,"POLYGON ((-107.58398701868092 39.65924092070402, -107.07719740408234 39.43984996715254, -109.26862793360881 37.92016546852046, -109.1334873984704 38.94884602865762, -107.58398701868092 39.65924092070402))"
7E,2019-06-22 05:55:00+00:00,2019-06-22 07:55:00+00:00,0.0,45000.0,"POLYGON ((-82.59334534801955 37.770826915389044, -81.36826535920305 36.182910744048996, -82.99251476666052 34.084793500183224, -84.9950314518809 33.819760926903065, -82.59334534801955 37.770826915389044))"
48C,2019-06-22 05:55:00+00:00,2019-06-22 07:55:00+00:00,0.0,45000.0,"POLYGON ((-93.03308534018565 41.629354886643505, -88.81566618685457 40.56919116641662, -88.55506460898596 39.50431915799651, -93.66524729358947 39.28505953289656, -93.03308534018565 41.629354886643505))"
43C,2019-06-22 05:55:00+00:00,2019-06-22 07:55:00+00:00,0.0,40000.0,"POLYGON ((-101.00390511226333 31.839373096427803, -99.86545039907723 31.368674640918357, -100.59312985355673 30.597714495710978, -101.52572622808485 30.98350990637282, -101.00390511226333 31.839373096427803))"
51C,2019-06-22 06:55:00+00:00,2019-06-22 08:55:00+00:00,,,"POLYGON ((-88.63571016200704 33.72461931379911, -88.44605573746509 33.56688388185352, -88.52210177266885 33.58926503462082, -87.0462424265621 33.76919258278524, -88.57394426253492 33.41311611814648, -88.76359868707688 33.57085155009207, -87.02203888122442 33.57066251354362, -88.49789822733116 33.39073496537919, -88.63571016200704 33.72461931379911))"
50C,2019-06-22 06:55:00+00:00,2019-06-22 08:55:00+00:00,0.0,39000.0,"POLYGON ((-100.45595702802208 40.30214985368256, -100.73 38.20914187884179, -101.69 39.823712818262685, -100.45595702802208 40.30214985368256))"
53C,2019-06-22 06:55:00+00:00,2019-06-22 08:55:00+00:00,0.0,45000.0,"POLYGON ((-98.46 30.218283757683576, -98.04576877900327 28.119974833128147, -99.57062832096716 27.535243838363353, -100.77000000000001 29.793712818262684, -98.46 30.218283757683576))"
7W,2019-06-22 06:55:00+00:00,2019-06-22 08:55:00+00:00,0.0,33000.0,"POLYGON ((-107.58398701868092 39.65924092070402, -107.07719740408234 39.43984996715254, -109.26862793360881 37.92016546852046, -109.1334873984704 38.94884602865762, -107.58398701868092 39.65924092070402))"
8E,2019-06-22 06:55:00+00:00,2019-06-22 08:55:00+00:00,0.0,45000.0,"POLYGON ((-81.89520589568137 37.522790239284994, -80.74289864579457 36.30225287449439, -82.16 33.71, -84.44 33.63, -81.89520589568137 37.522790239284994))"
49C,2019-06-22 06:55:00+00:00,2019-06-22 08:55:00+00:00,0.0,38000.0,"POLYGON ((-100.64885763950687 32.47753989378691, -99.30507695439212 32.00821909695236, -100.35677369948685 30.789898353399686, -101.42423305205998 31.36631853452987, -100.64885763950687 32.47753989378691))"
52C,2019-06-22 06:55:00+00:00,2019-06-22 08:55:00+00:00,0.0,45000.0,"POLYGON ((-99.2419520801904 38.937482802290475, -96.63651230370213 38.60753164193625, -96.4076313962207 38.12620694403504, -99.76001370349837 37.597678381640954, -99.2419520801904 38.937482802290475))"
54C,2019-06-22 06:55:00+00:00,2019-06-22 08:55:00+00:00,0.0,45000.0,"POLYGON ((-92.64148035464984 41.833737977184114, -88.52582143549566 40.354342655019686, -88.1015253003067 39.149318174534514, -93.21066134485365 39.12415958345098, -92.64148035464984 41.833737977184114))"
VICTOR 2,2019-06-22 07:32:00+00:00,2019-06-22 11:35:00+00:00,0.0,55000.0,"POLYGON ((130.4 16.3, 135.4 16, 133.2 12, 130 13.4, 130.4 16.3))"
9E,2019-06-22 07:55:00+00:00,2019-06-22 09:55:00+00:00,0.0,45000.0,"POLYGON ((-81.93 35.03, -80.70045265268804 34.98528966120246, -80.56840246271341 33.69308836030551, -83.84810420575458 33.09054286137974, -81.93 35.03))"
57C,2019-06-22 07:55:00+00:00,2019-06-22 09:55:00+00:00,0.0,45000.0,"POLYGON ((-88.10797540273866 34.19730168340953, -87.02268725103413 33.567712282931204, -88.68335000125525 33.489879322292694, -88.10797540273866 34.19730168340953))"
8W,2019-06-22 07:55:00+00:00,2019-06-22 09:55:00+00:00,0.0,29000.0,"POLYGON ((-107.51704207757514 40.11909791463329, -106.89 39.44, -107.72010383582422 38.226731840262126, -108.52745309838417 38.855251072109645, -107.51704207757514 40.11909791463329))"
55C,2019-06-22 07:55:00+00:00,2019-06-22 09:55:00+00:00,0.0,45000.0,"POLYGON ((-98.30138409186 30.37773447881275, -97.80279820275854 28.668048782176804, -99.42 27.48, -100.36365555039026 29.712306022433808, -98.30138409186 30.37773447881275))"
58C,2019-06-22 07:55:00+00:00,2019-06-22 09:55:00+00:00,0.0,45000.0,"POLYGON ((-100.13032806436766 39.84616659060084, -95.47316860065065 38.58423968751526, -97.1918825410097 37.622029892577466, -100.48634917971489 38.38086417783985, -100.13032806436766 39.84616659060084))"
56C,2019-06-22 07:55:00+00:00,2019-06-22 09:55:00+00:00,0.0,45000.0,"POLYGON ((-92.0839500685966 41.871952010324634, -88.05749703939473 39.991909033510744, -87.8556513375574 39.017861156669376, -92.8605035788015 38.8082515677917, -92.0839500685966 41.871952010324634))"
WHISKEY 2,2019-06-22 08:10:00+00:00,2019-06-22 12:10:00+00:00,0.0,55000.0,"POLYGON ((150.4 9, 155.4 8, 151.5 5.2, 150 6.5, 150.4 9))"
BRAVO 2,2019-06-22 08:40:00+00:00,2019-06-22 12:40:00+00:00,0.0,42000.0,"POLYGON ((-61.3 35.45, -59.3 33.15, -65.3 29.3, -67 31, -61.3 35.45))"
11E,2019-06-22 08:55:00+00:00,2019-06-22 10:55:00+00:00,0.0,45000.0,"POLYGON ((-85.69006394174907 33.14168748917891, -84.24587370458357 32.5598645715331, -84.32061081388585 32.374353481586596, -85.76480105105135 32.95617639923241, -85.69006394174907 33.14168748917891))"
10E,2019-06-22 08:55:00+00:00,2019-06-22 10:55:00+00:00,0.0,45000.0,"POLYGON ((-79.66 35.06184477868195, -81.03059881260452 32.88609514263001, -82.91738508349383 32.942538733280855, -81.55516938196587 34.90209013842887, -79.66 35.06184477868195))"
59C,2019-06-22 08:55:00+00:00,2019-06-22 10:55:00+00:00,0.0,45000.0,"POLYGON ((-97.88680274915768 30.506848598371693, -97.65351710230935 28.931717304970032, -99.15536050103594 27.24446869810782, -99.82 29.934524177054435, -97.88680274915768 30.506848598371693))"
61C,2019-06-22 08:55:00+00:00,2019-06-22 10:55:00+00:00,0.0,45000.0,"POLYGON ((-99.30910253740542 39.96223595215377, -95.34394679936435 38.817872298875415, -96.3176168481689 37.7432677027057, -99.9039418943079 38.644723941847474, -99.30910253740542 39.96223595215377))"
60C,2019-06-22 08:55:00+00:00,2019-06-22 10:55:00+00:00,0.0,45000.0,"POLYGON ((-90.98604812121557 41.04774434142146, -86.64434866244261 39.017861156669376, -87.84088642249067 38.08367721669331, -92.52094784803768 38.57433215630024, -90.98604812121557 41.04774434142146))"
XRAY 2,2019-06-22 09:16:00+00:00,2019-06-22 13:15:00+00:00,0.0,47000.0,"POLYGON ((-165.1 30, -160.3 30, -162.5 22.4, -165.2 25, -165.1 30))"
ZULU 1,2019-06-22 09:25:00+00:00,2019-06-22 13:25:00+00:00,0.0,57000.0,"POLYGON ((156 3.1, 157 0, 149.1 1.3, 152.2 2.5, 156 3.1))"
13E,2019-06-22 09:55:00+00:00,2019-06-22 11:55:00+00:00,0.0,45000.0,"POLYGON ((-85.34601617199372 33.1429967449432, -83.74462085329661 32.51591495867433, -83.81754598622818 32.32968412076903, -85.4189413049253 32.9567659070379, -85.34601617199372 33.1429967449432))"
65C,2019-06-22 09:55:00+00:00,2019-06-22 11:55:00+00:00,0.0,45000.0,"POLYGON ((-93.05011445950656 40.370579001545664, -92.237574700939 39.671168979700326, -92.36804965420026 39.51958967183981, -93.18058941276782 40.21899969368515, -93.05011445950656 40.370579001545664))"
12E,2019-06-22 09:55:00+00:00,2019-06-22 11:55:00+00:00,0.0,45000.0,"POLYGON ((-79.16908255542835 35.10084622141453, -79.75906115177727 33.12496733701495, -81.47261851566894 32.03214952777583, -83.37117133842392 32.454410225148024, -79.16908255542835 35.10084622141453))"
64C,2019-06-22 09:55:00+00:00,2019-06-22 11:55:00+00:00,0.0,45000.0,"POLYGON ((-96.61171969689427 40.071971730078126, -94.49 38.4363689557364, -96.9983263526517 37.55756914692275, -99.06541994897518 40.189999276115465, -96.61171969689427 40.071971730078126))"
62C,2019-06-22 09:55:00+00:00,2019-06-22 11:55:00+00:00,0.0,40000.0,"POLYGON ((-97.53 30.38, -97.18934202485907 29.075486169836065, -99.0449465553207 27.47949747671944, -98.96739629600366 28.5631007091971, -97.53 30.38))"
63C,2019-06-22 09:55:00+00:00,2019-06-22 11:55:00+00:00,0.0,45000.0,"POLYGON ((-90.20068461338339 40.96738476634084, -85.90637555986719 38.71436989484397, -86.98322978621673 37.67277648245105, -91.81581535591985 38.040775832978476, -90.20068461338339 40.96738476634084))"
15E,2019-06-22 10:55:00+00:00,2019-06-22 12:55:00+00:00,0.0,45000.0,"POLYGON ((-83.13466397372152 32.68894656482088, -83.97653536646101 31.548967045717415, -84.5742034977773 32.82708695119101, -83.13466397372152 32.68894656482088))"
68C,2019-06-22 10:55:00+00:00,2019-06-22 12:55:00+00:00,0.0,45000.0,"POLYGON ((-97.54018600386084 40.763783669784914, -95.94150838275037 40.40414454642519, -94.88228451487069 38.57602954849358, -96.0410433335061 37.43365750690175, -98.5492733547666 39.64192441020418, -97.54018600386084 40.763783669784914))"
69C,2019-06-22 10:55:00+00:00,2019-06-22 12:55:00+00:00,0.0,45000.0,"POLYGON ((-92.06464806386282 40.294789347615406, -91.28000000000002 39.560858121158205, -92.22 38.81, -93.25352989354067 39.61696369379181, -92.06464806386282 40.294789347615406))"
14E,2019-06-22 10:55:00+00:00,2019-06-22 12:55:00+00:00,0.0,45000.0,"POLYGON ((-77.87 35.01547582294557, -79.12806886424768 32.568355169818716, -81.95507001591767 32.00936513770828, -80.48018445242757 34.32925343516718, -77.87 35.01547582294557))"
67C,2019-06-22 10:55:00+00:00,2019-06-22 12:55:00+00:00,0.0,45000.0,"POLYGON ((-88.86000000000001 40.405475822945576, -85.34240149403729 39.018238407466264, -85.82119634172145 37.63863816680658, -91.49102152831092 37.66328709864097, -88.86000000000001 40.405475822945576))"
66C,2019-06-22 10:55:00+00:00,2019-06-22 12:55:00+00:00,0.0,32000.0,"POLYGON ((-102.09692492110389 41.09662876162579, -101.39797026952377 40.45186360664409, -102.48842663723661 39.641943189327925, -103.18 40.16, -102.09692492110389 41.09662876162579))"
VICTOR 3,2019-06-22 11:09:00+00:00,2019-06-22 15:10:00+00:00,0.0,55000.0,"POLYGON ((134.4 18.2, 136.3 13, 130 12.5, 130 15.1, 131 18.2, 134.4 18.2))"
WHISKEY 3,2019-06-22 11:11:00+00:00,2019-06-22 15:10:00+00:00,0.0,54000.0,"POLYGON ((152.5 10, 155.5 8.1, 151.1 6.4, 150.3 10, 152.5 10))"
XRAY 3,2019-06-22 11:35:00+00:00,2019-06-22 15:35:00+00:00,0.0,47000.0,"POLYGON ((-165.1 30, -160 30, -160.3 23.2, -165.1 24.1, -165.1 30))"
17E,2019-06-22 11:55:00+00:00,2019-06-22 13:55:00+00:00,0.0,40000.0,"POLYGON ((-84.09415826137739 32.06054894745189, -82.98098722590377 31.705111860147515, -83.82008339601205 31.493164173231474, -84.09415826137739 32.06054894745189))"
71C,2019-06-22 11:55:00+00:00,2019-06-22 13:55:00+00:00,0.0,45000.0,"POLYGON ((-88.16297794382697 39.95921881845106, -84.7 38.87542906057911, -84.24909339589053 37.29705121201085, -90.43856181556292 37.26911755586559, -88.16297794382697 39.95921881845106))"
73C,2019-06-22 11:55:00+00:00,2019-06-22 13:55:00+00:00,0.0,45000.0,"POLYGON ((-93.49014409906339 40.2153366178436, -90.99173435364061 38.94785763302936, -91.08221921623102 38.7694970722487, -93.5806289616538 40.03697605706294, -93.49014409906339 40.2153366178436))"
70C,2019-06-22 11:55:00+00:00,2019-06-22 13:55:00+00:00,0.0,32000.0,"POLYGON ((-101.29561348268325 41.45762626811329, -100.75 40.76085812115821, -102.42334647532836 40.15753740436445, -102.40445915132207 41.09856801445814, -101.29561348268325 41.45762626811329))"
16E,2019-06-22 11:55:00+00:00,2019-06-22 13:55:00+00:00,0.0,45000.0,"POLYGON ((-79.45877657802559 34.229835663820545, -77.79302593126216 34.196271027663116, -78.40326322893375 32.30632635237686, -81.40881801168469 31.544829034357047, -79.45877657802559 34.229835663820545))"
72C,2019-06-22 11:55:00+00:00,2019-06-22 13:55:00+00:00,0.0,45000.0,"POLYGON ((-95.42855976997964 40.934298475774966, -94.6856055689826 38.20617092895528, -95.2 37.49273791147277, -97.22553816338186 38.80200237928714, -98.01376668916234 40.764688550586854, -95.42855976997964 40.934298475774966))"
ZULU 2,2019-06-22 12:50:00+00:00,2019-06-22 16:50:00+00:00,0.0,57000.0,"POLYGON ((152.5 4.1, 154.4 3, 151.1 0, 148 1.3, 148 2.5, 152.5 4.1))"
74C,2019-06-22 12:55:00+00:00,2019-06-22 14:55:00+00:00,0.0,45000.0,"POLYGON ((-85.5281957291597 39.71757552575419, -83.46539109392877 37.53939705026443, -87.67653795566102 36.4678283683787, -90.61585407108181 37.36268911199419, -85.5281957291597 39.71757552575419))"
76C,2019-06-22 12:55:00+00:00,2019-06-22 14:55:00+00:00,0.0,45000.0,"POLYGON ((-94.54464601272046 41.71316747320913, -94.05187626745897 39.06667196808214, -94.49 37.836287181737326, -97.62 39.21914187884179, -97.91296302058817 40.577770741470815, -94.54464601272046 41.71316747320913))"
18E,2019-06-22 12:55:00+00:00,2019-06-22 14:55:00+00:00,0.0,45000.0,"POLYGON ((-77.72770957486678 34.23227704258917, -77.87 32.1872035754269, -79.6656171353984 31.64245596801214, -80.52043878547393 32.158633175643814, -77.72770957486678 34.23227704258917))"
75C,2019-06-22 12:55:00+00:00,2019-06-22 14:55:00+00:00,0.0,45000.0,"POLYGON ((-92.42270264229174 40.43728967516404, -89.839046334989 38.85824844143621, -90.08114217437162 37.787547144597156, -93.00618568755917 38.55269463572637, -92.42270264229174 40.43728967516404))"
79C,2019-06-22 13:55:00+00:00,2019-06-22 15:55:00+00:00,0.0,45000.0,"POLYGON ((-99.44735638246208 42.40274300582307, -100.18665198738566 40.50598304567661, -101.15778290219848 39.797699676011305, -100.13960746204023 42.30277017485266, -99.44735638246208 42.40274300582307))"
19E,2019-06-22 13:55:00+00:00,2019-06-22 15:55:00+00:00,0.0,45000.0,"POLYGON ((-77.11256866433175 32.810607855650346, -76.74368634706377 32.03923455358845, -79.29457135854977 31.35073339322147, -77.11256866433175 32.810607855650346))"
20E,2019-06-22 13:55:00+00:00,2019-06-22 15:55:00+00:00,0.0,45000.0,"POLYGON ((-85.4836347390498 39.46260786396473, -82.57070276922205 36.792113407305074, -88.49723748604505 36.01719017602668, -90.21641862118754 36.695973531165265, -85.4836347390498 39.46260786396473))"
78C,2019-06-22 13:55:00+00:00,2019-06-22 15:55:00+00:00,0.0,45000.0,"POLYGON ((-95.31206992896432 41.9377377950307, -89.458001191166 39.547463740248915, -91.009396530976 37.92210618444479, -97.025648140284 39.11949501442071, -95.31206992896432 41.9377377950307))"
VICTOR 4,2019-06-22 14:35:00+00:00,2019-06-22 18:35:00+00:00,0.0,55000.0,"POLYGON ((132.2 15.5, 134.2 14, 130 12.3, 130 15.1, 132.2 15.5))"
WHISKEY 4,2019-06-22 14:39:00+00:00,2019-06-22 18:40:00+00:00,0.0,53000.0,"POLYGON ((152.5 11.4, 156.3 7.5, 150 8.1, 150 10.1, 152.5 11.4))"
XRAY 4,2019-06-22 14:44:00+00:00,2019-06-22 18:45:00+00:00,0.0,47000.0,"POLYGON ((-160 30, -159.3 25.3, -166.4 24.5, -164.3 27.2, -165.2 30, -160 30))"
ZULU 3,2019-06-22 14:49:00+00:00,2019-06-22 18:50:00+00:00,0.0,56000.0,"POLYGON ((152.5 4.2, 155.1 2.4, 151.1 0, 147.3 1.2, 147.3 3.1, 152.5 4.2))"
22E,2019-06-22 14:55:00+00:00,2019-06-22 16:55:00+00:00,0.0,45000.0,"POLYGON ((-84.1767077121465 38.6099194403233, -82.25724004847828 36.54215961410261, -88.33334647679762 35.68400362436325, -89.67748809830222 36.0194695471484, -84.1767077121465 38.6099194403233))"
21E,2019-06-22 14:55:00+00:00,2019-06-22 16:55:00+00:00,0.0,45000.0,"POLYGON ((-75.91327822438343 32.68738613299373, -76.38097257791527 31.26681110464502, -76.81696033297256 32.19359480289175, -75.91327822438343 32.68738613299373))"
81C,2019-06-22 14:55:00+00:00,2019-06-22 16:55:00+00:00,0.0,45000.0,"POLYGON ((-99.33277187999668 42.938774937917856, -99.17258764004819 41.63174416760919, -101.24344389512761 40.198162970143144, -102.36631104876383 41.289374491800714, -99.33277187999668 42.938774937917856))"
80C,2019-06-22 14:55:00+00:00,2019-06-22 16:55:00+00:00,0.0,45000.0,"POLYGON ((-94.37629329824847 42.45626270004428, -89.13232589209518 38.36771974474597, -91.28087063364445 37.66533816250235, -95.07197342103085 39.90435025851825, -94.37629329824847 42.45626270004428))"
NOVEMBER 1,2019-06-22 15:09:00+00:00,2019-06-22 19:10:00+00:00,,,"POLYGON ((-152.3 12.1, -147 6.4, -141.2 6.5, -142.5 3.3, -145 3.3, -146 2.4, -153 5.2, -155.1 8.3, -152.3 12.1))"
23E,2019-06-22 15:55:00+00:00,2019-06-22 17:55:00+00:00,0.0,43000.0,"POLYGON ((-81.36016568455638 37.31864099008361, -82.68316868290074 35.28234213405372, -88.85915733942898 34.632840088027585, -90.14276251395493 36.01719017602668, -81.36016568455638 37.31864099008361))"
24E,2019-06-22 15:55:00+00:00,2019-06-22 17:55:00+00:00,0.0,29000.0,"POLYGON ((-69.36944468961114 46.17507790518707, -66.86165510164629 44.61982994610025, -70.43376514551186 43.737274864344045, -70.83611316709748 45.1661125089372, -69.36944468961114 46.17507790518707))"
83C,2019-06-22 15:55:00+00:00,2019-06-22 17:55:00+00:00,0.0,38000.0,"POLYGON ((-98.06262923881218 44.02485811131984, -98.82291569707452 41.73195678964553, -101.6790381909748 40.1948973195314, -101.6459915899952 42.04868459653098, -98.06262923881218 44.02485811131984))"
82C,2019-06-22 15:55:00+00:00,2019-06-22 17:55:00+00:00,0.0,45000.0,"POLYGON ((-93.50349257332346 42.78245880625014, -88.81457530882359 37.92529427799425, -90.86053927837679 37.668321685900366, -92.22 37.97815522131804, -93.50349257332346 42.78245880625014))"
26E,2019-06-22 16:55:00+00:00,2019-06-22 18:55:00+00:00,0.0,29000.0,"POLYGON ((-69.75945617080652 45.58329772052949, -66.87517657321504 44.609964714035804, -72.2757149892715 42.245938768029575, -73.8 43.32828375768357, -69.75945617080652 45.58329772052949))"
27E,2019-06-22 16:55:00+00:00,2019-06-22 18:55:00+00:00,0.0,45000.0,"POLYGON ((-84.44 33.63, -83.17300299834348 32.855072512776324, -84.772531624024 32.068001113887796, -85.21 33.05, -84.44 33.63))"
25E,2019-06-22 16:55:00+00:00,2019-06-22 18:55:00+00:00,0.0,43000.0,"POLYGON ((-81.36016568455638 37.31864099008361, -82.68316868290074 35.28234213405372, -88.85915733942898 34.632840088027585, -90.14276251395493 36.01719017602668, -81.36016568455638 37.31864099008361))"
84C,2019-06-22 16:55:00+00:00,2019-06-22 18:55:00+00:00,0.0,45000.0,"POLYGON ((-90.82265100347772 39.49617779744893, -87.76 37.93, -91.53597742510217 36.5791390401417, -93.0882093790144 37.820869202567536, -90.82265100347772 39.49617779744893))"
85C,2019-06-22 16:55:00+00:00,2019-06-22 18:55:00+00:00,0.0,38000.0,"POLYGON ((-97.37680420988248 44.709816445541826, -98.27409595579432 42.34191398015517, -102.30926712472159 40.15673884131869, -100.89359062017347 42.56645013138365, -97.37680420988248 44.709816445541826))"
29E,2019-06-22 17:55:00+00:00,2019-06-22 19:55:00+00:00,0.0,30000.0,"POLYGON ((-70.4448449753433 45.54953121912427, -66.73311816209689 44.71336349917001, -70.99 42.07085812115821, -74.16442933594833 42.86007273254306, -70.4448449753433 45.54953121912427))"
28E,2019-06-22 17:55:00+00:00,2019-06-22 19:55:00+00:00,0.0,43000.0,"POLYGON ((-81.21122301997794 36.92296967148198, -81.93 35.60828375768359, -83.54930067742029 34.90420053168644, -85.65144758384676 35.36787956605665, -81.21122301997794 36.92296967148198))"
89C,2019-06-22 17:55:00+00:00,2019-06-22 19:55:00+00:00,0.0,45000.0,"POLYGON ((-98.3730108208536 32.04253345908895, -98.05225982236678 31.380988855197657, -99.43110435970195 31.400818808494822, -98.3730108208536 32.04253345908895))"
88C,2019-06-22 17:55:00+00:00,2019-06-22 19:55:00+00:00,0.0,45000.0,"POLYGON ((-89.98 35.45371281826268, -87.49 35.43285469710448, -85.6379327989 34.79304899329591, -87.8475721868518 32.70837151409634, -91.30100352870447 34.67684507488825, -89.98 35.45371281826268))"
30E,2019-06-22 17:55:00+00:00,2019-06-22 19:55:00+00:00,0.0,45000.0,"POLYGON ((-83.64077166552478 33.627429471691975, -81.61134260057081 31.218523656469078, -87.04469471153226 31.963265228540692, -87.04876587493278 32.47257695195589, -83.64077166552478 33.627429471691975))"
87C,2019-06-22 17:55:00+00:00,2019-06-22 19:55:00+00:00,0.0,38000.0,"POLYGON ((-97.37680420988248 44.709816445541826, -98.27409595579432 42.34191398015517, -102.30926712472159 40.15673884131869, -100.89359062017347 42.56645013138365, -97.37680420988248 44.709816445541826))"
86C,2019-06-22 17:55:00+00:00,2019-06-22 19:55:00+00:00,0.0,45000.0,"POLYGON ((-90.82265100347772 39.49617779744893, -87.3146978435559 37.576237342404134, -91.53597742510217 36.5791390401417, -93.0882093790144 37.820869202567536, -90.82265100347772 39.49617779744893))"
9W,2019-06-22 17:55:00+00:00,2019-06-22 19:55:00+00:00,0.0,32000.0,"POLYGON ((-109.44064241960625 40.82070387314812, -106.86637606079684 37.34539175418454, -109.62250027146753 36.10872039896456, -110.59406679345001 40.49199823485391, -109.44064241960625 40.82070387314812))"
VICTOR 5,2019-06-22 18:26:00+00:00,2019-06-22 22:20:00+00:00,0.0,54000.0,"POLYGON ((130 15.1, 134 15.1, 130 11.5, 130 15.1))"
XRAY 5,2019-06-22 18:30:00+00:00,2019-06-22 22:30:00+00:00,0.0,48000.0,"POLYGON ((-165.2 30, -158.5 30, -162.1 24.4, -164 24.5, -165.2 30))"
ZULU 4,2019-06-22 18:32:00+00:00,2019-06-22 22:35:00+00:00,0.0,56000.0,"POLYGON ((152.5 4, 153.1 0.3, 148.1 4, 152.5 4))"
WHISKEY 5,2019-06-22 18:40:00+00:00,2019-06-22 22:40:00+00:00,0.0,53000.0,"POLYGON ((150.2 12.2, 155.3 8.3, 151.2 6.1, 152.1 8, 148.1 9.5, 150.2 12.2))"
33E,2019-06-22 18:55:00+00:00,2019-06-22 20:55:00+00:00,0.0,45000.0,"POLYGON ((-83.67165062180742 34.39275395200195, -81.17544826396902 32.29354929173296, -81.51 31.06285469710448, -84.64911907587486 31.352815720410444, -87.11179226739677 32.49415792830608, -83.67165062180742 34.39275395200195))"
90C,2019-06-22 18:55:00+00:00,2019-06-22 20:55:00+00:00,0.0,38000.0,"POLYGON ((-96.85 45.73800342405374, -97.14850574433054 43.538757633903515, -102.38348559144522 39.60924458573941, -101.43308628084999 41.55912767266601, -96.85 45.73800342405374))"
93C,2019-06-22 18:55:00+00:00,2019-06-22 20:55:00+00:00,0.0,43000.0,"POLYGON ((-98.66040399394547 32.47431103603906, -97.63149757775018 31.96617200012962, -99.01838652036086 31.761606542107224, -98.66040399394547 32.47431103603906))"
94C,2019-06-22 18:55:00+00:00,2019-06-22 20:55:00+00:00,0.0,33000.0,"POLYGON ((-96.06237869369329 30.57144654084427, -93.94584743138644 30.137352570362918, -96.76635635031313 28.593258853575165, -97.14832211082181 29.578048495073432, -96.06237869369329 30.57144654084427))"
NOVEMBER 2,2019-06-22 18:55:00+00:00,2019-06-22 22:55:00+00:00,0.0,52000.0,"POLYGON ((-153.3 11.4, -143 5.2, -155.5 6.5, -153.3 11.4))"
32E,2019-06-22 18:55:00+00:00,2019-06-22 20:55:00+00:00,0.0,45000.0,"POLYGON ((-80.93439014449476 36.36455687254115, -82.21650683276143 34.79438176144636, -85.43791252474985 35.194941841013836, -80.93439014449476 36.36455687254115))"
31E,2019-06-22 18:55:00+00:00,2019-06-22 20:55:00+00:00,0.0,34000.0,"POLYGON ((-70.46314909061803 45.54446714752626, -67.02456279040574 44.500643081554934, -70.84493064802466 41.02245368628932, -73.62745196050783 42.442460356464274, -70.46314909061803 45.54446714752626))"
91C,2019-06-22 18:55:00+00:00,2019-06-22 20:55:00+00:00,0.0,45000.0,"POLYGON ((-88.86000000000001 38.74178626558165, -85.66830377926415 37.182173970849256, -90.79176657842795 36.417305870181714, -92.55386366427547 37.61213474549222, -88.86000000000001 38.74178626558165))"
92C,2019-06-22 18:55:00+00:00,2019-06-22 20:55:00+00:00,0.0,45000.0,"POLYGON ((-92.57075327794799 35.44790273046866, -84.2159091271657 34.63808667098187, -87.809449757258 32.89982297273524, -92.32325908923681 34.79755685176219, -92.57075327794799 35.44790273046866))"
10W,2019-06-22 18:55:00+00:00,2019-06-22 20:55:00+00:00,0.0,41000.0,"POLYGON ((-109.4893105941906 41.236120923555795, -105.48978436730407 38.28523299962907, -109.10673479193935 35.91217312117958, -111.1305816760268 39.81735030408487, -109.4893105941906 41.236120923555795))"
98C,2019-06-22 19:55:00+00:00,2019-06-22 21:55:00+00:00,0.0,45000.0,"POLYGON ((-95.96915475259033 36.19986650831597, -93.93345148548069 34.72170140457218, -95.16099497079009 34.33729352672823, -95.96915475259033 36.19986650831597))"
97C,2019-06-22 19:55:00+00:00,2019-06-22 21:55:00+00:00,0.0,45000.0,"POLYGON ((-91.90913647949604 35.21396555510366, -86.83834088501001 34.92956635204474, -85.05755310301515 34.139603072925894, -86.64941023094688 32.887404069453375, -91.53205133312014 34.45698469067944, -91.90913647949604 35.21396555510366))"
34E,2019-06-22 19:55:00+00:00,2019-06-22 21:55:00+00:00,0.0,34000.0,"POLYGON ((-70.46314909061803 45.54446714752626, -66.95700776553045 45.00649174249873, -70.03 40.94726208852723, -73.75274491867567 41.655537797265765, -70.46314909061803 45.54446714752626))"
35E,2019-06-22 19:55:00+00:00,2019-06-22 21:55:00+00:00,0.0,45000.0,"POLYGON ((-80.36083528785535 36.17673144288763, -81.93 34.53089313279083, -83.87564033791631 35.16921147179629, -80.36083528785535 36.17673144288763))"
36E,2019-06-22 19:55:00+00:00,2019-06-22 21:55:00+00:00,0.0,45000.0,"POLYGON ((-83.58536947712075 34.46438587084129, -80.52043878547393 32.158633175643814, -81.36199399665252 30.64732641695025, -84.71621490712701 29.630964751439436, -86.59883041052957 32.45497533058373, -83.58536947712075 34.46438587084129))"
95C,2019-06-22 19:55:00+00:00,2019-06-22 21:55:00+00:00,0.0,38000.0,"POLYGON ((-96.57360227442304 46.28855066957343, -96.13121549064199 45.17150533028373, -101.69 40.05547582294557, -101.56841167568113 41.30177800390811, -96.57360227442304 46.28855066957343))"
01C,2019-06-22 19:55:00+00:00,2019-06-22 21:55:00+00:00,0.0,31000.0,"POLYGON ((-95.49766144015928 31.157663216393814, -93.82277228427141 30.392741474644307, -98.13404543205462 27.643595852579647, -98.6192288751735 28.18354971880697, -95.49766144015928 31.157663216393814))"
99C,2019-06-22 19:55:00+00:00,2019-06-22 21:55:00+00:00,0.0,39000.0,"POLYGON ((-96.12170260391234 33.18498112909956, -97.82565865872743 32.12935950199946, -98.59 32.99178626558165, -96.12170260391234 33.18498112909956))"
96C,2019-06-22 19:55:00+00:00,2019-06-22 21:55:00+00:00,0.0,45000.0,"POLYGON ((-88.16787113366506 38.697823880951525, -84.94357369476812 37.027084680374244, -89.89149435279164 36.20964549582819, -90.95 36.77547582294557, -88.16787113366506 38.697823880951525))"
11W,2019-06-22 19:55:00+00:00,2019-06-22 21:55:00+00:00,0.0,41000.0,"POLYGON ((-110.73487415140778 40.3294287649337, -105.09315221501647 39.80919474173051, -104.45612917329223 36.48928534067866, -110.42503235738576 34.93208949622448, -110.73487415140778 40.3294287649337))"
39E,2019-06-22 20:55:00+00:00,2019-06-22 22:55:00+00:00,,,"POLYGON ((-86.58582522483093 37.14828554818547, -86.12228985432661 36.93650881678149, -84.06186560439633 36.82698902004805, -86.5908937648928 36.94834978374689, -86.11951621711269 36.93639996580465, -84.05124978990662 37.02670708253294, -86.1116740398369 37.13622687926638, -86.11444767705082 37.13633573024322, -86.58582522483093 37.14828554818547))"
06C,2019-06-22 20:55:00+00:00,2019-06-22 22:55:00+00:00,0.0,39000.0,"POLYGON ((-96.97024754395446 33.80913949721411, -95.78000000000002 33.838003424053746, -96.00726553623181 32.865757214318535, -97.04 32.87, -96.97024754395446 33.80913949721411))"
07C,2019-06-22 20:55:00+00:00,2019-06-22 22:55:00+00:00,0.0,31000.0,"POLYGON ((-95.22683272468423 31.159007422702587, -93.72917442937873 30.35984690150953, -95.70289590016299 29.652848529458563, -95.22683272468423 31.159007422702587))"
09C,2019-06-22 20:55:00+00:00,2019-06-22 22:55:00+00:00,0.0,40000.0,"POLYGON ((-95.9225214564951 39.66537844554604, -94.66865221907257 39.15641207551755, -96.76486451110385 38.650250148577946, -97.06247400248816 38.92867404192656, -95.9225214564951 39.66537844554604))"
10C,2019-06-22 20:55:00+00:00,2019-06-22 22:55:00+00:00,0.0,40000.0,"POLYGON ((-94.2085548211202 39.69770398394187, -93.8060529358665 39.28626929374069, -94.39539166634466 39.17884188210968, -94.59648410292452 39.557044342483486, -94.2085548211202 39.69770398394187))"
40E,2019-06-22 20:55:00+00:00,2019-06-22 22:55:00+00:00,0.0,45000.0,"POLYGON ((-80.54894597320987 35.85765482243549, -79.35726959159206 35.39805379463034, -81.42074596050838 33.986778527083644, -82.89528245487392 34.699330999229666, -80.54894597320987 35.85765482243549))"
42E,2019-06-22 20:55:00+00:00,2019-06-22 22:55:00+00:00,0.0,45000.0,"POLYGON ((-85.43668804384119 32.58868016710795, -84.56712114207949 31.89498192102962, -85.17434156098174 31.10325627298234, -86.1689770977002 32.527320017737416, -85.43668804384119 32.58868016710795))"
43E,2019-06-22 20:55:00+00:00,2019-06-22 22:55:00+00:00,0.0,45000.0,"POLYGON ((-84.92866041971038 30.39872461181551, -82.40337774164091 30.655297148386005, -81.91746169427603 29.986446481500316, -84.35 29.568155221318033, -84.92866041971038 30.39872461181551))"
38E,2019-06-22 20:55:00+00:00,2019-06-22 22:55:00+00:00,0.0,34000.0,"POLYGON ((-70.31456507138988 42.35801780492051, -69.01233841374699 40.957173518989755, -70.95921541515179 40.57039786335193, -72.07195286461022 41.74733992894882, -70.31456507138988 42.35801780492051))"
41E,2019-06-22 20:55:00+00:00,2019-06-22 22:55:00+00:00,0.0,45000.0,"POLYGON ((-82.99251476666052 34.084793500183224, -80.04 32.224524177054434, -81.09958975667175 30.69228113154956, -85.21 33.382737911472795, -82.99251476666052 34.084793500183224))"
37E,2019-06-22 20:55:00+00:00,2019-06-22 22:55:00+00:00,0.0,32000.0,"POLYGON ((-69.79209140888082 44.01530641658, -69.23558126018924 43.42176921549752, -70.34897636286172 42.96858713096812, -70.61 43.43, -69.79209140888082 44.01530641658))"
08C,2019-06-22 20:55:00+00:00,2019-06-22 22:55:00+00:00,0.0,45000.0,"POLYGON ((-97.86713960527548 39.390854915233994, -97.22411940068002 39.05666533792293, -98.36024603752918 38.00209877479093, -98.79911712555646 38.54205367350181, -97.86713960527548 39.390854915233994))"
02C,2019-06-22 20:55:00+00:00,2019-06-22 22:55:00+00:00,0.0,38000.0,"POLYGON ((-96.36438712096822 46.748972947506594, -95.96264739089368 45.055198548580634, -101.05448235495922 40.55199626504886, -101.17712729690925 41.8177411357023, -96.36438712096822 46.748972947506594))"
03C,2019-06-22 20:55:00+00:00,2019-06-22 22:55:00+00:00,0.0,45000.0,"POLYGON ((-86.97783019987484 38.18208204377095, -86.73342830837416 36.69435743745672, -88.06571114589123 35.179210967045584, -90.57010637933418 35.98206671673675, -86.97783019987484 38.18208204377095))"
04C,2019-06-22 20:55:00+00:00,2019-06-22 22:55:00+00:00,0.0,45000.0,"POLYGON ((-90.95 35.44452417705444, -86.27003320692039 34.572851559987534, -85.43907463586413 33.510905527783166, -86.54692184849472 32.68091209891812, -91.06371269692416 34.292904878023464, -90.95 35.44452417705444))"
05C,2019-06-22 20:55:00+00:00,2019-06-22 22:55:00+00:00,0.0,45000.0,"POLYGON ((-94.73888947804934 36.24840607562531, -92.98922648406473 34.67732604716009, -94.6242549929556 33.69976654940333, -97.02605662701379 34.92807751174218, -94.73888947804934 36.24840607562531))"
12W,2019-06-22 20:55:00+00:00,2019-06-22 22:55:00+00:00,0.0,41000.0,"POLYGON ((-106.89484146539849 40.64662650021727, -104.32547391752873 40.42434146314661, -104.10777856179138 36.23290632251312, -112.48 34.7, -109.12800296355789 36.73549266106669, -106.89484146539849 40.64662650021727))"
46E,2019-06-22 21:55:00+00:00,2019-06-22 23:55:00+00:00,,,"POLYGON ((-83.99398179610722 37.04952212990862, -84.44236251996148 37.12799020710202, -84.49352553724542 37.12355695687624, -86.84170931869666 36.27672385816296, -84.47683920469143 36.9309842218883, -84.02845848083717 36.8525161446949, -86.77385996885873 36.0885843734008, -84.42567618740749 36.93541747211408, -83.99398179610722 37.04952212990862))"
49E,2019-06-22 21:55:00+00:00,2019-06-22 23:55:00+00:00,0.0,45000.0,"POLYGON ((-86.78654146900597 34.707978564171775, -85.08330552909992 33.84963530548145, -86.00385922532867 32.330256470214465, -87.38901178798201 33.26012765346314, -86.78654146900597 34.707978564171775))"
47E,2019-06-22 21:55:00+00:00,2019-06-22 23:55:00+00:00,0.0,45000.0,"POLYGON ((-79.98 35.7608581211582, -79.32273329745168 34.897370064589424, -80.91716607817486 33.59279643704169, -82.06468873132381 34.76279324902581, -79.98 35.7608581211582))"
12C,2019-06-22 21:55:00+00:00,2019-06-22 23:55:00+00:00,0.0,45000.0,"POLYGON ((-87.06124613905929 36.44607805603683, -87.11553846840633 35.016109146470505, -87.97841872394504 34.8750008503467, -90.95 36.11, -87.06124613905929 36.44607805603683))"
16C,2019-06-22 21:55:00+00:00,2019-06-22 23:55:00+00:00,0.0,45000.0,"POLYGON ((-97.53 30.090858121158213, -97.84665281046244 29.417289366308122, -98.46 29.350858121158215, -98.33235240821193 29.90707114091034, -97.53 30.090858121158213))"
15C,2019-06-22 21:55:00+00:00,2019-06-22 23:55:00+00:00,0.0,45000.0,"POLYGON ((-98.253671472658 37.52678068640859, -97.85788273613932 37.215408246117484, -99.12448219068926 35.72425271898883, -99.21862770519435 36.11687635938062, -98.253671472658 37.52678068640859))"
14C,2019-06-22 21:55:00+00:00,2019-06-22 23:55:00+00:00,0.0,45000.0,"POLYGON ((-93.05354000726338 36.82541280941731, -93.45332128745908 34.019610033334494, -95.70285522549925 32.748365985260705, -97.36975245604553 33.80913949721411, -96.29409770335499 35.790032694610545, -93.05354000726338 36.82541280941731))"
18C,2019-06-22 21:55:00+00:00,2019-06-22 23:55:00+00:00,0.0,40000.0,"POLYGON ((-94.37912522675865 39.95727638623618, -93.8737124970061 39.56342119983033, -96.31917804619069 38.92278134796634, -96.21 39.477145302895536, -94.37912522675865 39.95727638623618))"
48E,2019-06-22 21:55:00+00:00,2019-06-22 23:55:00+00:00,0.0,45000.0,"POLYGON ((-82.16000000000001 34.04273791147279, -79.73880183925638 32.27481902758643, -80.97466831106385 30.529909732491703, -84.65867910370321 33.239787958019946, -82.16000000000001 34.04273791147279))"
44E,2019-06-22 21:55:00+00:00,2019-06-22 23:55:00+00:00,0.0,32000.0,"POLYGON ((-70.34496852933206 43.890810068610186, -68.93109443532451 42.908320463024054, -70.08943482463779 42.35647615819438, -71.12340458493067 43.21909208377188, -70.34496852933206 43.890810068610186))"
50E,2019-06-22 21:55:00+00:00,2019-06-22 23:55:00+00:00,0.0,45000.0,"POLYGON ((-84.92866041971038 30.39872461181551, -82.08830545755377 30.338727669926836, -81.65707935166914 30.032507950985465, -84.35 29.568155221318033, -84.92866041971038 30.39872461181551))"
45E,2019-06-22 21:55:00+00:00,2019-06-22 23:55:00+00:00,0.0,34000.0,"POLYGON ((-69.68788560493756 41.89431584223956, -68.40655729833676 40.75921272945844, -70.6134810031032 40.2025794458225, -71.90024703201289 41.366116553854944, -69.68788560493756 41.89431584223956))"
11C,2019-06-22 21:55:00+00:00,2019-06-22 23:55:00+00:00,0.0,38000.0,"POLYGON ((-98.01107471185601 44.8046143530222, -96.95688605329428 43.95727381978883, -99.72600398756889 41.36381358475938, -99.99 42.57, -98.01107471185601 44.8046143530222))"
19C,2019-06-22 21:55:00+00:00,2019-06-22 23:55:00+00:00,0.0,44000.0,"POLYGON ((-105.08162898780672 40.97429788449089, -103.78165904164582 39.96744072484128, -103.21440991272043 37.132041061284916, -106.94490359092086 36.352503916803194, -106.89 39.44, -105.08162898780672 40.97429788449089))"
17C,2019-06-22 21:55:00+00:00,2019-06-22 23:55:00+00:00,0.0,45000.0,"POLYGON ((-96.62212803885554 39.43074057096752, -97.37605291838915 38.46863072885516, -98.99438979531452 38.47625077177771, -98.61235394543912 39.244141615992575, -96.62212803885554 39.43074057096752))"
13C,2019-06-22 21:55:00+00:00,2019-06-22 23:55:00+00:00,0.0,45000.0,"POLYGON ((-89.22692430438377 35.272342997925655, -87.49 34.21089313279084, -87.95831287271236 33.297777165858435, -90.79257669598358 35.01729199628249, -89.22692430438377 35.272342997925655))"
13W,2019-06-22 21:55:00+00:00,2019-06-22 23:55:00+00:00,0.0,41000.0,"POLYGON ((-106.89 39.10726208852721, -106.94490359092086 36.352503916803194, -108.75050101323166 35.187908757505994, -111.8729277723342 34.69849476116072, -106.89 39.10726208852721))"
WHISKEY 1,2019-06-22 22:01:00+00:00,2019-06-23 02:00:00+00:00,0.0,51000.0,"POLYGON ((130 14.4, 131.2 14.3, 130 10.5, 130 14.4))"
VICTOR 6,2019-06-22 22:12:00+00:00,2019-06-23 02:15:00+00:00,0.0,51000.0,"POLYGON ((130 15.1, 132.4 13.2, 130 10.5, 130 15.1))"
XRAY 6,2019-06-22 22:15:00+00:00,2019-06-23 02:05:00+00:00,0.0,49000.0,"POLYGON ((-158.5 30, -159 26.2, -165 30, -158.5 30))"
NOVEMBER 3,2019-06-22 22:24:00+00:00,2019-06-23 02:20:00+00:00,0.0,52000.0,"POLYGON ((-156 9.5, -146.4 4.5, -157.3 6.4, -156 9.5))"
ZULU 5,2019-06-22 22:29:00+00:00,2019-06-23 02:30:00+00:00,0.0,53000.0,"POLYGON ((147.5 6.2, 156.4 6.1, 148.3 2.2, 147.5 6.2))"
52E,2019-06-22 22:55:00+00:00,2019-06-23 00:55:00+00:00,,,"POLYGON ((-84.13321867627276 36.084486725708, -86.34856815791231 36.3456923336425, -86.41504458733746 36.33004983206481, -86.81396282947985 36.06893353161261, -86.83284099804933 36.05291317899142, -87.72014294176704 35.08696915396373, -86.37198736746264 36.14706821470414, -84.15663788582309 35.88586260676965, -86.70442918017987 35.90159441582963, -86.30551093803749 36.16271071628183, -87.57285295532809 34.95167074342313, -86.68555101161039 35.91761476845083, -84.13321867627276 36.084486725708))"
57E,2019-06-22 22:55:00+00:00,2019-06-23 00:55:00+00:00,0.0,45000.0,"POLYGON ((-82.70133022241109 30.36333110531446, -81.48160851538857 30.002172131555106, -81.53839148461144 29.81040223191954, -82.75811319163395 30.171561205678895, -82.70133022241109 30.36333110531446))"
54E,2019-06-22 22:55:00+00:00,2019-06-23 00:55:00+00:00,0.0,45000.0,"POLYGON ((-82.64262185206745 33.87503675075433, -81.79263936599091 33.40277453763842, -82.24884081873938 32.07399936875062, -83.7810834197624 32.42279953972168, -83.95121190217309 33.22012910966644, -82.64262185206745 33.87503675075433))"
53E,2019-06-22 22:55:00+00:00,2019-06-23 00:55:00+00:00,0.0,45000.0,"POLYGON ((-80.59620097502642 35.18948553552862, -78.49290969255381 34.859560889585936, -80.04 32.89, -81.37127356545025 33.74893330897594, -80.59620097502642 35.18948553552862))"
25C,2019-06-22 22:55:00+00:00,2019-06-23 00:55:00+00:00,0.0,45000.0,"POLYGON ((-97.53 30.66914187884179, -98.12732885727854 29.6395848720242, -98.58764759178806 29.90707114091034, -98.15070279915912 30.59983285309897, -97.53 30.66914187884179))"
22C,2019-06-22 22:55:00+00:00,2019-06-23 00:55:00+00:00,0.0,45000.0,"POLYGON ((-87.26981960889404 33.97613108107706, -86.410988212018 33.26012765346314, -87.11179226739677 32.49415792830608, -88.14356450696191 33.18277904824572, -87.26981960889404 33.97613108107706))"
55E,2019-06-22 22:55:00+00:00,2019-06-23 00:55:00+00:00,0.0,45000.0,"POLYGON ((-81.41964196435391 33.7321148269582, -79.30992859183051 32.63321123966971, -80.07781633330929 30.841531081602895, -82.51 31.54, -81.41964196435391 33.7321148269582))"
56E,2019-06-22 22:55:00+00:00,2019-06-23 00:55:00+00:00,0.0,45000.0,"POLYGON ((-84.86561000417451 33.98219365129119, -84.44 32.964524177054436, -85.92669783553609 32.219391105173635, -87.23159293349036 32.53506400034328, -84.86561000417451 33.98219365129119))"
51E,2019-06-22 22:55:00+00:00,2019-06-23 00:55:00+00:00,0.0,30000.0,"POLYGON ((-68.58853440437238 41.71671104486652, -68.81000913879213 40.89153895645267, -69.40831016320982 40.807758520738055, -69.6201381659405 41.40660727876327, -68.58853440437238 41.71671104486652))"
21C,2019-06-22 22:55:00+00:00,2019-06-23 00:55:00+00:00,0.0,45000.0,"POLYGON ((-90.51510597413649 35.756291015815584, -85.58249297139706 35.312156366970754, -88.08853786590034 33.13636413219181, -89.5701194691635 34.04618363965997, -90.51510597413649 35.756291015815584))"
20C,2019-06-22 22:55:00+00:00,2019-06-23 00:55:00+00:00,0.0,38000.0,"POLYGON ((-97.20575113568377 43.77654430776038, -99.45856059027645 41.3746803667142, -100.40911041454669 41.664319927645394, -99.02360393908852 43.560830911975906, -97.20575113568377 43.77654430776038))"
26C,2019-06-22 22:55:00+00:00,2019-06-23 00:55:00+00:00,0.0,45000.0,"POLYGON ((-97.51681698504989 40.192652318548085, -96.76456341849571 38.92687836921599, -98.32988243612536 38.33583614445982, -98.81188375670474 39.3059558370838, -97.51681698504989 40.192652318548085))"
27C,2019-06-22 22:55:00+00:00,2019-06-23 00:55:00+00:00,0.0,40000.0,"POLYGON ((-94.06969475160663 40.67070790644474, -93.89547060341522 40.122670506580974, -95.04298285474115 39.05432549024071, -96.76456341849571 38.92687836921599, -97.01105285350636 39.398985841447804, -94.06969475160663 40.67070790644474))"
28C,2019-06-22 22:55:00+00:00,2019-06-23 00:55:00+00:00,0.0,44000.0,"POLYGON ((-104.15044314380472 41.88805022082951, -102.76388797243752 37.25706026562896, -105.66047296494823 37.042482962238566, -106.44964937146585 38.6395206657978, -106.35130989024002 41.808844772416705, -104.15044314380472 41.88805022082951))"
23C,2019-06-22 22:55:00+00:00,2019-06-23 00:55:00+00:00,0.0,45000.0,"POLYGON ((-95.77713467448257 36.96759931321484, -92.09707481737732 36.48654279794418, -93.19152085767034 34.67582201304742, -96.33498721907586 33.45622861203412, -96.78361180392527 35.39725360267512, -95.77713467448257 36.96759931321484))"
24C,2019-06-22 22:55:00+00:00,2019-06-23 00:55:00+00:00,0.0,45000.0,"POLYGON ((-97.87851441042027 37.984905333503725, -97.28337783708129 37.514346567485, -99.15524146576765 35.74960267118773, -99.30615022856105 36.52962951206631, -97.87851441042027 37.984905333503725))"
14W,2019-06-22 22:55:00+00:00,2019-06-23 00:55:00+00:00,0.0,41000.0,"POLYGON ((-107.05045531716242 40.05861598845079, -106.86637606079684 37.34539175418454, -108.75050101323166 35.187908757505994, -110.8 35.06, -107.05045531716242 40.05861598845079))"
CHARLIE 1,2019-06-22 23:00:00+00:00,2019-06-23 03:00:00+00:00,0.0,44000.0,"POLYGON ((-69.3 34.3, -68.45 31.3, -73.3 31.15, -73.45 33.3, -69.3 34.3))"
35C,2019-06-22 23:55:00+00:00,2019-06-23 01:55:00+00:00,,,"POLYGON ((-97.64764383409546 38.9409301840032, -97.52032693927318 37.6139368925359, -99.68817151594465 36.00183309646231, -97.75451354636476 37.868685773325, -97.67329664758863 37.65818472945477, -97.4488469480752 38.91902588970618, -97.561818455766 37.8937299530547, -99.80751763739829 36.16232142405647, -97.63967306072682 37.77442522013007, -97.48670335241137 37.7301773832112, -97.5679202511875 37.94067842708142, -97.76061534178626 37.91563424735172, -97.64764383409546 38.9409301840032))"
63E,2019-06-22 23:55:00+00:00,2019-06-23 01:55:00+00:00,0.0,45000.0,"POLYGON ((-86.9 33.23628718173732, -85.21 33.05, -85.21 32.32714530289553, -86.79449928179464 32.38508871469472, -86.9 33.23628718173732))"
64E,2019-06-22 23:55:00+00:00,2019-06-23 01:55:00+00:00,0.0,45000.0,"POLYGON ((-81.04492730572076 30.505151891640896, -80.67245023142877 30.33733124562165, -81.34491828423843 29.50424862835611, -82.12764804286999 30.117248978038266, -81.04492730572076 30.505151891640896))"
34C,2019-06-22 23:55:00+00:00,2019-06-23 01:55:00+00:00,0.0,45000.0,"POLYGON ((-96.32512227029618 31.988470197374934, -95.07955323196018 31.46618189833333, -95.73364421504907 31.156029810061813, -96.59061629790999 31.658200469553083, -96.32512227029618 31.988470197374934))"
30C,2019-06-22 23:55:00+00:00,2019-06-23 01:55:00+00:00,0.0,45000.0,"POLYGON ((-89.69770687193491 35.712725732557736, -86.95218237523396 35.6054267905776, -87.16547408375953 34.598919811549685, -90.46828835690982 34.85304681603906, -89.69770687193491 35.712725732557736))"
31C,2019-06-22 23:55:00+00:00,2019-06-23 01:55:00+00:00,0.0,45000.0,"POLYGON ((-87.38239588124743 33.835038169134656, -86.9 33.67, -86.95304979958053 32.43972275364451, -88.14356450696191 33.18277904824572, -87.38239588124743 33.835038169134656))"
29C,2019-06-22 23:55:00+00:00,2019-06-23 01:55:00+00:00,0.0,38000.0,"POLYGON ((-97.52108775695127 43.86891143896223, -97.08315497650693 43.11533267874578, -98.88538213180287 41.54473580354133, -99.10373870247123 42.16257253701347, -97.52108775695127 43.86891143896223))"
58E,2019-06-22 23:55:00+00:00,2019-06-23 01:55:00+00:00,0.0,30000.0,"POLYGON ((-70.76133324166634 41.71806182835829, -69.77402655237435 41.740832278831824, -67.81663788602349 41.25879991802975, -69.25427352668612 40.68918018809671, -70.76133324166634 41.71806182835829))"
59E,2019-06-22 23:55:00+00:00,2019-06-23 01:55:00+00:00,0.0,45000.0,"POLYGON ((-84.8425572950873 36.2145776418734, -83.86216225640253 34.88971008063144, -86.93035976389048 34.51771980044433, -86.8370589645005 35.83248757939485, -84.8425572950873 36.2145776418734))"
60E,2019-06-22 23:55:00+00:00,2019-06-23 01:55:00+00:00,0.0,45000.0,"POLYGON ((-78.24290960421781 34.47676820911989, -79.22138683437119 31.19657097258367, -81.11 32.16, -80.62323180648023 34.21218728841783, -78.24290960421781 34.47676820911989))"
61E,2019-06-22 23:55:00+00:00,2019-06-23 01:55:00+00:00,0.0,45000.0,"POLYGON ((-84.59347784799772 33.93731504050098, -83.46723675806426 32.7535341651909, -83.74937657068881 31.467860282199958, -84.8306234293112 31.467860282199958, -85.21 33.2163689557364, -84.59347784799772 33.93731504050098))"
62E,2019-06-22 23:55:00+00:00,2019-06-23 01:55:00+00:00,0.0,45000.0,"POLYGON ((-82.02098488455984 32.475071589244095, -81.2599073414579 31.85250184019409, -82.51 31.04089313279082, -83.29080948912768 31.537628073776222, -82.02098488455984 32.475071589244095))"
32C,2019-06-22 23:55:00+00:00,2019-06-23 01:55:00+00:00,0.0,45000.0,"POLYGON ((-93.90865848378047 37.167589140200334, -91.38881986635737 36.46212312730377, -91.51937722032697 35.91765186208282, -94.3776293483607 34.124440010838626, -96.73849221374243 35.87791935953227, -93.90865848378047 37.167589140200334))"
33C,2019-06-22 23:55:00+00:00,2019-06-23 01:55:00+00:00,0.0,42000.0,"POLYGON ((-104.67490857602405 38.75086081508925, -102.26659518156916 38.19923970809518, -102.55487526032684 37.2554067445057, -104.7109850579772 36.79730441391463, -104.67490857602405 38.75086081508925))"
37C,2019-06-22 23:55:00+00:00,2019-06-23 01:55:00+00:00,0.0,42000.0,"POLYGON ((-104.15044314380472 41.88805022082951, -102.4826203158765 39.13263958934428, -105.1855466932258 38.87578954720673, -106.35130989024002 41.808844772416705, -104.15044314380472 41.88805022082951))"
36C,2019-06-22 23:55:00+00:00,2019-06-23 01:55:00+00:00,0.0,40000.0,"POLYGON ((-94.06087521282147 41.566603174929845, -93.39713012648464 40.38187055935897, -94.31008193341823 39.289209490177925, -97.7829805548577 38.62247670624085, -98.20178459189913 40.00450130606194, -94.06087521282147 41.566603174929845))"
15W,2019-06-22 23:55:00+00:00,2019-06-23 01:55:00+00:00,0.0,41000.0,"POLYGON ((-106.69514384470082 40.32742077116497, -106.82756505630985 38.449808213432824, -108.09 36.40726208852722, -108.00106352932244 38.80267101878243, -106.69514384470082 40.32742077116497))"
4C,2019-06-23 00:55:00+00:00,2019-06-23 02:55:00+00:00,,,"POLYGON ((-97.43914125345714 38.79157735847728, -97.31601422360242 37.66451617789692, -99.61991202382673 36.254525632087, -97.63646112828698 38.75894505857163, -97.4668744899889 37.73349437509126, -99.72431268176983 36.42511432638134, -97.42041488154553 37.83510487219126, -97.26955461515905 37.76612667499692, -97.43914125345714 38.79157735847728))"
7E,2019-06-23 00:55:00+00:00,2019-06-23 02:55:00+00:00,0.0,45000.0,"POLYGON ((-81.00746429379815 30.339039231886876, -80.5209223852766 29.809842758570777, -80.94422091871557 29.299897645642126, -81.4627325833651 29.606217821017584, -81.00746429379815 30.339039231886876))"
6E,2019-06-23 00:55:00+00:00,2019-06-23 02:55:00+00:00,0.0,45000.0,"POLYGON ((-82.31441440147731 31.940549647531416, -81.47105246910289 31.852805846331467, -82.31608628592302 31.139155243532617, -82.74936860111589 31.335322846315652, -82.31441440147731 31.940549647531416))"
6C,2019-06-23 00:55:00+00:00,2019-06-23 02:55:00+00:00,0.0,42000.0,"POLYGON ((-105.97957979609727 42.55534044655743, -103.48 41.89, -102.25118316317966 39.38865212174167, -104.87481553840584 39.409102956380764, -105.97957979609727 42.55534044655743))"
1C,2019-06-23 00:55:00+00:00,2019-06-23 02:55:00+00:00,0.0,33000.0,"POLYGON ((-97.52108775695127 43.86891143896223, -97.08315497650693 43.11533267874578, -98.88538213180287 41.54473580354133, -99.10373870247123 42.16257253701347, -97.52108775695127 43.86891143896223))"
1E,2019-06-23 00:55:00+00:00,2019-06-23 02:55:00+00:00,0.0,30000.0,"POLYGON ((-70.34421761406863 41.51485493478884, -68.92313924388488 41.274699054739656, -69.61130824364902 40.510712188676514, -70.6417985118629 41.08737793781523, -70.34421761406863 41.51485493478884))"
3E,2019-06-23 00:55:00+00:00,2019-06-23 02:55:00+00:00,0.0,45000.0,"POLYGON ((-80.81873747107582 34.320898992310774, -77.87 34.35, -77.86242363578312 32.10709887104252, -79.17517895295909 31.146933214688314, -80.6947182537145 31.806399583874523, -80.81873747107582 34.320898992310774))"
2E,2019-06-23 00:55:00+00:00,2019-06-23 02:55:00+00:00,0.0,45000.0,"POLYGON ((-84.2688878918791 35.77207132051294, -83.45430762327618 34.39249289424904, -87.79752155618463 34.09479335616299, -88.06571114589123 35.179210967045584, -84.2688878918791 35.77207132051294))"
5E,2019-06-23 00:55:00+00:00,2019-06-23 02:55:00+00:00,0.0,45000.0,"POLYGON ((-87.04154714296165 33.787559970987104, -84.84565865872744 32.12935950199946, -85.26726069029438 31.656276482818313, -87.70336354801594 32.757256911758596, -87.04154714296165 33.787559970987104))"
4E,2019-06-23 00:55:00+00:00,2019-06-23 02:55:00+00:00,0.0,45000.0,"POLYGON ((-83.87173764759633 34.099264778247814, -82.74009201210643 32.36838044557894, -83.6638881053447 30.9864105292458, -84.8306234293112 31.467860282199958, -84.59347784799772 33.93731504050098, -83.87173764759633 34.099264778247814))"
5C,2019-06-23 00:55:00+00:00,2019-06-23 02:55:00+00:00,0.0,40000.0,"POLYGON ((-93.65 41.93910686720918, -92.59 40.13, -94.94172145534311 38.62205792988006, -97.94456880651437 38.31472926093198, -97.01797026952376 40.45186360664409, -93.65 41.93910686720918))"
2C,2019-06-23 00:55:00+00:00,2019-06-23 02:55:00+00:00,0.0,45000.0,"POLYGON ((-92.75134151621953 37.167589140200334, -91.361859462487 36.10929520613403, -94.07000000000001 34.34184477868196, -95.93458518046275 34.542492349281694, -95.79 36.53273791147279, -92.75134151621953 37.167589140200334))"
3C,2019-06-23 00:55:00+00:00,2019-06-23 02:55:00+00:00,0.0,42000.0,"POLYGON ((-102.76810831725031 39.390741605151966, -103.30530191874256 37.02435309120733, -104.55068947707954 37.10439544674255, -104.05158581874754 39.337843197327956, -102.76810831725031 39.390741605151966))"
1W,2019-06-23 00:55:00+00:00,2019-06-23 02:55:00+00:00,0.0,36000.0,"POLYGON ((-107.04 38.94910686720918, -107.04 38.45, -108.32692654686963 36.27865000285349, -108.85467354193706 36.48288412960742, -107.04 38.94910686720918))"
12E,2019-06-23 01:55:00+00:00,2019-06-23 03:55:00+00:00,0.0,45000.0,"POLYGON ((-80.89235195713002 30.117248978038266, -80.18805140062607 29.62878322789309, -80.8040119214694 29.189001512911766, -81.22734116340371 29.40217580878289, -80.89235195713002 30.117248978038266))"
11E,2019-06-23 01:55:00+00:00,2019-06-23 03:55:00+00:00,0.0,45000.0,"POLYGON ((-86.76745729085373 33.402796946539354, -84.8824462644128 32.38174068252845, -85.07225982236679 31.380988855197657, -87.11179226739677 32.49415792830608, -86.76745729085373 33.402796946539354))"
8E,2019-06-23 01:55:00+00:00,2019-06-23 03:55:00+00:00,0.0,45000.0,"POLYGON ((-84.39220881747217 35.49004426213087, -83.3 34.7, -84.44 33.919141878841785, -85.28457471942944 34.69279344227479, -84.39220881747217 35.49004426213087))"
9E,2019-06-23 01:55:00+00:00,2019-06-23 03:55:00+00:00,0.0,43000.0,"POLYGON ((-80.62323180648023 34.21218728841783, -77.44431913453145 33.99634063328835, -77.7103738594001 30.868429992317218, -80.28260930052834 31.45146127917798, -80.62323180648023 34.21218728841783))"
10E,2019-06-23 01:55:00+00:00,2019-06-23 03:55:00+00:00,0.0,45000.0,"POLYGON ((-83.24118730635608 33.624216500433, -82.51 31.872737911472793, -83.45606694825167 30.715289850329363, -84.70306198905014 31.30641264694936, -84.44070758035093 32.68751994342753, -83.24118730635608 33.624216500433))"
12C,2019-06-23 02:09:00+00:00,2019-06-23 03:55:00+00:00,0.0,42000.0,"POLYGON ((-105.72 42.06285469710447, -103.120536742446 42.00008989080427, -102.20970419915788 39.55482011906384, -104.28359959459702 39.80939193005229, -105.72 42.06285469710447))"
8C,2019-06-23 02:09:00+00:00,2019-06-23 03:55:00+00:00,0.0,45000.0,"POLYGON ((-92.05686677254812 37.35317730086255, -91.77372430899693 35.83055256653708, -94.00032222998817 34.85543517509248, -96.02851966851858 34.64529287274846, -94.92425904428437 36.62541513154759, -92.05686677254812 37.35317730086255))"
13C,2019-06-23 02:09:00+00:00,2019-06-23 03:55:00+00:00,0.0,45000.0,"POLYGON ((-100.56152692949784 35.00395472668221, -100.5581471865792 34.8039832853767, -101.43596770873961 34.78914712840234, -101.43934745165825 34.98911856970785, -100.56152692949784 35.00395472668221))"
9C,2019-06-23 02:09:00+00:00,2019-06-23 03:55:00+00:00,0.0,45000.0,"POLYGON ((-102.56851300763655 39.68782336505307, -102.24307238201077 37.84622915819548, -104.24919853283849 36.488392031447816, -103.90076960969118 39.21931203506277, -102.56851300763655 39.68782336505307))"
10C,2019-06-23 02:09:00+00:00,2019-06-23 03:55:00+00:00,0.0,45000.0,"POLYGON ((-95.33760736257732 38.26695125345406, -95.2 37.16, -95.64078417945574 36.80626036111646, -96.36303163039172 37.536329464815026, -95.33760736257732 38.26695125345406))"
11C,2019-06-23 02:09:00+00:00,2019-06-23 03:55:00+00:00,0.0,40000.0,"POLYGON ((-93.66539199648501 42.41730053635912, -91.78286987351537 40.38187055935897, -97.92 36.35, -98.65588502800706 36.93595379844198, -95.74 41.17, -93.66539199648501 42.41730053635912))"
7C,2019-06-23 02:09:00+00:00,2019-06-23 03:55:00+00:00,0.0,38000.0,"POLYGON ((-96.28936558357542 44.001876589313746, -94.29 43.10910686720918, -96.17485263840608 42.572452027108, -97.21441171028903 42.88064655251599, -96.28936558357542 44.001876589313746))"
CHARLIE 2,2019-06-23 02:10:00+00:00,2019-06-23 06:10:00+00:00,0.0,40000.0,"POLYGON ((-67 35.15, -65.3 31.15, -71.15 30.45, -72 32.45, -67 35.15))"
DELTA 1,2019-06-23 02:10:00+00:00,2019-06-23 06:10:00+00:00,0.0,45000.0,"POLYGON ((-51.45 36.45, -49.3 36.3, -53.15 31.15, -60 27.15, -62.15 29.15, -57.45 32, -51.45 36.45))"
NOVEMBER 4,2019-06-23 02:23:00+00:00,2019-06-23 06:25:00+00:00,0.0,55000.0,"POLYGON ((-157.3 8.4, -147.2 6.5, -157.5 6.2, -157.3 8.4))"
ZULU 6,2019-06-23 02:31:00+00:00,2019-06-23 06:30:00+00:00,0.0,53000.0,"POLYGON ((147.2 7, 158.5 6.3, 155.3 3.2, 146.5 5.3, 147.2 7))"
15E,2019-06-23 02:55:00+00:00,2019-06-23 04:55:00+00:00,0.0,45000.0,"POLYGON ((-82.48998615682353 33.04172981736768, -82.03901277409625 31.705111860147515, -83.4177008294637 30.72863923426236, -85.22815107746712 31.32461769646743, -85.80734528917135 32.21896547650789, -82.48998615682353 33.04172981736768))"
14C,2019-06-23 02:55:00+00:00,2019-06-23 04:55:00+00:00,0.0,38000.0,"POLYGON ((-96.78 43.65, -93.33 42.51171624231643, -95.91728539154215 41.11453911588707, -98.35 41.38, -96.78 43.65))"
21C,2019-06-23 02:55:00+00:00,2019-06-23 04:55:00+00:00,0.0,45000.0,"POLYGON ((-94.61581427427365 36.08300146479337, -94.40528134281212 35.122792249961705, -95.45492518281178 34.73891756206059, -95.79 35.76628718173732, -94.61581427427365 36.08300146479337))"
20C,2019-06-23 02:55:00+00:00,2019-06-23 04:55:00+00:00,0.0,45000.0,"POLYGON ((-90.90295045458895 37.44678621024536, -91.57859908113988 35.59721886055166, -93.45361810890813 35.11062630832101, -93.9823214793863 36.517053486995216, -90.90295045458895 37.44678621024536))"
18C,2019-06-23 02:55:00+00:00,2019-06-23 04:55:00+00:00,0.0,45000.0,"POLYGON ((-101.20832726434328 35.29686006519109, -101.0089718113325 35.28081627028896, -101.04186899247482 34.87204562161076, -101.2412244454856 34.88808941651289, -101.20832726434328 35.29686006519109))"
19C,2019-06-23 02:55:00+00:00,2019-06-23 04:55:00+00:00,0.0,45000.0,"POLYGON ((-100.85542620058277 34.02905326502528, -100.71057156592423 33.891150636993984, -101.34839283615335 33.221175246419655, -101.4932474708119 33.35907787445095, -100.85542620058277 34.02905326502528))"
16C,2019-06-23 02:55:00+00:00,2019-06-23 04:55:00+00:00,0.0,38000.0,"POLYGON ((-103.0699986169483 41.582587521950295, -102.44960724536227 40.9328074381093, -103.19892066186198 40.6990937172804, -103.48 41.45628718173732, -103.0699986169483 41.582587521950295))"
13E,2019-06-23 02:55:00+00:00,2019-06-23 04:55:00+00:00,0.0,45000.0,"POLYGON ((-84.5886700049326 34.76770783890459, -82.21650683276143 34.79438176144636, -81.65103601290878 33.85854144056521, -83.69941291922184 33.8824610586817, -84.5886700049326 34.76770783890459))"
14E,2019-06-23 02:55:00+00:00,2019-06-23 04:55:00+00:00,0.0,40000.0,"POLYGON ((-78.32769177521668 33.42691662199826, -76.60350539699624 33.28469139114844, -77.04413479468433 30.266023031357665, -78.44146809343414 30.228466654828352, -78.32769177521668 33.42691662199826))"
15C,2019-06-23 02:55:00+00:00,2019-06-23 04:55:00+00:00,0.0,45000.0,"POLYGON ((-93.33 42.42452417705443, -91.69936202046337 40.61777387118018, -95.347383938821 37.04226807072787, -98.31920525804482 37.11786305912753, -95.74 41.17, -93.33 42.42452417705443))"
17C,2019-06-23 02:55:00+00:00,2019-06-23 04:55:00+00:00,0.0,45000.0,"POLYGON ((-102.1205335122959 39.38920667104771, -101.94750182605699 37.609450250397586, -104.43300948835093 36.13628001668123, -104.04551674724293 37.61208888668682, -102.1205335122959 39.38920667104771))"
ZULU 7,2019-06-23 03:18:00+00:00,2019-06-23 07:20:00+00:00,0.0,53000.0,"POLYGON ((147.2 7, 158.5 6.3, 155.3 3.2, 146.5 5.3, 147.2 7))"
17E,2019-06-23 03:55:00+00:00,2019-06-23 05:55:00+00:00,,,"POLYGON ((-77.71533092126259 34.04048277005698, -80.10112522805582 29.65934529666781, -79.01590202512222 32.01747993256703, -77.29952905742898 33.87503547753563, -77.71533092126259 34.04048277005698))"
19E,2019-06-23 03:55:00+00:00,2019-06-23 05:55:00+00:00,0.0,45000.0,"POLYGON ((-81.92057332809385 30.82385396661607, -81.20837626053562 30.21113988794461, -81.33881159735652 30.059526488443076, -82.05100866491476 30.672240567114535, -81.92057332809385 30.82385396661607))"
29C,2019-06-23 03:55:00+00:00,2019-06-23 05:55:00+00:00,0.0,32000.0,"POLYGON ((-98.98994059512445 42.13365451516562, -98.83722406515649 42.004512494604725, -100.2451501177664 40.33957353614474, -100.39786664773436 40.46871555670563, -98.98994059512445 42.13365451516562))"
25C,2019-06-23 03:55:00+00:00,2019-06-23 05:55:00+00:00,0.0,45000.0,"POLYGON ((-101.4228258070314 35.39576425161468, -100.87737126157687 35.39576425161468, -100.87737126157687 34.85030970616013, -101.4228258070314 34.85030970616013, -101.4228258070314 35.39576425161468))"
26C,2019-06-23 03:55:00+00:00,2019-06-23 05:55:00+00:00,0.0,45000.0,"POLYGON ((-101.39673775733522 33.87987195879609, -101.03310139369884 33.87987195879609, -101.03310139369884 33.51623559515973, -101.39673775733522 33.51623559515973, -101.39673775733522 33.87987195879609))"
27C,2019-06-23 03:55:00+00:00,2019-06-23 05:55:00+00:00,0.0,45000.0,"POLYGON ((-93.33 37.07085812115821, -90.67419270826653 36.64394928571898, -91.90913647949604 35.21396555510366, -93.61558475343878 35.84003075821173, -93.33 37.07085812115821))"
16E,2019-06-23 03:55:00+00:00,2019-06-23 05:55:00+00:00,0.0,43000.0,"POLYGON ((-82.89528245487392 34.699330999229666, -81.28126252892417 34.320898992310774, -81.93161510798173 33.248674962901866, -83.3 33.86815522131804, -82.89528245487392 34.699330999229666))"
18E,2019-06-23 03:55:00+00:00,2019-06-23 05:55:00+00:00,0.0,45000.0,"POLYGON ((-82.46396608054296 32.684420047986144, -81.65354711017595 31.967837904366018, -82.58274817996508 30.71762234720427, -84.89822060700128 30.869417956824673, -86.32 31.720893132790824, -82.46396608054296 32.684420047986144))"
28C,2019-06-23 03:55:00+00:00,2019-06-23 05:55:00+00:00,0.0,45000.0,"POLYGON ((-94.50181221840796 36.37672701354523, -93.70303549318562 35.57967658583245, -94.92719039127356 34.1411722960863, -95.78 34.85, -94.50181221840796 36.37672701354523))"
23C,2019-06-23 03:55:00+00:00,2019-06-23 05:55:00+00:00,0.0,45000.0,"POLYGON ((-92.8994751857398 42.32066250408852, -90.60581727463766 40.83719241252581, -95.2 37.16, -97.58 37.08452417705444, -98.01588059931998 39.05666533792293, -92.8994751857398 42.32066250408852))"
22C,2019-06-23 03:55:00+00:00,2019-06-23 05:55:00+00:00,0.0,38000.0,"POLYGON ((-94.63948538071823 43.22429162434285, -92.8994751857398 42.32066250408852, -96.21 40.2, -98.35000000000001 40.04904835410886, -97.29999159983579 42.72658098799276, -94.63948538071823 43.22429162434285))"
24C,2019-06-23 03:55:00+00:00,2019-06-23 05:55:00+00:00,0.0,45000.0,"POLYGON ((-101.69 38.72452417705443, -101.36267642570691 37.918306496075374, -104.38087960559348 35.912287274389, -103.6 37.592737911472774, -101.69 38.72452417705443))"
OSCAR 1,2019-06-23 04:15:00+00:00,2019-06-23 08:15:00+00:00,0.0,56000.0,"POLYGON ((130 17.4, 132.1 16.5, 130 12.4, 130 17.4))"
22E,2019-06-23 04:55:00+00:00,2019-06-23 06:55:00+00:00,0.0,45000.0,"POLYGON ((-82.06009214262404 32.48840183444376, -81.11 31.72628718173732, -80.85489430572896 29.834022092858287, -84.9708309960843 30.61983167926256, -84.29 31.66, -82.06009214262404 32.48840183444376))"
32C,2019-06-23 04:55:00+00:00,2019-06-23 06:55:00+00:00,0.0,44000.0,"POLYGON ((-101.42622482344196 39.18524759133156, -101.10911189211919 37.307051182539816, -104.36404958541631 36.08002142936282, -103.02940792554733 38.08886129863475, -101.42622482344196 39.18524759133156))"
33C,2019-06-23 04:55:00+00:00,2019-06-23 06:55:00+00:00,0.0,45000.0,"POLYGON ((-101.30542773713447 35.38512721434881, -100.66906410077084 35.38512721434881, -100.66906410077084 34.74876357798517, -101.30542773713447 34.74876357798517, -101.30542773713447 35.38512721434881))"
20E,2019-06-23 04:55:00+00:00,2019-06-23 06:55:00+00:00,0.0,44000.0,"POLYGON ((-82.35914591264499 34.67632171374924, -80.74108610070746 34.47443494496619, -81.35449733983387 33.244805478483684, -82.75998423473963 33.708549679135686, -82.35914591264499 34.67632171374924))"
21E,2019-06-23 04:55:00+00:00,2019-06-23 06:55:00+00:00,0.0,45000.0,"POLYGON ((-76.38097257791527 31.26681110464502, -76.02415310970366 30.49338552969667, -78.26180803897103 30.28843962988686, -77.7103738594001 30.868429992317218, -76.38097257791527 31.26681110464502))"
34C,2019-06-23 04:55:00+00:00,2019-06-23 06:55:00+00:00,0.0,45000.0,"POLYGON ((-94.69318354175225 36.439634020808136, -93.1709083939027 35.927912504229084, -94.78029961419979 34.09617979979481, -96.50192533890073 35.436075154871695, -94.69318354175225 36.439634020808136))"
30C,2019-06-23 04:55:00+00:00,2019-06-23 06:55:00+00:00,0.0,40000.0,"POLYGON ((-94.29 43.10910686720918, -92.28311731705419 42.7668798752431, -96.21 40.2, -98.35000000000001 40.38178626558165, -96.78 42.98452417705444, -94.29 43.10910686720918))"
31C,2019-06-23 04:55:00+00:00,2019-06-23 06:55:00+00:00,0.0,45000.0,"POLYGON ((-91.96643864381306 42.77516488985928, -90.0079447847942 40.39071538696074, -95.05261606117902 37.04226807072787, -97.52079474195519 37.11786305912753, -97.62 39.26273791147279, -91.96643864381306 42.77516488985928))"
NOVEMBER 5,2019-06-23 05:28:00+00:00,2019-06-23 09:30:00+00:00,0.0,55000.0,"POLYGON ((-151.2 9.3, -146.5 9.2, -152.4 2.2, -154.2 4.3, -151.2 9.3))"
CHARLIE 3,2019-06-23 05:40:00+00:00,2019-06-23 09:40:00+00:00,0.0,46000.0,"POLYGON ((-67.15 33.45, -67.15 30.35, -70.55 29.55, -71.3 31.05, -67.15 33.45))"
DELTA 2,2019-06-23 05:45:00+00:00,2019-06-23 09:45:00+00:00,0.0,47000.0,"POLYGON ((-52.5 34.1, -51.35 32.15, -60 28.15, -60.3 29.35, -52.5 34.1))"
ECHO 1,2019-06-23 05:50:00+00:00,2019-06-23 09:50:00+00:00,0.0,48000.0,"POLYGON ((-75.05 32.05, -74.15 29.55, -76.4 29.05, -76.55 30.35, -75.05 32.05))"
24E,2019-06-23 05:55:00+00:00,2019-06-23 07:55:00+00:00,0.0,42000.0,"POLYGON ((-83.78045934522974 31.658987756075906, -79.853938560634 31.711192093884115, -80.98278438346769 29.567071981828988, -83.87788237514063 29.990242575605, -83.78045934522974 31.658987756075906))"
38C,2019-06-23 05:55:00+00:00,2019-06-23 07:55:00+00:00,0.0,45000.0,"POLYGON ((-101.11806732249077 35.65040912036799, -100.39079459521805 35.65040912036799, -100.39079459521805 34.923136393095255, -101.11806732249077 34.923136393095255, -101.11806732249077 35.65040912036799))"
37C,2019-06-23 05:55:00+00:00,2019-06-23 07:55:00+00:00,0.0,45000.0,"POLYGON ((-101.42622482344196 39.18524759133156, -101.10911189211919 37.307051182539816, -104.36404958541631 36.08002142936282, -103.02940792554733 38.08886129863475, -101.42622482344196 39.18524759133156))"
39C,2019-06-23 05:55:00+00:00,2019-06-23 07:55:00+00:00,0.0,45000.0,"POLYGON ((-94.3268743065902 36.650520654115276, -93.22367795133604 36.24665670452259, -94.33707034956592 34.04397844518966, -96.77789624485031 35.67384282016477, -94.3268743065902 36.650520654115276))"
23E,2019-06-23 05:55:00+00:00,2019-06-23 07:55:00+00:00,0.0,30000.0,"POLYGON ((-81.05 34.525475822945566, -80.06244527328374 34.22934265859188, -80.31182095488053 33.603131624313455, -81.45069321000491 33.85935174600939, -81.05 34.525475822945566))"
35C,2019-06-23 05:55:00+00:00,2019-06-23 07:55:00+00:00,0.0,42000.0,"POLYGON ((-96.78 43.65, -93.8160696945472 43.44189692972724, -91.47 43.24452417705442, -97.62 39.26273791147279, -99.93158832431888 41.30177800390811, -96.78 43.65))"
36C,2019-06-23 05:55:00+00:00,2019-06-23 07:55:00+00:00,0.0,45000.0,"POLYGON ((-91.47 43.24452417705442, -88.6599270099016 39.803495000532735, -95.05261606117902 37.04226807072787, -96.80510557555868 37.49279298401074, -97.37286039472453 39.390854915233994, -91.47 43.24452417705442))"
ZULU 8,2019-06-23 06:21:00+00:00,2019-06-23 10:20:00+00:00,0.0,53000.0,"POLYGON ((151.1 9.4, 161.1 6.3, 156.5 2.3, 148.1 5.2, 148.3 7.5, 151.1 9.4))"
26E,2019-06-23 06:55:00+00:00,2019-06-23 08:55:00+00:00,0.0,45000.0,"POLYGON ((-80.85010781645416 31.62546963664202, -79.19971799904016 31.15082114184281, -78.9551138178474 29.28270511117371, -81.63786086167751 30.0728055370253, -80.85010781645416 31.62546963664202))"
25E,2019-06-23 06:55:00+00:00,2019-06-23 08:55:00+00:00,0.0,32000.0,"POLYGON ((-80.00971647868994 34.22950362588061, -79.29041222290765 33.92276378460885, -79.55077624565453 33.297956893025216, -80.56840246271341 33.69308836030551, -80.00971647868994 34.22950362588061))"
43C,2019-06-23 06:55:00+00:00,2019-06-23 08:55:00+00:00,0.0,45000.0,"POLYGON ((-100.67505309321288 36.126230278461236, -99.76596218412197 36.126230278461236, -99.76596218412197 35.21713936937033, -100.67505309321288 35.21713936937033, -100.67505309321288 36.126230278461236))"
45C,2019-06-23 06:55:00+00:00,2019-06-23 08:55:00+00:00,0.0,45000.0,"POLYGON ((-88.86000000000001 39.30628718173732, -88.01993213596886 38.13416866918065, -88.67641217136392 37.92644656019213, -89.38863878685184 39.329889105175454, -88.86000000000001 39.30628718173732))"
40C,2019-06-23 06:55:00+00:00,2019-06-23 08:55:00+00:00,0.0,40000.0,"POLYGON ((-96.32014869457704 43.64907833272466, -93.33 43.42273791147279, -91.47 43.24452417705442, -96.9734893285589 39.60927760354574, -99.37923231345918 41.69376061398301, -96.32014869457704 43.64907833272466))"
41C,2019-06-23 06:55:00+00:00,2019-06-23 08:55:00+00:00,0.0,45000.0,"POLYGON ((-91.47 43.24452417705442, -88.21093839749983 39.73819268457652, -96.08069191932506 35.96436692098359, -97.9992051446495 36.50367875823663, -98.79911712555646 38.54205367350181, -91.47 43.24452417705442))"
44C,2019-06-23 06:55:00+00:00,2019-06-23 08:55:00+00:00,0.0,45000.0,"POLYGON ((-93.33 37.36, -91.3890942543931 37.282315926781074, -93.91673781641025 33.817315470419445, -96.84335831957982 35.652310019663666, -93.33 37.36))"
42C,2019-06-23 06:55:00+00:00,2019-06-23 08:55:00+00:00,0.0,45000.0,"POLYGON ((-99.97835074632565 38.50582155043024, -97.92 36.35, -104.71224223307624 36.1824862585759, -102.77118713198917 38.353676946639915, -99.97835074632565 38.50582155043024))"
27E,2019-06-23 07:55:00+00:00,2019-06-23 09:55:00+00:00,0.0,34000.0,"POLYGON ((-79.46020082685045 33.829139375640274, -78.92170764707866 33.272302402672125, -79.08920921800723 32.55445060879406, -79.84144292649307 33.29054166317103, -79.46020082685045 33.829139375640274))"
49C,2019-06-23 07:55:00+00:00,2019-06-23 09:55:00+00:00,0.0,45000.0,"POLYGON ((-99.99403781587802 36.126230278461236, -99.08494690678711 36.126230278461236, -99.08494690678711 35.21713936937033, -99.99403781587802 35.21713936937033, -99.99403781587802 36.126230278461236))"
46C,2019-06-23 07:55:00+00:00,2019-06-23 09:55:00+00:00,0.0,40000.0,"POLYGON ((-92.76630308047064 43.49753072695137, -90.90628282749545 43.49970000394106, -98.64535638541494 38.593555437195754, -100.24082827781538 40.08882520536087, -96.78 42.92714530289554, -92.76630308047064 43.49753072695137))"
28E,2019-06-23 07:55:00+00:00,2019-06-23 09:55:00+00:00,0.0,45000.0,"POLYGON ((-80.14593503855053 31.332856137251873, -78.93100856194437 30.57951227181473, -78.43961397804969 29.273439933692682, -80.43158422428436 29.88648850803795, -80.14593503855053 31.332856137251873))"
52C,2019-06-23 07:55:00+00:00,2019-06-23 09:55:00+00:00,0.0,45000.0,"POLYGON ((-90.82195345952401 43.43759719505548, -87.8141340298396 42.143672925442495, -89.47616321301135 40.20893955364961, -92.25386960411373 40.74433598278782, -92.53221051056437 42.49900961081331, -90.82195345952401 43.43759719505548))"
47C,2019-06-23 07:55:00+00:00,2019-06-23 09:55:00+00:00,0.0,45000.0,"POLYGON ((-95.9008848506845 40.43487091095333, -91.81581535591985 38.040775832978476, -96.08069191932506 35.96436692098359, -97.9992051446495 36.50367875823663, -98.79911712555646 38.54205367350181, -95.9008848506845 40.43487091095333))"
48C,2019-06-23 07:55:00+00:00,2019-06-23 09:55:00+00:00,0.0,45000.0,"POLYGON ((-102.36316670815086 38.81436827016613, -98.79911712555646 38.54205367350181, -97.9992051446495 36.50367875823663, -103.8350209710609 35.64088806605054, -102.36316670815086 38.81436827016613))"
51C,2019-06-23 07:55:00+00:00,2019-06-23 09:55:00+00:00,0.0,45000.0,"POLYGON ((-88.4413265699375 40.50777681275378, -86.76118568404817 37.54438857382035, -88.5367702137833 37.67277648245105, -89.19417856450436 40.354342655019686, -88.4413265699375 40.50777681275378))"
50C,2019-06-23 07:55:00+00:00,2019-06-23 09:55:00+00:00,0.0,45000.0,"POLYGON ((-92.55386366427547 37.61213474549222, -91.42849394206678 37.031282275620306, -94.07 33.51, -96.08069191932506 35.96436692098359, -92.55386366427547 37.61213474549222))"
OSCAR 2,2019-06-23 07:58:00+00:00,2019-06-23 12:00:00+00:00,0.0,54000.0,"POLYGON ((130 18.4, 132.4 17.3, 130 12, 130 18.4))"
ZULU 9,2019-06-23 08:11:00+00:00,2019-06-23 12:10:00+00:00,0.0,53000.0,"POLYGON ((150 10, 158.1 7.3, 157.1 1.5, 154.2 5.3, 150 6.3, 150 10))"
ECHO 2,2019-06-23 08:20:00+00:00,2019-06-23 12:20:00+00:00,0.0,46000.0,"POLYGON ((-72.15 31, -71.55 29.15, -75.3 28.5, -75.05 30.2, -72.15 31))"
CHARLIE 4,2019-06-23 08:40:00+00:00,2019-06-23 12:40:00+00:00,0.0,44000.0,"POLYGON ((-64.5 31.55, -65.3 29.5, -71.45 28.45, -71.55 30.25, -64.5 31.55))"
29E,2019-06-23 08:55:00+00:00,2019-06-23 10:55:00+00:00,0.0,45000.0,"POLYGON ((-80.03401004321378 31.235396962340236, -78.32622315747224 30.26697360283813, -78.73346875864586 29.20230229199169, -80.18805140062607 29.62878322789309, -80.03401004321378 31.235396962340236))"
56C,2019-06-23 08:55:00+00:00,2019-06-23 10:55:00+00:00,0.0,42000.0,"POLYGON ((-99.57902764523472 36.17879817353428, -98.66993673614381 36.17879817353428, -98.66993673614381 35.269707264443376, -99.57902764523472 35.269707264443376, -99.57902764523472 36.17879817353428))"
53C,2019-06-23 08:55:00+00:00,2019-06-23 10:55:00+00:00,0.0,38000.0,"POLYGON ((-92.62457509074144 43.9041873385927, -90.82195345952401 43.43759719505548, -98.79911712555646 38.54205367350181, -100.23 39.26, -96.56779953498466 43.586136966761785, -92.62457509074144 43.9041873385927))"
58C,2019-06-23 08:55:00+00:00,2019-06-23 10:55:00+00:00,0.0,45000.0,"POLYGON ((-88.05749703939473 39.991909033510744, -86.24787817114547 36.8661785981093, -88.0006467716323 37.46863966968255, -88.86 39.74, -88.05749703939473 39.991909033510744))"
57C,2019-06-23 08:55:00+00:00,2019-06-23 10:55:00+00:00,0.0,45000.0,"POLYGON ((-91.81581535591985 38.040775832978476, -90.82074681221022 37.19796031819995, -94.07 33.51, -96.08069191932506 35.96436692098359, -91.81581535591985 38.040775832978476))"
54C,2019-06-23 08:55:00+00:00,2019-06-23 10:55:00+00:00,0.0,45000.0,"POLYGON ((-95.9008848506845 40.43487091095333, -91.81581535591985 38.040775832978476, -96.08069191932506 35.96436692098359, -97.9992051446495 36.50367875823663, -98.79911712555646 38.54205367350181, -95.9008848506845 40.43487091095333))"
55C,2019-06-23 08:55:00+00:00,2019-06-23 10:55:00+00:00,0.0,45000.0,"POLYGON ((-100.23 39.26, -98.79911712555646 38.54205367350181, -97.92 36.35, -103.6 35.18, -100.23 39.26))"
59C,2019-06-23 08:55:00+00:00,2019-06-23 10:55:00+00:00,0.0,45000.0,"POLYGON ((-90.71 42.899106867209184, -88.05798426961412 41.87225096186587, -89.2548735565723 40.544692326261334, -91.61 41.85273791147279, -91.61113895519965 42.39647121414657, -90.71 42.899106867209184))"
DELTA 3,2019-06-23 09:10:00+00:00,2019-06-23 13:10:00+00:00,0.0,48000.0,"POLYGON ((-52.3 33, -51.4 31.25, -61.15 27.2, -62.05 28.2, -52.3 33))"
NOVEMBER 6,2019-06-23 09:15:00+00:00,2019-06-23 13:15:00+00:00,0.0,56000.0,"POLYGON ((-154.4 9.3, -149.3 9.3, -150.1 2.5, -153.2 4.1, -154.4 9.3))"
65C,2019-06-23 09:55:00+00:00,2019-06-23 11:55:00+00:00,0.0,45000.0,"POLYGON ((-90.71 42.978283757683585, -87.9 41.99, -88.32505055541768 40.14768449892137, -89.88636283459589 41.69388649690689, -91.29731501756872 42.398501091617796, -90.71 42.978283757683585))"
64C,2019-06-23 09:55:00+00:00,2019-06-23 11:55:00+00:00,0.0,45000.0,"POLYGON ((-87.38265896932975 39.592151776563725, -85.77358535709826 36.7068367539493, -87.5507133551767 37.529115827353465, -88.46293633001827 39.432640819219586, -87.38265896932975 39.592151776563725))"
30E,2019-06-23 09:55:00+00:00,2019-06-23 11:55:00+00:00,0.0,45000.0,"POLYGON ((-79.00439548084312 30.31611391255295, -77.54097536191712 30.525866203152326, -77.51004145035955 28.73039262105773, -79.58388697946158 29.291325761486394, -79.00439548084312 30.31611391255295))"
61C,2019-06-23 09:55:00+00:00,2019-06-23 11:55:00+00:00,0.0,45000.0,"POLYGON ((-95.9008848506845 40.43487091095333, -93.33 37.36, -96.08069191932506 35.96436692098359, -97.92 36.35, -98.79911712555646 38.54205367350181, -95.9008848506845 40.43487091095333))"
63C,2019-06-23 09:55:00+00:00,2019-06-23 11:55:00+00:00,0.0,45000.0,"POLYGON ((-91.81581535591985 38.040775832978476, -90.23 37.67, -93.64498906292086 33.86219695738831, -96.08069191932506 35.96436692098359, -91.81581535591985 38.040775832978476))"
62C,2019-06-23 09:55:00+00:00,2019-06-23 11:55:00+00:00,0.0,45000.0,"POLYGON ((-100.23 39.26, -98.79911712555646 38.54205367350181, -97.6 35.4, -100.8247224947678 35.28726475362841, -100.23 39.26))"
60C,2019-06-23 09:55:00+00:00,2019-06-23 11:55:00+00:00,0.0,34000.0,"POLYGON ((-90.97868483184844 45.251829765536336, -89.3150869040346 44.31766879922346, -98.79911712555646 38.54205367350181, -100.23 39.26, -94.91484673745713 44.406131264888906, -90.97868483184844 45.251829765536336))"
31E,2019-06-23 10:55:00+00:00,2019-06-23 12:55:00+00:00,0.0,45000.0,"POLYGON ((-79.48331832385135 31.043601327057072, -77.4272089757168 30.6137235759749, -77.13475362748383 28.856647138010892, -79.1840131233221 27.67387701752543, -79.48331832385135 31.043601327057072))"
66C,2019-06-23 10:55:00+00:00,2019-06-23 12:55:00+00:00,0.0,32000.0,"POLYGON ((-96.2529376132116 42.71381456870989, -95.74 40.73628718173732, -98.64535638541494 38.593555437195754, -100.23 39.26, -98.35 41.38, -96.2529376132116 42.71381456870989))"
71C,2019-06-23 10:55:00+00:00,2019-06-23 12:55:00+00:00,0.0,44000.0,"POLYGON ((-89.33900083556466 43.242543886775074, -87.31648255812736 41.98852249222323, -87.78299288818644 39.897695355535, -89.03633667430482 41.769081195998716, -90.16594985927233 42.56469055531478, -89.33900083556466 43.242543886775074))"
70C,2019-06-23 10:55:00+00:00,2019-06-23 12:55:00+00:00,0.0,42000.0,"POLYGON ((-86.71258642715978 39.719197310223784, -85.29209587804843 36.54246587941211, -87.21169622073586 37.182173970849256, -87.8967218858197 39.488208667720755, -86.71258642715978 39.719197310223784))"
67C,2019-06-23 10:55:00+00:00,2019-06-23 12:55:00+00:00,0.0,45000.0,"POLYGON ((-95.74 40.67089313279082, -92.9425867053488 37.48670200760065, -96.08069191932506 35.96436692098359, -97.6 35.4, -98.79911712555646 38.54205367350181, -95.74 40.67089313279082))"
69C,2019-06-23 10:55:00+00:00,2019-06-23 12:55:00+00:00,0.0,45000.0,"POLYGON ((-91.4713192263066 38.21939860491814, -88.58727546766781 36.60598089917474, -95.73455624607473 33.23966253602434, -96.08069191932506 35.96436692098359, -91.4713192263066 38.21939860491814))"
68C,2019-06-23 10:55:00+00:00,2019-06-23 12:55:00+00:00,0.0,45000.0,"POLYGON ((-100.23 39.26, -98.79911712555646 38.54205367350181, -97.6 35.4, -99.71667682371923 34.839228059388795, -100.23 39.26))"
CHARLIE 5,2019-06-23 11:15:00+00:00,2019-06-23 15:15:00+00:00,0.0,48000.0,"POLYGON ((-62.3 32.25, -63 29.55, -72.4 27.25, -73.5 29.5, -62.3 32.25))"
NOVEMBER 7,2019-06-23 11:38:00+00:00,2019-06-23 15:35:00+00:00,0.0,53000.0,"POLYGON ((-155.3 9.3, -145.2 9.2, -149.1 6.2, -150.2 2.2, -153.2 2.2, -155.3 9.3))"
76C,2019-06-23 11:55:00+00:00,2019-06-23 13:55:00+00:00,0.0,36000.0,"POLYGON ((-88.05408997017996 42.71907850452585, -86.7292417719085 41.462590588634775, -87.83115572450541 40.5575023174295, -87.93364408951909 41.549353396125014, -88.80240872433703 42.263099845235196, -88.05408997017996 42.71907850452585))"
73C,2019-06-23 11:55:00+00:00,2019-06-23 13:55:00+00:00,0.0,45000.0,"POLYGON ((-98.1271436149986 36.7505200014325, -97.6 35.4, -99.91708232595212 34.67611637782653, -98.1271436149986 36.7505200014325))"
32E,2019-06-23 11:55:00+00:00,2019-06-23 13:55:00+00:00,0.0,45000.0,"POLYGON ((-77.17924536115109 30.643087863040467, -76.62242876451066 29.02683697822481, -79.2274954426497 26.99572638673913, -79.01170039983428 29.283601544713342, -77.17924536115109 30.643087863040467))"
72C,2019-06-23 11:55:00+00:00,2019-06-23 13:55:00+00:00,0.0,45000.0,"POLYGON ((-95.74 40.67089313279082, -93.33 37.36, -96.36965156737803 35.728036976477895, -97.6 35.4, -98.60348769629788 38.60753164193625, -95.74 40.67089313279082))"
75C,2019-06-23 11:55:00+00:00,2019-06-23 13:55:00+00:00,0.0,40000.0,"POLYGON ((-86.63203234726704 40.55917307197134, -85.06863633778889 36.707804421097194, -88.1594318892264 37.160797470678816, -87.67521496666936 40.36741854097208, -86.63203234726704 40.55917307197134))"
74C,2019-06-23 11:55:00+00:00,2019-06-23 13:55:00+00:00,0.0,45000.0,"POLYGON ((-91.81581535591985 38.040775832978476, -89.32 36.51910686720918, -95.26714806626936 33.504242729874754, -96.36965156737803 35.728036976477895, -91.81581535591985 38.040775832978476))"
FOXTROT 1,2019-06-23 12:05:00+00:00,2019-06-23 16:05:00+00:00,0.0,29000.0,"POLYGON ((-57.45 41.45, -57.3 38, -63.45 37.45, -63 40.3, -57.45 41.45))"
DELTA 4,2019-06-23 12:10:00+00:00,2019-06-23 16:10:00+00:00,0.0,42000.0,"POLYGON ((-53 32, -53 28.45, -63 27.15, -63.15 28.3, -59.15 31.3, -53 32))"
78C,2019-06-23 12:55:00+00:00,2019-06-23 14:55:00+00:00,0.0,45000.0,"POLYGON ((-97.58 37.75, -97.272731679136 35.28890865023082, -99.6410189280408 34.58958825228857, -98.29928361293354 36.04271853220678, -97.58 37.75))"
33E,2019-06-23 12:55:00+00:00,2019-06-23 14:55:00+00:00,0.0,45000.0,"POLYGON ((-76.44429857540733 29.08542510251223, -76.26596603578217 29.143777698735065, -79.2274954426497 26.99572638673913, -77.68695586025213 28.670408845141342, -76.44429857540733 29.08542510251223))"
83C,2019-06-23 12:55:00+00:00,2019-06-23 14:55:00+00:00,0.0,31000.0,"POLYGON ((-93.83897199837985 35.03631157153431, -93.21646486679604 34.21292315909901, -96.47674616855943 33.33930182712991, -96.16433490775596 34.08086945155923, -93.83897199837985 35.03631157153431))"
81C,2019-06-23 12:55:00+00:00,2019-06-23 14:55:00+00:00,0.0,27000.0,"POLYGON ((-88.28 43.28636895573639, -86.94010715754968 42.212331087032894, -86.57426921731994 41.30860390915242, -87.27153813506374 41.517716271355646, -87.64114470800892 42.45082511371609, -88.28 43.28636895573639))"
82C,2019-06-23 12:55:00+00:00,2019-06-23 14:55:00+00:00,0.0,35000.0,"POLYGON ((-97.87708430292548 41.73195678964553, -97.41939256272686 40.670384692983895, -97.84798004016862 40.456671218088836, -98.96273192560766 41.187372228299004, -97.87708430292548 41.73195678964553))"
77C,2019-06-23 12:55:00+00:00,2019-06-23 14:55:00+00:00,0.0,45000.0,"POLYGON ((-94.7240294581597 40.847190840679545, -93.33 37.36, -95.21034843262198 35.728036976477895, -97.22346514623894 35.27208218485845, -97.73458005102482 40.189999276115465, -94.7240294581597 40.847190840679545))"
79C,2019-06-23 12:55:00+00:00,2019-06-23 14:55:00+00:00,0.0,45000.0,"POLYGON ((-90.72371069023767 38.398631362713516, -88.08020189528952 37.314745089157235, -93.11095916581856 34.35812375537841, -95.03058532713813 35.942931889211366, -93.33 37.36, -90.72371069023767 38.398631362713516))"
80C,2019-06-23 12:55:00+00:00,2019-06-23 14:55:00+00:00,0.0,35000.0,"POLYGON ((-87.4754016118082 40.6866254995416, -86.41305528319128 40.558139432835716, -84.695817020496 36.55799405122124, -85.85598104936543 36.137177784925875, -87.36958862377902 38.056688876904595, -87.4754016118082 40.6866254995416))"
89C,2019-06-23 13:55:00+00:00,2019-06-23 15:55:00+00:00,0.0,32000.0,"POLYGON ((-92.40628274836571 48.28899588636691, -90.62382340370715 47.83184023682397, -92.65889547649219 45.277441935491865, -93.80701920879066 45.03457453862255, -93.04473586605984 46.796892446372865, -92.40628274836571 48.28899588636691))"
87C,2019-06-23 13:55:00+00:00,2019-06-23 15:55:00+00:00,0.0,32000.0,"POLYGON ((-85.78976564355891 37.69911469064679, -84.93497822456841 37.58709599386252, -84.14305376420131 36.104189002204315, -84.60388116360939 35.8978875520228, -85.60758931110908 36.650466934605376, -85.78976564355891 37.69911469064679))"
84C,2019-06-23 13:55:00+00:00,2019-06-23 15:55:00+00:00,0.0,45000.0,"POLYGON ((-94.32650888544372 40.92687413932507, -93.07206952557299 37.56417448960065, -95.50856687588559 35.383963651460355, -95.5863869406702 37.46605517223164, -96.96709968895057 40.19753391433971, -94.32650888544372 40.92687413932507))"
88C,2019-06-23 13:55:00+00:00,2019-06-23 15:55:00+00:00,0.0,31000.0,"POLYGON ((-95.74 41.89285469710447, -94.32650888544372 40.92687413932507, -96.96709968895057 40.19753391433971, -97.19402797325836 41.374215585667784, -95.74 41.89285469710447))"
34E,2019-06-23 13:55:00+00:00,2019-06-23 15:55:00+00:00,0.0,45000.0,"POLYGON ((-76.62242876451066 29.02683697822481, -76.4350886114612 27.970067284132778, -77.66284712507748 27.550658532027946, -77.83746882689503 27.489862605286607, -76.62242876451066 29.02683697822481))"
86C,2019-06-23 13:55:00+00:00,2019-06-23 15:55:00+00:00,0.0,45000.0,"POLYGON ((-90.23 38.16910686720918, -87.16720544559392 37.45794645069503, -91.45959251106294 35.2660886208464, -94.87989573474069 35.992927494591456, -92.8838826985863 37.712085859526454, -90.23 38.16910686720918))"
85C,2019-06-23 13:55:00+00:00,2019-06-23 15:55:00+00:00,0.0,45000.0,"POLYGON ((-95.78005837955239 37.349587941109924, -95.46733011099427 35.46442038163358, -99.33373973754031 34.242430858091616, -98.97745958808196 34.75791864122066, -95.78005837955239 37.349587941109924))"
CHARLIE 6,2019-06-23 14:20:00+00:00,2019-06-23 18:20:00+00:00,0.0,44000.0,"POLYGON ((-67 31, -65.15 28.15, -69.3 26, -71.45 28.15, -67 31))"
NOVEMBER 8,2019-06-23 14:50:00+00:00,2019-06-23 18:50:00+00:00,0.0,55000.0,"POLYGON ((-153.1 9.5, -145 8.4, -152.4 7.1, -153.1 9.5))"
93C,2019-06-23 14:55:00+00:00,2019-06-23 16:55:00+00:00,0.0,30000.0,"POLYGON ((-95.44359107847116 41.70388636311223, -94.32650888544372 40.92687413932507, -95.94150838275037 40.40414454642519, -96.27095570151464 41.002804435661695, -95.44359107847116 41.70388636311223))"
35E,2019-06-23 14:55:00+00:00,2019-06-23 16:55:00+00:00,0.0,43000.0,"POLYGON ((-85.58 37.434524177054435, -84.52679484608925 37.02927115345801, -83.3 34.200893132790824, -84.9950314518809 33.819760926903065, -84.64655310784002 35.642958140829585, -85.58 37.434524177054435))"
94C,2019-06-23 14:55:00+00:00,2019-06-23 16:55:00+00:00,0.0,28000.0,"POLYGON ((-95.56171527936226 44.596521352883094, -95.63043347174388 43.64423989652354, -96.78 42.81815522131805, -98.04722812000331 42.938774937917856, -95.56171527936226 44.596521352883094))"
90C,2019-06-23 14:55:00+00:00,2019-06-23 16:55:00+00:00,0.0,45000.0,"POLYGON ((-94.42759648121597 40.849165488669634, -93.01182656569132 39.0619990367889, -93.33 37.85910686720918, -94.78871577399062 38.034339549977304, -95.74551764504078 40.551996265048864, -94.42759648121597 40.849165488669634))"
91C,2019-06-23 14:55:00+00:00,2019-06-23 16:55:00+00:00,0.0,45000.0,"POLYGON ((-94.93735259738776 37.91622702658611, -93.33 37.85910686720918, -93.54681645824778 36.439634020808136, -98.18869484734235 33.9893485621589, -99.19195388358558 33.988534277029245, -94.93735259738776 37.91622702658611))"
92C,2019-06-23 14:55:00+00:00,2019-06-23 16:55:00+00:00,0.0,45000.0,"POLYGON ((-89.8894186494299 38.66751107370577, -87.4626592242545 37.69434414949987, -89.98 35.68547582294557, -93.89232097129909 35.51674590119786, -93.33 37.85910686720918, -89.8894186494299 38.66751107370577))"
95C,2019-06-23 14:55:00+00:00,2019-06-23 16:55:00+00:00,0.0,32000.0,"POLYGON ((-91.79840681925181 48.113014139092165, -91.02918521304386 47.713171141741284, -91.84342367149199 45.514247336409056, -93.66514503673217 45.73459580440702, -92.57633390676618 47.41420776479196, -91.79840681925181 48.113014139092165))"
GOLF 1,2019-06-23 15:10:00+00:00,2019-06-23 19:10:00+00:00,0.0,41000.0,"POLYGON ((-60.45 32.15, -60 31.15, -63.15 29.15, -64 30.15, -60.45 32.15))"
03C,2019-06-23 15:55:00+00:00,2019-06-23 17:55:00+00:00,0.0,31000.0,"POLYGON ((-103.839463257554 42.00008989080427, -101.28887371377856 40.63983227210977, -102.20970419915788 39.55482011906384, -103.51039275463773 40.9328074381093, -105.06659350307484 41.743885827517104, -103.839463257554 42.00008989080427))"
36E,2019-06-23 15:55:00+00:00,2019-06-23 17:55:00+00:00,0.0,30000.0,"POLYGON ((-79.0563360166105 34.228520994242764, -77.30321449924853 33.87812953217041, -76.05057862301025 32.80714986095124, -78.24940281019201 31.347874173341076, -79.0563360166105 34.228520994242764))"
37E,2019-06-23 15:55:00+00:00,2019-06-23 17:55:00+00:00,0.0,36000.0,"POLYGON ((-85.74113265784845 37.792480026001066, -84.25758886233255 37.14754928611007, -83.06637415550192 35.160892080146894, -83.70471754512607 34.699330999229666, -85.64999020425351 36.13559036143849, -85.74113265784845 37.792480026001066))"
01C,2019-06-23 15:55:00+00:00,2019-06-23 17:55:00+00:00,0.0,29000.0,"POLYGON ((-90.64947036032378 45.623827631785474, -90.36171204153204 43.01429551756506, -91.33632878617861 42.58929839309457, -92.19099590490279 43.08435157020045, -91.81352350830277 45.13479719167947, -90.64947036032378 45.623827631785474))"
98C,2019-06-23 15:55:00+00:00,2019-06-23 17:55:00+00:00,0.0,45000.0,"POLYGON ((-90.65036303972171 37.669254075316225, -90.14973254851618 37.51626790515472, -90.95 35.610893132790835, -93.70303549318562 35.57967658583245, -92.5957155273074 36.76952000007354, -90.65036303972171 37.669254075316225))"
02C,2019-06-23 15:55:00+00:00,2019-06-23 17:55:00+00:00,0.0,33000.0,"POLYGON ((-91.79840681925181 48.113014139092165, -91.02918521304386 47.713171141741284, -92.02811972943384 45.82093252553699, -93.84655648450958 46.04244301229528, -92.35799289252158 47.85931542145401, -91.79840681925181 48.113014139092165))"
99C,2019-06-23 15:55:00+00:00,2019-06-23 17:55:00+00:00,0.0,32000.0,"POLYGON ((-89.458001191166 39.547463740248915, -88.20530215644412 37.576237342404134, -88.88168834569701 36.37212576384307, -89.78200194805115 38.022076423105574, -91.28000000000002 39.35089313279083, -89.458001191166 39.547463740248915))"
96C,2019-06-23 15:55:00+00:00,2019-06-23 17:55:00+00:00,0.0,31000.0,"POLYGON ((-94.42759648121597 40.849165488669634, -92.22 39.14273791147279, -92.22 38.14452417705443, -94.32849503136146 37.96247935218371, -94.7240294581597 40.847190840679545, -94.42759648121597 40.849165488669634))"
97C,2019-06-23 15:55:00+00:00,2019-06-23 17:55:00+00:00,0.0,45000.0,"POLYGON ((-92.22 38.14452417705443, -91.58110626214004 37.216607091004114, -97.31205467137534 34.092277473595175, -98.59 33.65726208852722, -94.65150496863855 37.96247935218371, -92.22 38.14452417705443))"
DELTA 5,2019-06-23 16:00:00+00:00,2019-06-23 20:00:00+00:00,0.0,43000.0,"POLYGON ((-50.15 33.15, -48.15 31.45, -58 28, -59.45 29, -50.15 33.15))"
FOXTROT 2,2019-06-23 16:00:00+00:00,2019-06-23 20:00:00+00:00,0.0,29000.0,"POLYGON ((-56 43, -56.15 39, -63 36, -61.45 40, -56 43))"
PAPA 1,2019-06-23 16:52:00+00:00,2019-06-23 20:50:00+00:00,0.0,50000.0,"POLYGON ((-158.2 27.3, -158.2 21.5, -161.1 27.1, -158.2 27.3))"
40E,2019-06-23 16:55:00+00:00,2019-06-23 18:55:00+00:00,0.0,41000.0,"POLYGON ((-85.48481663625537 34.29170878433805, -84.70744938272809 34.16397713970385, -84.16533602627851 32.68894656482088, -85.52829890839922 32.93894592447128, -85.48481663625537 34.29170878433805))"
10C,2019-06-23 16:55:00+00:00,2019-06-23 18:55:00+00:00,0.0,28000.0,"POLYGON ((-96.17614455485284 31.268058395632615, -95.2860559950121 30.09355069370262, -95.03282754595816 29.29178955334023, -96.96965048347082 28.75839833109169, -97.02725875709133 30.37903769269292, -96.17614455485284 31.268058395632615))"
09C,2019-06-23 16:55:00+00:00,2019-06-23 18:55:00+00:00,0.0,33000.0,"POLYGON ((-103.0660429145241 42.19594007404209, -101.27999186389883 40.88280957882195, -101.83372331570637 39.657044028323035, -102.82989401251514 40.27012304645145, -104.25679492030532 41.887382557712264, -103.0660429145241 42.19594007404209))"
08C,2019-06-23 16:55:00+00:00,2019-06-23 18:55:00+00:00,0.0,28000.0,"POLYGON ((-92.00791311467141 48.174165558109394, -91.29366115319347 47.40981427201045, -91.87989222303385 46.26528614410603, -93.83669234577664 46.29451211460765, -92.49417454980646 47.952973635662765, -92.00791311467141 48.174165558109394))"
07C,2019-06-23 16:55:00+00:00,2019-06-23 18:55:00+00:00,0.0,29000.0,"POLYGON ((-90.49364198972847 45.625339022849886, -90.18432983950531 45.11656170686517, -90.06266085390428 43.01533407622211, -91.92466871616942 43.1076941967582, -93.05135503981258 44.92516972654882, -90.49364198972847 45.625339022849886))"
38E,2019-06-23 16:55:00+00:00,2019-06-23 18:55:00+00:00,0.0,42000.0,"POLYGON ((-78.02479903578671 34.657312435190434, -76.05057862301025 32.80714986095124, -76.81696033297256 32.19359480289175, -78.91862436135952 33.973100784095685, -78.02479903578671 34.657312435190434))"
39E,2019-06-23 16:55:00+00:00,2019-06-23 18:55:00+00:00,0.0,32000.0,"POLYGON ((-85.06863633778889 36.707804421097194, -84.11 36.69726208852721, -83.45236245620694 36.25212926975614, -82.8688883490611 35.05216375048904, -83.7274498082243 34.346330933610005, -85.06863633778889 36.707804421097194))"
04C,2019-06-23 16:55:00+00:00,2019-06-23 18:55:00+00:00,0.0,45000.0,"POLYGON ((-93.0739939041142 38.80689172102783, -92.02292374933451 38.746167758459706, -91.07070918014108 37.667016371402305, -95.06832228897655 34.25971971085531, -98.36087830660472 33.52867273131372, -93.0739939041142 38.80689172102783))"
05C,2019-06-23 16:55:00+00:00,2019-06-23 18:55:00+00:00,0.0,43000.0,"POLYGON ((-89.8796610192135 38.3878960443224, -89.48094385864721 38.25584298855346, -90.36402257489783 36.5791390401417, -91.38881986635737 36.46212312730377, -91.98013874390044 36.92909292811939, -89.8796610192135 38.3878960443224))"
06C,2019-06-23 16:55:00+00:00,2019-06-23 18:55:00+00:00,0.0,45000.0,"POLYGON ((-89.94173571889883 39.73497985282954, -89.0763572297784 39.739799183705834, -87.59788647627107 38.23729876066183, -87.76 37.09815522131804, -89.02546661565961 37.923223908081795, -89.94173571889883 39.73497985282954))"
PAPA 2,2019-06-23 17:19:00+00:00,2019-06-23 21:20:00+00:00,0.0,51000.0,"POLYGON ((-158.1 27.3, -158.3 21.5, -161.2 27.1, -158.1 27.3))"
15C,2019-06-23 17:55:00+00:00,2019-06-23 19:55:00+00:00,,,"POLYGON ((-99.84437070036094 42.82775792545843, -98.00579290745367 41.48629256562694, -98.2364862729623 41.17366420645067, -98.77666269202709 42.31525737013284, -100.0479148635844 42.46684544373991, -99.84437070036094 42.82775792545843))"
42E,2019-06-23 17:55:00+00:00,2019-06-23 19:55:00+00:00,0.0,36000.0,"POLYGON ((-83.0684442524197 35.62057421138418, -82.7724661070886 34.69886335595646, -83.09908957585318 34.299136502125464, -83.89 35.321716242316434, -83.0684442524197 35.62057421138418))"
13C,2019-06-23 17:55:00+00:00,2019-06-23 19:55:00+00:00,0.0,45000.0,"POLYGON ((-88.59489983010864 39.53524386369776, -87.81198936506797 39.48864731828617, -87.23867938554133 38.33776136693333, -87.50150955067419 37.72526275164805, -88.43938168066373 38.14934934120276, -88.59489983010864 39.53524386369776))"
20C,2019-06-23 17:55:00+00:00,2019-06-23 19:55:00+00:00,0.0,32000.0,"POLYGON ((-92.14006176438073 31.566179927207845, -91.10661166184339 30.880555753753114, -91.61880871718598 29.811781544923637, -92.64743753828544 29.97321448923831, -92.14006176438073 31.566179927207845))"
17C,2019-06-23 17:55:00+00:00,2019-06-23 19:55:00+00:00,0.0,34000.0,"POLYGON ((-101.95532547112388 39.59415333471117, -102.0850863394153 39.082649181804086, -102.90237406394075 38.60050760794458, -103.18 39.292574363474635, -101.95532547112388 39.59415333471117))"
19C,2019-06-23 17:55:00+00:00,2019-06-23 19:55:00+00:00,0.0,32000.0,"POLYGON ((-96.24735433788916 32.590874593384925, -93.9411999054651 32.50279933016782, -94.87995172012872 29.55025744739974, -97.37732119871846 28.03355195094456, -97.07415826137736 32.06054894745189, -96.24735433788916 32.590874593384925))"
11C,2019-06-23 17:55:00+00:00,2019-06-23 19:55:00+00:00,0.0,45000.0,"POLYGON ((-92.36253457717568 39.077045837964555, -91.16397645942631 38.636702792268466, -90.5679855697671 37.780167908982285, -93.6681326229391 34.310749570399516, -97.83760654787591 33.14409540790052, -92.36253457717568 39.077045837964555))"
14C,2019-06-23 17:55:00+00:00,2019-06-23 19:55:00+00:00,0.0,29000.0,"POLYGON ((-91.60716522361366 46.389552965906915, -90.0490454013534 46.037402314545, -88.83648914993097 42.709737748345674, -91.61165402220821 43.80768532178211, -91.87512943499988 45.56715474303985, -91.60716522361366 46.389552965906915))"
18C,2019-06-23 17:55:00+00:00,2019-06-23 19:55:00+00:00,0.0,35000.0,"POLYGON ((-104.49907420121653 41.005227784883985, -103.96226318690495 40.029213633370986, -104.66000000000001 39.66542906057911, -106.41786516543979 40.79327805189183, -104.49907420121653 41.005227784883985))"
16C,2019-06-23 17:55:00+00:00,2019-06-23 19:55:00+00:00,0.0,35000.0,"POLYGON ((-103.0660429145241 42.19594007404209, -101.27999186389883 40.88280957882195, -101.34709968895056 40.19753391433971, -101.97856114171474 39.92390954789642, -104.38098113333362 42.163112228482255, -103.0660429145241 42.19594007404209))"
41E,2019-06-23 17:55:00+00:00,2019-06-23 19:55:00+00:00,0.0,45000.0,"POLYGON ((-78.10262920452246 34.810894977321055, -76.05057862301025 32.80714986095124, -76.81696033297256 32.19359480289175, -78.7178250997781 33.641227356518534, -78.10262920452246 34.810894977321055))"
43E,2019-06-23 17:55:00+00:00,2019-06-23 19:55:00+00:00,0.0,34000.0,"POLYGON ((-84.74806726619461 34.24443827871876, -83.34946255558243 32.07482178501174, -83.87378817875202 32.012246792286305, -85.57728227354052 33.17679532557141, -85.55251509587524 34.00702466190276, -84.74806726619461 34.24443827871876))"
12C,2019-06-23 17:55:00+00:00,2019-06-23 19:55:00+00:00,0.0,36000.0,"POLYGON ((-88.86000000000001 38.57541730984525, -89.07090574560692 37.282315926781074, -90.5491014928581 37.05474913536524, -91.00406609322698 37.412800292515804, -90.23628930976234 38.398631362713516, -88.86000000000001 38.57541730984525))"
NOVEMBER 9,2019-06-23 18:38:00+00:00,2019-06-23 22:40:00+00:00,0.0,51000.0,"POLYGON ((-151.4 9.4, -148 8.3, -152.2 7.3, -151.4 9.4))"
GOLF 2,2019-06-23 18:40:00+00:00,2019-06-23 22:40:00+00:00,0.0,41000.0,"POLYGON ((-57.3 33.45, -56.45 32.45, -62.45 28.15, -68.15 29.45, -57.3 33.45))"
HOTEL 1,2019-06-23 18:45:00+00:00,2019-06-23 22:45:00+00:00,0.0,47000.0,"POLYGON ((-76.3 28, -75.45 26.45, -78 25.15, -79 26.3, -76.3 28))"
QUEBEC 1,2019-06-23 18:54:00+00:00,2019-06-23 22:55:00+00:00,0.0,54000.0,"POLYGON ((178.2 16.1, 167.1 8.3, -179.3 15.2, 178.2 16.1))"
48E,2019-06-23 18:55:00+00:00,2019-06-23 20:55:00+00:00,0.0,43000.0,"POLYGON ((-81.31846769608164 29.939162031259873, -80.61525675988538 27.94707591301245, -81.94944460196048 28.759938847197883, -81.87787534838117 29.57442820891434, -81.31846769608164 29.939162031259873))"
45E,2019-06-23 18:55:00+00:00,2019-06-23 20:55:00+00:00,0.0,45000.0,"POLYGON ((-82.30593843761737 35.33610228535312, -82.29343131423457 33.977060591600406, -83.09908957585318 34.299136502125464, -83.3 35.13371281826268, -82.30593843761737 35.33610228535312))"
47E,2019-06-23 18:55:00+00:00,2019-06-23 20:55:00+00:00,0.0,32000.0,"POLYGON ((-86.95430077698154 37.33780220092306, -86.30172273808897 35.83272312118288, -86.1576928452584 34.28114794489768, -87.13826643671965 34.70949463319419, -87.76 37.20714530289553, -86.95430077698154 37.33780220092306))"
46E,2019-06-23 18:55:00+00:00,2019-06-23 20:55:00+00:00,0.0,45000.0,"POLYGON ((-85.15 35.62547582294558, -82.92566848424089 31.892249954311076, -83.87378817875202 32.012246792286305, -84.93004718730424 32.8144059451283, -86.16496418793277 34.95577823107879, -85.15 35.62547582294558))"
44E,2019-06-23 18:55:00+00:00,2019-06-23 20:55:00+00:00,0.0,45000.0,"POLYGON ((-78.44318395178261 34.81922906041311, -77.4669795769372 34.349339694185325, -76.05057862301025 32.80714986095124, -76.81696033297256 32.19359480289175, -78.44318395178261 34.81922906041311))"
25C,2019-06-23 18:57:00+00:00,2019-06-23 20:55:00+00:00,0.0,31000.0,"POLYGON ((-99.61030182880552 43.23720797067777, -97.23275030476198 42.84770234845753, -96.96709968895057 40.19753391433971, -99.2317809341828 42.30274748357154, -99.84039253795977 42.30277017485266, -99.61030182880552 43.23720797067777))"
31C,2019-06-23 18:57:00+00:00,2019-06-23 20:55:00+00:00,0.0,32000.0,"POLYGON ((-91.01859775513525 36.24354659283946, -90.4550655623554 35.94300669737892, -93.90991075822983 33.454572129556595, -96.04462811028043 33.81758046593971, -91.01859775513525 36.24354659283946))"
32C,2019-06-23 18:57:00+00:00,2019-06-23 20:55:00+00:00,0.0,45000.0,"POLYGON ((-97.43625333383365 35.344564584854346, -96.30849369403145 34.84885698649659, -96.36510119479414 33.93074439569167, -98.38887046218251 34.39053497277965, -97.43625333383365 35.344564584854346))"
27C,2019-06-23 18:57:00+00:00,2019-06-23 20:55:00+00:00,0.0,34000.0,"POLYGON ((-102.42334647532836 40.15753740436445, -101.69 39.823712818262685, -101.83262706872519 39.12278050446082, -102.69 38.63371281826269, -102.42334647532836 40.15753740436445))"
28C,2019-06-23 18:57:00+00:00,2019-06-23 20:55:00+00:00,0.0,35000.0,"POLYGON ((-104.22982949090316 40.79982517863846, -103.10775057194408 40.026411392483844, -104.66000000000001 39.52085812115822, -104.77 40.92085812115822, -104.22982949090316 40.79982517863846))"
23C,2019-06-23 18:57:00+00:00,2019-06-23 20:55:00+00:00,0.0,45000.0,"POLYGON ((-87.69377318534136 41.02889155356552, -85.98884469754398 38.867819563250926, -87.03232871443458 37.399095692685854, -87.43979810471049 37.314745089157235, -88.24383678698867 40.20893955364961, -87.69377318534136 41.02889155356552))"
29C,2019-06-23 18:57:00+00:00,2019-06-23 20:55:00+00:00,0.0,32000.0,"POLYGON ((-96.86427277160114 33.59480051591332, -92.59950269763253 33.142280361292904, -95.05785123087625 29.34485827928602, -96.83503851728094 28.567985602147154, -97.59019083274751 33.05979627395309, -96.86427277160114 33.59480051591332))"
30C,2019-06-23 18:57:00+00:00,2019-06-23 20:55:00+00:00,0.0,32000.0,"POLYGON ((-92.9144132494033 31.612257300462456, -90.67459149857919 31.65225625372726, -91.3 29.64815522131804, -93.46592742942194 30.266853240562227, -92.9144132494033 31.612257300462456))"
34C,2019-06-23 18:57:00+00:00,2019-06-23 20:55:00+00:00,0.0,45000.0,"POLYGON ((-87.76 37.264524177054426, -88.29156060738757 36.01560972182611, -89.82392860793561 35.32730996982709, -88.6463834178582 37.22081786509165, -87.76 37.264524177054426))"
33C,2019-06-23 18:57:00+00:00,2019-06-23 20:55:00+00:00,0.0,32000.0,"POLYGON ((-88.54366297839407 43.58081336797352, -87.43419620944036 43.37155981411079, -87.07 41.225475822945576, -88.5734159882184 41.088606068255814, -87.74201573038587 41.87225096186587, -88.54366297839407 43.58081336797352))"
21C,2019-06-23 18:57:00+00:00,2019-06-23 20:55:00+00:00,0.0,45000.0,"POLYGON ((-91.3660060958858 38.80689172102783, -90.67799805194888 38.022076423105574, -91.02896106219391 36.26367898684968, -95.8758504922045 33.75752794688896, -96.59089456106531 34.847309056890715, -91.3660060958858 38.80689172102783))"
26C,2019-06-23 18:57:00+00:00,2019-06-23 20:55:00+00:00,0.0,35000.0,"POLYGON ((-103.04714899444285 42.65771748292251, -100.75 41.05, -101.24344389512761 40.198162970143144, -102.022459164171 40.00434857752905, -104.5973648236797 41.88458415455579, -103.04714899444285 42.65771748292251))"
24C,2019-06-23 18:57:00+00:00,2019-06-23 20:55:00+00:00,0.0,29000.0,"POLYGON ((-91.52879117255209 46.60703322818255, -89.92157551467054 46.397603755053915, -90.2924080192334 45.038752788073204, -88.36700530100144 42.966262116851844, -91.63297010583537 43.79224343409841, -91.52879117255209 46.60703322818255))"
22C,2019-06-23 18:57:00+00:00,2019-06-23 20:55:00+00:00,0.0,36000.0,"POLYGON ((-88.53173152349859 39.12471611685555, -88.54216980012517 38.18208204377095, -89.99018484900898 37.208641955032, -90.65036303972171 37.669254075316225, -90.08592499235297 38.732004036601296, -88.53173152349859 39.12471611685555))"
DELTA 6,2019-06-23 19:40:00+00:00,2019-06-23 23:40:00+00:00,0.0,43000.0,"POLYGON ((-55.3 32.45, -51.45 30.15, -58 27.3, -60.15 28, -55.3 32.45))"
53E,2019-06-23 19:55:00+00:00,2019-06-23 21:55:00+00:00,0.0,45000.0,"POLYGON ((-81.60733458483817 29.29907881838295, -80.8040119214694 29.189001512911766, -80.3018826290368 28.080571262213187, -81.34 28.54, -81.60733458483817 29.29907881838295))"
52E,2019-06-23 19:55:00+00:00,2019-06-23 21:55:00+00:00,0.0,42000.0,"POLYGON ((-82.82306275180535 31.428968839313033, -81.11 31.437145302895534, -81.25216802637163 30.874011674712477, -82.70391371407699 31.139155243532617, -82.82306275180535 31.428968839313033))"
50E,2019-06-23 19:55:00+00:00,2019-06-23 21:55:00+00:00,0.0,34000.0,"POLYGON ((-82.0655720134193 35.29705695506465, -82.16000000000001 33.8545709394209, -83.78640416122782 34.533058391638555, -82.80015726709782 35.107889491565004, -82.0655720134193 35.29705695506465))"
51E,2019-06-23 19:55:00+00:00,2019-06-23 21:55:00+00:00,0.0,45000.0,"POLYGON ((-85.15 35.68285469710448, -83.17300299834348 32.855072512776324, -82.67962927771798 31.539888054013577, -83.92850242224982 31.96617200012962, -86.86433975294516 35.21953952060868, -85.15 35.68285469710448))"
42C,2019-06-23 19:55:00+00:00,2019-06-23 21:55:00+00:00,0.0,35000.0,"POLYGON ((-103.7182921899958 40.567666078575265, -103.10746575286377 40.293543526141505, -103.77415083405428 38.79931592504298, -104.58811802378881 39.6764116693338, -103.7182921899958 40.567666078575265))"
45C,2019-06-23 19:55:00+00:00,2019-06-23 21:55:00+00:00,0.0,45000.0,"POLYGON ((-96.40674317731386 35.359531159262644, -96.10595025367992 34.96021520741663, -98.85524360757178 33.45545042611089, -99.86 33.058283757683576, -97.43625333383365 35.344564584854346, -96.40674317731386 35.359531159262644))"
49E,2019-06-23 19:55:00+00:00,2019-06-23 21:55:00+00:00,0.0,32000.0,"POLYGON ((-78.44318395178261 34.81922906041311, -77.44072004121696 34.702173615973486, -76.05057862301025 32.80714986095124, -76.89048327355702 32.347912658677075, -78.44318395178261 34.81922906041311))"
35C,2019-06-23 19:55:00+00:00,2019-06-23 21:55:00+00:00,0.0,45000.0,"POLYGON ((-89.839046334989 38.85824844143621, -90.18651359808558 36.36224755172515, -92.00259521848538 33.51249183378406, -96.47674616855943 33.33930182712991, -96.18545390996505 34.84932725030065, -89.839046334989 38.85824844143621))"
41C,2019-06-23 19:55:00+00:00,2019-06-23 21:55:00+00:00,0.0,45000.0,"POLYGON ((-101.19541269311324 40.38942541845226, -101.0211618714407 39.002652005620185, -102.23871868308359 38.55206010327422, -102.76810831725031 39.390741605151966, -101.19541269311324 40.38942541845226))"
36C,2019-06-23 19:55:00+00:00,2019-06-23 21:55:00+00:00,0.0,36000.0,"POLYGON ((-87.70500167585676 39.13618920737461, -87.76 38.595475822945566, -88.93527199690422 38.30616917082372, -89.98718601739743 38.130866430544664, -89.839046334989 38.85824844143621, -87.70500167585676 39.13618920737461))"
37C,2019-06-23 19:55:00+00:00,2019-06-23 21:55:00+00:00,0.0,45000.0,"POLYGON ((-86.94009907717003 41.959335659346415, -85.41484728383445 39.71678932401712, -86.10078441041736 35.66804004464822, -86.9722187610599 36.374926721293015, -88.05798426961412 41.87225096186587, -86.94009907717003 41.959335659346415))"
43C,2019-06-23 19:55:00+00:00,2019-06-23 21:55:00+00:00,0.0,45000.0,"POLYGON ((-92.18734790595039 33.44977821270282, -94.38987756723854 29.956519387931614, -96.87933458855483 28.758806892330902, -98.03037535567614 32.86609813104934, -96.47674616855943 33.33930182712991, -92.18734790595039 33.44977821270282))"
46C,2019-06-23 19:55:00+00:00,2019-06-23 21:55:00+00:00,0.0,32000.0,"POLYGON ((-88.01222848291248 44.252451901671904, -86.52671375041315 43.52189404712886, -86.11 42.47, -86.94009907717003 41.959335659346415, -87.15716509640423 42.78358170104823, -88.01222848291248 44.252451901671904))"
39C,2019-06-23 19:55:00+00:00,2019-06-23 21:55:00+00:00,0.0,35000.0,"POLYGON ((-98.25305115065738 43.23770077539203, -96.78 42.81815522131805, -96.83039354548018 40.66891277203669, -98.14535417825516 41.316151976935245, -99.34618156063723 43.038768635020475, -98.25305115065738 43.23770077539203))"
40C,2019-06-23 19:55:00+00:00,2019-06-23 21:55:00+00:00,0.0,34000.0,"POLYGON ((-100.25128814916161 43.03081913894418, -100.12152700597443 41.51886229692022, -100.91806258844159 40.74246786388398, -101.76413641819687 40.72720967161105, -103.73844307096422 42.350826132649324, -100.25128814916161 43.03081913894418))"
38C,2019-06-23 19:55:00+00:00,2019-06-23 21:55:00+00:00,0.0,28000.0,"POLYGON ((-91.02918521304386 47.713171141741284, -89.43 47.171786265581645, -90.10985042620175 46.7041163768193, -91.85779318205104 46.56420723346997, -91.82366609323383 47.41420776479196, -91.02918521304386 47.713171141741284))"
44C,2019-06-23 19:55:00+00:00,2019-06-23 21:55:00+00:00,0.0,40000.0,"POLYGON ((-92.37183301775607 33.38679100056877, -89.87058799212693 31.29941256508346, -90.98296447219036 29.495436503440857, -93.11 30.14, -92.94820403836498 32.19840184218151, -92.37183301775607 33.38679100056877))"
50C,2019-06-23 20:55:00+00:00,2019-06-23 22:55:00+00:00,0.0,42000.0,"POLYGON ((-103.19892066186198 40.6990937172804, -102.08857452069141 39.69600287842828, -100.23000000000002 39.69371281826268, -100.33961026710966 38.22603771221068, -103.4771436415513 38.81074522632213, -103.19892066186198 40.6990937172804))"
56C,2019-06-23 20:55:00+00:00,2019-06-23 22:55:00+00:00,0.0,45000.0,"POLYGON ((-89.78753402285369 33.867935977270314, -86.96658024664939 33.80354828967026, -86.80552786864696 32.62798113169183, -89.27359992398888 32.21313976840256, -90.1477759878571 33.1927975070825, -89.78753402285369 33.867935977270314))"
54C,2019-06-23 20:55:00+00:00,2019-06-23 22:55:00+00:00,0.0,45000.0,"POLYGON ((-96.30462004868662 33.48121445536992, -92.74 33.40457093942089, -95.0413231835475 30.07029005201738, -96.31 29.338283757683588, -97.03032524555952 31.4553217977527, -96.30462004868662 33.48121445536992))"
51C,2019-06-23 20:55:00+00:00,2019-06-23 22:55:00+00:00,0.0,42000.0,"POLYGON ((-89.73197228959936 40.01336942851551, -88.33136121314817 39.329889105175454, -88.85967901690674 37.92488313094113, -90.37029581976384 37.937049309852306, -89.73197228959936 40.01336942851551))"
53C,2019-06-23 20:55:00+00:00,2019-06-23 22:55:00+00:00,0.0,45000.0,"POLYGON ((-97.1074112421452 35.56497556682991, -94.97933925146062 35.38792688560624, -95.25150630596856 34.84885698649659, -99.59609215792459 33.01398950164118, -99.86 33.058283757683576, -97.1074112421452 35.56497556682991))"
56E,2019-06-23 20:55:00+00:00,2019-06-23 22:55:00+00:00,0.0,45000.0,"POLYGON ((-86.68 35.80726208852722, -81.64349316723859 34.79438176144636, -82.53930437815256 32.94089476184316, -81.7323617597083 30.80092654468214, -84.01287885792054 31.89498192102962, -86.68 35.80726208852722))"
55E,2019-06-23 20:55:00+00:00,2019-06-23 22:55:00+00:00,0.0,45000.0,"POLYGON ((-86.32 41.77, -84.7 39.18636895573639, -85.62145075640946 35.88132178531881, -86.10078441041736 35.66804004464822, -88.11441360594522 41.61348366313306, -86.32 41.77))"
54E,2019-06-23 20:55:00+00:00,2019-06-23 22:55:00+00:00,0.0,33000.0,"POLYGON ((-77.1230510399515 34.602400398072476, -75.91327822438343 32.68738613299373, -76.05057862301025 32.80714986095124, -78.01269031989544 34.46755787919339, -77.1230510399515 34.602400398072476))"
57E,2019-06-23 20:55:00+00:00,2019-06-23 22:55:00+00:00,0.0,40000.0,"POLYGON ((-80.9336370313966 29.363550798050447, -80.1424575669761 27.80689957398064, -81.12352308752953 28.078713840927172, -81.68232023584244 29.298780093543147, -80.9336370313966 29.363550798050447))"
52C,2019-06-23 20:55:00+00:00,2019-06-23 22:55:00+00:00,0.0,45000.0,"POLYGON ((-89.64595112456749 37.85956162593002, -88.29107470635843 36.83910745709351, -92.18734790595039 33.44977821270282, -95.26714806626936 33.504242729874754, -94.88222130895115 35.38845570333679, -89.64595112456749 37.85956162593002))"
55C,2019-06-23 20:55:00+00:00,2019-06-23 22:55:00+00:00,0.0,45000.0,"POLYGON ((-92.37183301775607 33.38679100056877, -89.53851323964713 31.55265062430279, -90.26 30.800893132790822, -92.14813132561663 30.136494069969416, -93.19243105422565 31.846348303066897, -92.37183301775607 33.38679100056877))"
47C,2019-06-23 20:55:00+00:00,2019-06-23 22:55:00+00:00,0.0,38000.0,"POLYGON ((-103.73288148535933 45.20739128481067, -103.01 44.479106867209175, -102.74660911851159 43.51858137178915, -105.00931270217735 43.464997115452604, -104.7334023069494 44.47645193735176, -103.73288148535933 45.20739128481067))"
48C,2019-06-23 20:55:00+00:00,2019-06-23 22:55:00+00:00,0.0,32000.0,"POLYGON ((-102.02464050299476 42.326516151160604, -101.11946417350333 42.56445345412989, -101.06087623395922 40.814300245341244, -102.09692492110389 41.09662876162579, -102.02464050299476 42.326516151160604))"
49C,2019-06-23 20:55:00+00:00,2019-06-23 22:55:00+00:00,0.0,34000.0,"POLYGON ((-96.34558828971097 42.88064655251599, -95.33083012187957 41.29661008844055, -97.12816073074559 40.991516253688275, -98.05682010427695 41.997687180093926, -96.34558828971097 42.88064655251599))"
PAPA 3,2019-06-23 21:17:00+00:00,2019-06-24 01:05:00+00:00,0.0,53000.0,"POLYGON ((-159.4 27.3, -157 27.2, -162.3 21.3, -159.4 27.3))"
DELTA 7,2019-06-23 21:42:00+00:00,2019-06-24 01:42:00+00:00,0.0,44000.0,"POLYGON ((-55.15 34.3, -50.15 30.15, -64.3 24, -63 29.3, -55.15 34.3))"
61E,2019-06-23 21:55:00+00:00,2019-06-23 23:55:00+00:00,0.0,45000.0,"POLYGON ((-85.52561336793285 35.26610379084663, -81.05 34.43828375768357, -81.51 30.484570939420898, -83.57352262782743 30.674328323125007, -85.52561336793285 35.26610379084663))"
62E,2019-06-23 21:55:00+00:00,2019-06-23 23:55:00+00:00,0.0,45000.0,"POLYGON ((-80.15184501700034 26.546420481979236, -80.28 25.36628718173732, -81.06393734637493 24.864833209594003, -81.8417644450152 26.39642056924798, -80.15184501700034 26.546420481979236))"
58E,2019-06-23 21:55:00+00:00,2019-06-23 23:55:00+00:00,0.0,35000.0,"POLYGON ((-70.17546595514108 46.66078325535315, -66.86165510164629 44.61982994610025, -67.08510208328471 43.531848055539506, -70.60017165167577 45.16392595020491, -70.17546595514108 46.66078325535315))"
60E,2019-06-23 21:55:00+00:00,2019-06-23 23:55:00+00:00,0.0,45000.0,"POLYGON ((-86.43017253041289 42.70483670196381, -83.41526102165861 39.012954026824886, -85.4630986656228 35.57441874148439, -86.66459838819179 40.6866254995416, -88.95339040020131 42.01883198294152, -86.43017253041289 42.70483670196381))"
59E,2019-06-23 21:55:00+00:00,2019-06-23 23:55:00+00:00,0.0,36000.0,"POLYGON ((-77.55925001702265 34.964427780843245, -75.29134565535617 33.431553251189904, -76.96425744252087 32.50218772195476, -79.3746285910015 34.46495097595935, -77.55925001702265 34.964427780843245))"
2W,2019-06-23 21:55:00+00:00,2019-06-23 23:55:00+00:00,0.0,30000.0,"POLYGON ((-106.98476075658013 48.45473739452835, -107.42303681563926 45.45424854210649, -108.62000000000002 45.47726208852722, -108.26254058814946 48.53015889595205, -106.98476075658013 48.45473739452835))"
67C,2019-06-23 22:08:00+00:00,2019-06-23 23:55:00+00:00,0.0,40000.0,"POLYGON ((-101.18075401408973 37.6898469845475, -101.05354104432215 37.535519863396004, -103.19513320395158 35.77018985124589, -103.32234617371917 35.924516972397385, -101.18075401408973 37.6898469845475))"
66C,2019-06-23 22:08:00+00:00,2019-06-23 23:55:00+00:00,0.0,45000.0,"POLYGON ((-87.35582926392215 34.44279412979339, -86.1895916630694 31.952800763409567, -89.11592702383209 32.268956185962125, -90.12000295301146 33.404572324616744, -87.35582926392215 34.44279412979339))"
58C,2019-06-23 22:08:00+00:00,2019-06-23 23:55:00+00:00,0.0,30000.0,"POLYGON ((-102.4016236448613 42.902433523104975, -101.03886078499818 42.88356497299443, -100.75 41.05, -102.31768377619001 41.09810364779696, -102.4016236448613 42.902433523104975))"
65C,2019-06-23 22:08:00+00:00,2019-06-23 23:55:00+00:00,0.0,45000.0,"POLYGON ((-89.91802399273652 32.3662025357384, -89.0485046770977 31.316386786392243, -90.29545087551398 30.46449064253503, -93.51956414468141 30.492286251810818, -92.59516544037785 32.048217220072466, -89.91802399273652 32.3662025357384))"
64C,2019-06-23 22:08:00+00:00,2019-06-23 23:55:00+00:00,0.0,45000.0,"POLYGON ((-91.7964333710089 33.91087326855821, -95.17247472726889 30.023547650836168, -96.31 29.59184477868197, -96.72714940817545 31.849851312657627, -94.99511292242823 33.82489832260137, -91.7964333710089 33.91087326855821))"
57C,2019-06-23 22:08:00+00:00,2019-06-23 23:55:00+00:00,0.0,37000.0,"POLYGON ((-104.44447754661547 45.31122349330387, -102.3508365751586 44.44867750701674, -102.65970709409551 43.36464192548287, -105.00931270217735 43.464997115452604, -104.44447754661547 45.31122349330387))"
62C,2019-06-23 22:08:00+00:00,2019-06-23 23:55:00+00:00,0.0,45000.0,"POLYGON ((-88.81457530882359 37.92529427799425, -87.41386784239167 36.72597107132902, -90.84712562975027 33.92927312269615, -94.99511292242823 33.82489832260137, -95.08628697479345 35.38725461765392, -88.81457530882359 37.92529427799425))"
61C,2019-06-23 22:08:00+00:00,2019-06-23 23:55:00+00:00,0.0,30000.0,"POLYGON ((-93.5955518886103 44.254625043236224, -93.24 44.038155221318036, -95.32886974048144 42.286959382729094, -95.81582364493403 42.94007455845984, -93.5955518886103 44.254625043236224))"
60C,2019-06-23 22:08:00+00:00,2019-06-23 23:55:00+00:00,0.0,40000.0,"POLYGON ((-102.87106855462306 40.39487149274304, -99.30910253740542 39.96223595215377, -99.17877784402093 38.43176303445867, -102.93460050215498 38.66086163624919, -102.87106855462306 40.39487149274304))"
63C,2019-06-23 22:08:00+00:00,2019-06-23 23:55:00+00:00,0.0,45000.0,"POLYGON ((-95.27972576089218 37.006268402235825, -95.2098522625778 34.37810492329278, -96.56647930068637 34.20852210402597, -100.86490429076673 31.72225441977049, -101.28052733829858 32.32509051735136, -95.27972576089218 37.006268402235825))"
59C,2019-06-23 22:08:00+00:00,2019-06-23 23:55:00+00:00,0.0,35000.0,"POLYGON ((-96.34558828971097 42.88064655251599, -95.33083012187957 41.29661008844055, -96.21 40.366368955736405, -98.05682010427695 41.997687180093926, -96.34558828971097 42.88064655251599))"
76C,2019-06-23 22:55:00+00:00,2019-06-24 00:55:00+00:00,,,"POLYGON ((-87.80231463672348 42.17884771227165, -87.30397545073937 39.61411203131322, -89.82257179472099 37.86365721557773, -87.99768536327653 42.13606594973047, -87.45873183566165 39.67483630387132, -89.9367138380125 38.02788752323512, -87.41811749403088 39.77834233897061, -87.2633611091086 39.71761806641251, -87.80231463672348 42.17884771227165))"
67E,2019-06-23 22:55:00+00:00,2019-06-24 00:55:00+00:00,0.0,45000.0,"POLYGON ((-79.92820223485039 26.67990834546578, -80.28 25.36628718173732, -81.06393734637493 24.864833209594003, -81.8417644450152 26.39642056924798, -79.92820223485039 26.67990834546578))"
73C,2019-06-23 22:55:00+00:00,2019-06-24 00:55:00+00:00,0.0,45000.0,"POLYGON ((-94.86431714211538 37.27017672180945, -93.86679674979499 34.58793121391484, -100.78864255686746 31.369555192271704, -101.40480001872535 31.73095611248797, -94.86431714211538 37.27017672180945))"
70C,2019-06-23 22:55:00+00:00,2019-06-24 00:55:00+00:00,0.0,36000.0,"POLYGON ((-102.05140379661184 40.057274399810524, -98.5492733547666 39.64192441020418, -98.23094569192958 38.25935103708534, -102.4290997671659 38.40416588035997, -102.05140379661184 40.057274399810524))"
66E,2019-06-23 22:55:00+00:00,2019-06-24 00:55:00+00:00,0.0,45000.0,"POLYGON ((-83.01463052287924 34.46438587084129, -81.05 33.360893132790814, -81.51 30.34, -83.45606694825167 30.715289850329363, -83.01463052287924 34.46438587084129))"
65E,2019-06-23 22:55:00+00:00,2019-06-24 00:55:00+00:00,0.0,45000.0,"POLYGON ((-84.78358847629164 40.85195233492249, -82.92019883520608 39.534709348106524, -84.57250724721752 35.42919830771093, -85.81563377504843 36.92836605612156, -84.78358847629164 40.85195233492249))"
64E,2019-06-23 22:55:00+00:00,2019-06-24 00:55:00+00:00,0.0,36000.0,"POLYGON ((-76.66098951172519 34.34405756847523, -75.29134565535617 33.431553251189904, -76.05057862301025 32.80714986095124, -77.26191260735983 33.11885193382826, -76.66098951172519 34.34405756847523))"
63E,2019-06-23 22:55:00+00:00,2019-06-24 00:55:00+00:00,0.0,35000.0,"POLYGON ((-68.01242260621126 45.73244459232395, -66.86165510164629 44.61982994610025, -66.9267144219823 43.41157133576116, -69.80846605979632 44.83615702994761, -68.01242260621126 45.73244459232395))"
74C,2019-06-23 22:55:00+00:00,2019-06-24 00:55:00+00:00,0.0,45000.0,"POLYGON ((-93.91673781641025 33.817315470419445, -91.39029749032743 33.8370566438334, -94.80941104213585 29.48833419869212, -96.37019852442019 31.338508877722262, -93.91673781641025 33.817315470419445))"
72C,2019-06-23 22:55:00+00:00,2019-06-24 00:55:00+00:00,0.0,45000.0,"POLYGON ((-87.31040208744643 38.28206844692847, -87.01540082678063 36.73761094631314, -90.12682729967294 33.76731564919611, -93.91673781641025 33.817315470419445, -92.98202410595856 35.862601163817615, -87.31040208744643 38.28206844692847))"
68C,2019-06-23 22:55:00+00:00,2019-06-24 00:55:00+00:00,0.0,35000.0,"POLYGON ((-104.60892193277017 45.43094321413646, -102.15193310164798 44.23146475589418, -101.34532166323301 42.56201319189036, -105.00931270217735 43.464997115452604, -104.60892193277017 45.43094321413646))"
69C,2019-06-23 22:55:00+00:00,2019-06-24 00:55:00+00:00,0.0,35000.0,"POLYGON ((-93.97934803370066 43.55873552507589, -94.71410998841786 41.48379438511637, -95.9008848506845 40.43487091095333, -96.17485263840608 42.572452027108, -93.97934803370066 43.55873552507589))"
71C,2019-06-23 22:55:00+00:00,2019-06-24 00:55:00+00:00,0.0,42000.0,"POLYGON ((-101.1190087333079 37.79202598332345, -100.14699371461766 37.7275603663689, -102.87509163559662 35.76604885183411, -103.12580721069573 36.33682047036333, -101.1190087333079 37.79202598332345))"
75C,2019-06-23 22:55:00+00:00,2019-06-24 00:55:00+00:00,0.0,45000.0,"POLYGON ((-87.79752155618463 34.09479335616299, -86.82336294942606 33.82368123504988, -89.98395279067505 31.534986115494483, -90.2212419157373 30.310930216173375, -91.94675343382102 31.72937823056986, -87.79752155618463 34.09479335616299))"
3W,2019-06-23 22:55:00+00:00,2019-06-24 00:55:00+00:00,0.0,30000.0,"POLYGON ((-108.31878144763037 47.06350908550386, -107.15570205206484 46.373663817632284, -107.42303681563926 45.45424854210649, -108.11687317439008 45.45596929544453, -108.31878144763037 47.06350908550386))"
73E,2019-06-24 00:03:00+00:00,2019-06-24 02:55:00+00:00,0.0,45000.0,"POLYGON ((-84.54602066202735 30.763529354115757, -83.81874793475463 30.763529354115757, -83.81874793475463 30.03625662684303, -84.54602066202735 30.03625662684303, -84.54602066202735 30.763529354115757))"
72E,2019-06-24 00:03:00+00:00,2019-06-24 01:55:00+00:00,0.0,45000.0,"POLYGON ((-80.23212429948275 26.372519595737387, -80.28 25.300893132790826, -80.95267343652286 24.905958970233517, -81.49686748526675 25.914901466215348, -80.23212429948275 26.372519595737387))"
68E,2019-06-24 00:03:00+00:00,2019-06-24 01:55:00+00:00,0.0,35000.0,"POLYGON ((-68.77997180582454 44.99366957123421, -67.1729245279079 44.94055929377048, -67.08510208328471 43.531848055539506, -68.87 43.841786265581646, -68.77997180582454 44.99366957123421))"
71E,2019-06-24 00:03:00+00:00,2019-06-24 01:55:00+00:00,0.0,45000.0,"POLYGON ((-81.8763836371497 33.9449573860323, -80.34119816074363 32.27481902758643, -81.43634553578885 30.186274487518613, -82.66658085380098 30.334910875458505, -81.8763836371497 33.9449573860323))"
69E,2019-06-24 00:03:00+00:00,2019-06-24 01:55:00+00:00,0.0,36000.0,"POLYGON ((-77.1230510399515 34.602400398072476, -75.29134565535617 33.431553251189904, -75.63977936421509 32.44741231928447, -77.18711036928703 32.96475210855679, -77.1230510399515 34.602400398072476))"
70E,2019-06-24 00:03:00+00:00,2019-06-24 01:55:00+00:00,0.0,45000.0,"POLYGON ((-84.04 40.62273791147279, -82.59 39.65089313279082, -83.73341328182315 35.59248847837911, -85.03398164449968 36.27658476798554, -84.04 40.62273791147279))"
81C,2019-06-24 00:10:00+00:00,2019-06-24 01:55:00+00:00,,,"POLYGON ((-85.9705687158072 38.0700872560648, -89.72894222480268 34.99013549507762, -89.75220969388896 34.9627038693552, -90.55223219938999 33.57385920220688, -89.60217343110394 34.83544330734934, -85.84379992210846 37.91539506833651, -90.37892846751869 33.47403026592343, -89.57890596201766 34.86287493307176, -85.9705687158072 38.0700872560648))"
84C,2019-06-24 00:10:00+00:00,2019-06-24 01:55:00+00:00,,,"POLYGON ((-87.7634100598667 42.16420561566633, -86.3859206030203 41.61360772807813, -87.80333509342492 38.14989848175163, -87.82391130300006 41.9735761332159, -86.50872177590739 41.55616640035482, -87.98843619606575 38.22564530875545, -86.57102170566112 41.68935455508194, -86.44822053277403 41.74679588280525, -87.7634100598667 42.16420561566633))"
85C,2019-06-24 00:10:00+00:00,2019-06-24 02:55:00+00:00,0.0,45000.0,"POLYGON ((-90.64363636363636 33.53449448479458, -89.91636363636364 33.53449448479458, -89.91636363636364 32.807221757521845, -90.64363636363636 32.807221757521845, -90.64363636363636 33.53449448479458))"
79C,2019-06-24 00:10:00+00:00,2019-06-24 01:55:00+00:00,0.0,43000.0,"POLYGON ((-98.49752318364948 39.126533863978274, -97.77025045637676 39.126533863978274, -97.77025045637676 38.39926113670554, -98.49752318364948 38.39926113670554, -98.49752318364948 39.126533863978274))"
78C,2019-06-24 00:10:00+00:00,2019-06-24 01:55:00+00:00,0.0,39000.0,"POLYGON ((-93.78797690265594 43.82334618776469, -93.63798740053562 43.69104671968679, -95.66500524893983 41.39299214480284, -95.81499475106015 41.52529161288074, -93.78797690265594 43.82334618776469))"
80C,2019-06-24 00:10:00+00:00,2019-06-24 01:55:00+00:00,0.0,45000.0,"POLYGON ((-101.1190087333079 37.79202598332345, -99.76001370349837 37.597678381640954, -102.07427191138783 35.64214692690536, -102.72136072787367 36.55089733693644, -101.1190087333079 37.79202598332345))"
82C,2019-06-24 00:10:00+00:00,2019-06-24 01:55:00+00:00,0.0,45000.0,"POLYGON ((-93.91833945825623 36.88797672824774, -92.75549882678258 35.14921248092541, -93.76237065163932 34.124440010838626, -100.30037618171073 31.6773229430416, -100.40777666184373 32.66981417587036, -93.91833945825623 36.88797672824774))"
77C,2019-06-24 00:10:00+00:00,2019-06-24 01:55:00+00:00,0.0,30000.0,"POLYGON ((-102.36713377704365 44.16920151059579, -101.44210890212847 44.0007984374361, -101.26377910226572 41.97109753444831, -102.2337742483311 42.26528651123964, -102.36713377704365 44.16920151059579))"
83C,2019-06-24 00:10:00+00:00,2019-06-24 01:55:00+00:00,0.0,45000.0,"POLYGON ((-92.75549882678258 35.14921248092541, -91.0191177118982 33.71247523151669, -92.87547576982467 32.0279791098017, -96.09730095496737 31.65463822396303, -92.75549882678258 35.14921248092541))"
DELTA 8,2019-06-24 00:33:00+00:00,2019-06-24 04:33:00+00:00,0.0,45000.0,"POLYGON ((-52.3 35.3, -47.3 30.3, -60.3 25, -62.3 29, -52.3 35.3))"
PAPA 4,2019-06-24 00:54:00+00:00,2019-06-24 04:50:00+00:00,0.0,50000.0,"POLYGON ((-160.1 26.1, -157.3 25.2, -161.4 21.2, -160.1 26.1))"
1C,2019-06-24 00:55:00+00:00,2019-06-24 02:55:00+00:00,,,"POLYGON ((-94.36515848638146 42.92465500051431, -94.36067329355552 42.28463239644711, -95.58122087602395 40.94783216659236, -94.56487013464104 42.91391919363053, -94.53437791874823 42.34669115376763, -95.7289184781498 41.08268548811719, -94.50837089568137 42.41948571797194, -94.33466627048865 42.35742696065142, -94.36515848638146 42.92465500051431))"
3C,2019-06-24 00:55:00+00:00,2019-06-24 02:55:00+00:00,0.0,45000.0,"POLYGON ((-101.06811688568088 37.80886619268716, -99.55105937763527 37.52683131623125, -101.14808558371958 35.45497962647934, -102.70934253839073 36.541061457424355, -101.06811688568088 37.80886619268716))"
6C,2019-06-24 00:55:00+00:00,2019-06-24 02:55:00+00:00,0.0,45000.0,"POLYGON ((-93.33 36.78171624231642, -91.57859908113988 35.59721886055166, -93.72322085454987 33.509516924713786, -99.60340763188562 31.36722001721092, -100.05763349821194 32.8805441136466, -93.33 36.78171624231642))"
5C,2019-06-24 00:55:00+00:00,2019-06-24 02:55:00+00:00,0.0,45000.0,"POLYGON ((-86.50602950189206 37.879534513226375, -86.34483159124294 37.76114856134714, -88.38819134479118 34.978847809037426, -88.5493892554403 35.09723376091666, -86.50602950189206 37.879534513226375))"
2C,2019-06-24 00:55:00+00:00,2019-06-24 02:55:00+00:00,0.0,40000.0,"POLYGON ((-97.91265037785546 39.160048716854895, -97.18537765058274 39.160048716854895, -97.18537765058274 38.43277598958216, -97.91265037785546 38.43277598958216, -97.91265037785546 39.160048716854895))"
4C,2019-06-24 00:55:00+00:00,2019-06-24 02:55:00+00:00,0.0,45000.0,"POLYGON ((-86.21047037664329 41.82361218971949, -86.04184963034848 41.716061997162804, -87.8231814354461 38.923231122258066, -87.99180218174091 39.03078131481475, -86.21047037664329 41.82361218971949))"
7C,2019-06-24 00:55:00+00:00,2019-06-24 02:55:00+00:00,0.0,45000.0,"POLYGON ((-91.45352809725819 35.70003617399726, -90.28 33.46, -93.48345436985844 32.10174524401393, -93.93770040784429 33.242797373864356, -91.45352809725819 35.70003617399726))"
3E,2019-06-24 00:55:00+00:00,2019-06-24 02:55:00+00:00,0.0,45000.0,"POLYGON ((-81.41964196435391 33.7321148269582, -80.32392449394393 32.15757011615731, -81.25645509730782 29.607329850298168, -82.28106874726835 30.337738102426655, -81.41964196435391 33.7321148269582))"
4E,2019-06-24 00:55:00+00:00,2019-06-24 02:55:00+00:00,0.0,40000.0,"POLYGON ((-76.25804524564349 34.33943617623588, -75.6537279468731 34.33002969055372, -75.63977936421509 32.44741231928447, -76.96425744252087 32.50218772195476, -76.25804524564349 34.33943617623588))"
1E,2019-06-24 00:55:00+00:00,2019-06-24 02:55:00+00:00,0.0,30000.0,"POLYGON ((-67.18680514614469 44.38122560188576, -66.61182035305411 43.170366514010446, -68.51586155770642 42.77409880289001, -68.87 43.841786265581646, -67.18680514614469 44.38122560188576))"
2E,2019-06-24 00:55:00+00:00,2019-06-24 02:55:00+00:00,0.0,45000.0,"POLYGON ((-82.59 40.15, -82.89675039148989 36.692218128848026, -84.34781308735664 36.568647514169584, -83.73261778838564 40.05431130624966, -82.59 40.15))"
PAPA 5,2019-06-24 01:05:00+00:00,2019-06-24 05:05:00+00:00,0.0,50000.0,"POLYGON ((-160.1 26.1, -157.5 25.4, -161.3 21, -160.1 26.1))"
6E,2019-06-24 01:55:00+00:00,2019-06-24 03:55:00+00:00,0.0,45000.0,"POLYGON ((-83.12177022163928 39.73987155082237, -81.7440934902264 39.28391758975932, -82.38481658783249 36.644183698835185, -83.97188160466048 36.76278758338395, -83.12177022163928 39.73987155082237))"
10C,2019-06-24 01:55:00+00:00,2019-06-24 03:55:00+00:00,0.0,40000.0,"POLYGON ((-86.40346739697746 41.24679067959732, -86.23653260302252 41.136641805035545, -87.56218037623114 39.12757236371981, -87.72911517018608 39.23772123828158, -86.40346739697746 41.24679067959732))"
11C,2019-06-24 01:55:00+00:00,2019-06-24 03:55:00+00:00,0.0,45000.0,"POLYGON ((-85.5879666413617 38.02881256678207, -85.4316811086143 37.904013399101096, -87.90027595757134 34.81260126650621, -88.05656149031874 34.93740043418719, -85.5879666413617 38.02881256678207))"
8C,2019-06-24 01:55:00+00:00,2019-06-24 03:55:00+00:00,0.0,36000.0,"POLYGON ((-94.37934883043177 43.8573615324223, -94.17950113479294 43.84955778025726, -94.26518798062868 41.655187902195784, -94.4650356762675 41.66299165436083, -94.37934883043177 43.8573615324223))"
7E,2019-06-24 01:55:00+00:00,2019-06-24 03:55:00+00:00,0.0,45000.0,"POLYGON ((-81.28763824029171 30.80092654468214, -80.16067255454587 30.33307326431446, -81.11 29.466368955736392, -81.73027672641336 29.878700770027603, -81.28763824029171 30.80092654468214))"
5E,2019-06-24 01:55:00+00:00,2019-06-24 03:55:00+00:00,0.0,30000.0,"POLYGON ((-68.87 44.00815522131804, -66.66574567444111 43.94384890659581, -66.70689460191525 42.25129884186158, -68.51586155770642 42.77409880289001, -68.87 44.00815522131804))"
13C,2019-06-24 01:55:00+00:00,2019-06-24 03:55:00+00:00,0.0,45000.0,"POLYGON ((-89.04523239556619 34.6980786917871, -89.30793402226548 33.48744306994657, -92.5 31.92547582294557, -93.29024079349452 33.06778779978601, -92.4874126414713 34.064793788121676, -89.04523239556619 34.6980786917871))"
12C,2019-06-24 01:55:00+00:00,2019-06-24 03:55:00+00:00,0.0,45000.0,"POLYGON ((-95.4084329198508 36.32672812301073, -91.32989362066583 35.98206671673675, -92.96963348234651 33.72090384528462, -97.68306198905013 31.30641264694936, -100.2767316770249 32.12639114916932, -95.4084329198508 36.32672812301073))"
9C,2019-06-24 01:55:00+00:00,2019-06-24 03:55:00+00:00,0.0,45000.0,"POLYGON ((-100.73 37.42089313279082, -99.31892023446 37.414630030150676, -99.90074038292248 35.13790991212499, -101.3648310928849 36.27081884781991, -100.73 37.42089313279082))"
DELTA 9,2019-06-24 02:43:00+00:00,2019-06-24 06:43:00+00:00,0.0,43000.0,"POLYGON ((-51.15 37, -46.15 36.3, -52.3 26.45, -64.15 25.45, -51.15 37))"
PAPA 6,2019-06-24 02:53:00+00:00,2019-06-24 06:50:00+00:00,0.0,51000.0,"POLYGON ((-159.4 26, -158.1 25, -161.5 20, -159.4 26))"
8E,2019-06-24 02:55:00+00:00,2019-06-24 04:55:00+00:00,0.0,45000.0,"POLYGON ((-85.68337655771685 41.33824514028228, -85.51288750835747 41.23368183864862, -86.54149428065593 39.55655240572206, -86.71198333001531 39.66111570735572, -85.68337655771685 41.33824514028228))"
15C,2019-06-24 02:55:00+00:00,2019-06-24 04:55:00+00:00,0.0,45000.0,"POLYGON ((-100.06443858552805 37.03655904578317, -98.2664433325619 37.017332345092775, -99.54140285583473 34.98108870181298, -100.22050763866743 35.67168482391578, -100.06443858552805 37.03655904578317))"
14C,2019-06-24 02:55:00+00:00,2019-06-24 04:55:00+00:00,0.0,31000.0,"POLYGON ((-92.47331618728725 43.90561065708806, -94.0069500369007 41.550098684942974, -93.6357074297979 43.62385986951361, -92.47331618728725 43.90561065708806))"
16C,2019-06-24 02:55:00+00:00,2019-06-24 04:55:00+00:00,0.0,45000.0,"POLYGON ((-85.5879666413617 38.02881256678207, -85.4316811086143 37.904013399101096, -87.90027595757134 34.81260126650621, -88.05656149031874 34.93740043418719, -85.5879666413617 38.02881256678207))"
10E,2019-06-24 02:55:00+00:00,2019-06-24 04:55:00+00:00,0.0,45000.0,"POLYGON ((-81.23672402003552 30.57499714509143, -79.69293906116516 29.80185252100621, -80.5822297501818 29.107962812107232, -81.25645509730782 29.607329850298168, -81.23672402003552 30.57499714509143))"
17C,2019-06-24 02:55:00+00:00,2019-06-24 04:55:00+00:00,0.0,45000.0,"POLYGON ((-94.12 36.083631044263605, -89.04523239556619 34.6980786917871, -88.23987690090598 32.84932537218363, -99.3718951923035 31.52146193936616, -100.22389573225274 32.35214309648804, -94.12 36.083631044263605))"
11E,2019-06-24 03:55:00+00:00,2019-06-24 05:55:00+00:00,0.0,44000.0,"POLYGON ((-85.27175007007651 41.615876518014055, -85.10824992992349 41.50069099735308, -86.33135186269159 39.76455839768695, -86.49485200284461 39.87974391834792, -85.27175007007651 41.615876518014055))"
12E,2019-06-24 03:55:00+00:00,2019-06-24 05:55:00+00:00,,,"POLYGON ((-85.52641135754183 38.14689822792635, -86.03782019666141 36.76284757905228, -87.40993434684735 34.92918235579413, -85.34986051406028 38.05293121421432, -86.02961042807328 36.77577643473724, -87.57006565315264 35.04900708087607, -86.1979515029667 36.88267230413422, -86.20616127155483 36.86974344844927, -85.52641135754183 38.14689822792635))"
13E,2019-06-24 03:55:00+00:00,2019-06-24 05:55:00+00:00,0.0,40000.0,"POLYGON ((-80.97675315583828 30.147918235775258, -79.33647472704759 29.924948248318806, -80.39311001469754 28.53671598849233, -80.93385684363821 29.236217809028442, -80.97675315583828 30.147918235775258))"
19C,2019-06-24 03:55:00+00:00,2019-06-24 05:55:00+00:00,0.0,45000.0,"POLYGON ((-93.54961155379007 36.057644937086124, -88.00471699019636 35.68702411156179, -88.38045922709229 32.7322276438874, -99.13244264681249 31.18639615938597, -99.86 31.98089313279081, -93.54961155379007 36.057644937086124))"
18C,2019-06-24 03:55:00+00:00,2019-06-24 05:55:00+00:00,0.0,40000.0,"POLYGON ((-97.58 37.41726208852722, -98.97745958808196 34.75791864122066, -99.71667682371923 34.839228059388795, -99.40004872876624 37.26127423068664, -97.58 37.41726208852722))"
22C,2019-06-24 04:55:00+00:00,2019-06-24 06:55:00+00:00,0.0,45000.0,"POLYGON ((-91.77372430899693 35.83055256653708, -87.9899040778183 35.117889110988436, -88.02861547561385 33.65504453547257, -89.9685152980986 32.697064011641935, -92.04 32.664570939420905, -91.77372430899693 35.83055256653708))"
23C,2019-06-24 04:55:00+00:00,2019-06-24 06:55:00+00:00,0.0,41000.0,"POLYGON ((-98.92857195293236 29.23026818207199, -98.46 28.77257436347464, -99.7666516242188 27.786251710158762, -100.70660473940278 29.226418882190558, -98.92857195293236 29.23026818207199))"
20C,2019-06-24 04:55:00+00:00,2019-06-24 06:55:00+00:00,0.0,35000.0,"POLYGON ((-97.95450633840274 37.24117410503275, -97.7612591338759 37.18964238720222, -98.31985849015132 35.09485943419217, -98.51310569467816 35.1463911520227, -97.95450633840274 37.24117410503275))"
14E,2019-06-24 04:55:00+00:00,2019-06-24 06:55:00+00:00,0.0,44000.0,"POLYGON ((-84.59914887274213 38.41426465607478, -84.30237390405398 36.966178035188896, -86.28962017670557 35.3708399752367, -87.06127371239837 36.26672945249153, -84.59914887274213 38.41426465607478))"
21C,2019-06-24 04:55:00+00:00,2019-06-24 06:55:00+00:00,0.0,45000.0,"POLYGON ((-91.78924672205203 35.44790273046866, -92.04 32.6863689557364, -97.82005890197578 31.188257217783516, -99.56014927195703 31.86482466735543, -96.35670613636886 35.319203887459075, -91.78924672205203 35.44790273046866))"
24C,2019-06-24 05:55:00+00:00,2019-06-24 07:55:00+00:00,,,"POLYGON ((-97.54463009830019 37.5043783147127, -97.69953259801242 36.2550739132142, -97.50130149580565 36.25693851715391, -97.37454376341158 35.37138159369655, -97.50105247240809 36.23046416433119, -97.34614997269586 37.47976856582969, -97.5725258422208 35.34304263693412, -97.69928357461487 36.22859956039148, -97.54463009830019 37.5043783147127))"
27C,2019-06-24 05:55:00+00:00,2019-06-24 07:55:00+00:00,0.0,40000.0,"POLYGON ((-98.92857195293236 29.23026818207199, -98.72474132086462 28.091633562846052, -99.53533516688434 27.582179559679375, -100.51740492862491 28.825497621767806, -98.92857195293236 29.23026818207199))"
25C,2019-06-24 05:55:00+00:00,2019-06-24 07:55:00+00:00,0.0,45000.0,"POLYGON ((-91.24036133730671 35.874368077995655, -91.49430233877342 32.327821641001485, -97.11941951638202 30.73228010495411, -99.52223097051171 31.2144805931974, -97.83299103328152 34.93866126814074, -91.24036133730671 35.874368077995655))"
26C,2019-06-24 05:55:00+00:00,2019-06-24 07:55:00+00:00,0.0,45000.0,"POLYGON ((-87.06003814944458 36.01206605705635, -87.4685312071243 34.139262809979385, -89.94862224538825 32.737319286518066, -91.49430233877342 32.327821641001485, -91.26278797123997 35.49477284765312, -87.06003814944458 36.01206605705635))"
DELTA 10,2019-06-24 06:05:00+00:00,2019-06-24 10:05:00+00:00,0.0,45000.0,"POLYGON ((-49.25 37.2, -47.1 36.05, -58.3 25.35, -65.3 27.35, -49.25 37.2))"
PAPA 7,2019-06-24 06:49:00+00:00,2019-06-24 10:50:00+00:00,0.0,51000.0,"POLYGON ((-159.4 22.4, -158.1 20.1, -161.1 18.3, -162 19, -159.4 22.4))"
28C,2019-06-24 06:55:00+00:00,2019-06-24 08:55:00+00:00,,,"POLYGON ((-95.9369519672403 36.41585240159798, -95.897536106323 36.19777892217346, -95.92107906204414 35.04507017032688, -96.1334039693661 36.37834759042976, -96.09574125686308 36.18106849352881, -96.1210373609985 35.04915412420578, -96.09749440527736 36.20186287605237, -95.89928925473728 36.21857330469702, -95.9369519672403 36.41585240159798))"
15E,2019-06-24 06:55:00+00:00,2019-06-24 08:55:00+00:00,0.0,41000.0,"POLYGON ((-82.800283420172 40.316743145702205, -82.64760435429027 40.1875568351214, -83.69328963230356 38.95171187031379, -83.84596869818529 39.08089818089459, -82.800283420172 40.316743145702205))"
30C,2019-06-24 06:55:00+00:00,2019-06-24 08:55:00+00:00,0.0,45000.0,"POLYGON ((-87.03803407768343 36.13946720782529, -86.61068489407558 34.70684154330769, -90.73453221318049 32.6497099058026, -90.7455967884335 35.70912768372638, -87.03803407768343 36.13946720782529))"
31C,2019-06-24 06:55:00+00:00,2019-06-24 08:55:00+00:00,0.0,34000.0,"POLYGON ((-99.13284259386923 29.050099161629138, -98.48720888972468 28.278039698772762, -99.55274371655932 27.597577651103027, -100.47954528520262 28.74486603371117, -99.13284259386923 29.050099161629138))"
29C,2019-06-24 06:55:00+00:00,2019-06-24 08:55:00+00:00,0.0,45000.0,"POLYGON ((-90.793000372768 35.802487692064524, -90.83047457671236 32.682559925262055, -93.82492057551916 30.838570209934346, -98.92420381391062 30.915265457665612, -97.6 34.90089313279083, -90.793000372768 35.802487692064524))"
33C,2019-06-24 07:55:00+00:00,2019-06-24 09:55:00+00:00,0.0,45000.0,"POLYGON ((-87.50401895063457 36.137177784925875, -87.77062388423693 33.742472734514195, -90.83047457671236 32.682559925262055, -90.71495618012514 35.64865534626332, -87.50401895063457 36.137177784925875))"
32C,2019-06-24 07:55:00+00:00,2019-06-24 09:55:00+00:00,0.0,45000.0,"POLYGON ((-90.71495618012514 35.64865534626332, -90.88842001156488 32.4275446301404, -92.72235659455748 30.798693907059313, -98.92420381391062 30.915265457665612, -96.59089456106531 34.847309056890715, -90.71495618012514 35.64865534626332))"
INDIA 1,2019-06-24 08:25:00+00:00,2019-06-24 12:25:00+00:00,0.0,31000.0,"POLYGON ((-58.5 42.45, -57.05 42.3, -59.05 38, -62 39.4, -58.5 42.45))"
36C,2019-06-24 08:55:00+00:00,2019-06-24 10:55:00+00:00,0.0,45000.0,"POLYGON ((-95.82393157216109 30.36806031758696, -93.72917442937873 30.35984690150953, -96.31 29.19371281826269, -95.82393157216109 30.36806031758696))"
38C,2019-06-24 08:55:00+00:00,2019-06-24 10:55:00+00:00,0.0,45000.0,"POLYGON ((-99.53852076834397 33.095754623189165, -98.77419196902098 32.557585410688475, -98.88933474818221 32.3940551675925, -99.6536635475052 32.93222438009319, -99.53852076834397 33.095754623189165))"
35C,2019-06-24 08:55:00+00:00,2019-06-24 10:55:00+00:00,0.0,45000.0,"POLYGON ((-91.09583370269894 36.22755230192825, -87.0920168853577 36.13929443076551, -87.63656013942676 33.41314735839786, -91.03881430639228 31.29765030211519, -91.20457265651062 33.774904836200875, -91.09583370269894 36.22755230192825))"
37C,2019-06-24 08:55:00+00:00,2019-06-24 10:55:00+00:00,0.0,33000.0,"POLYGON ((-96.2456102046855 38.47625077177771, -95.33760736257732 38.26695125345406, -96.16838395018881 37.47440063553829, -96.73838287729184 37.74700775021389, -96.2456102046855 38.47625077177771))"
34C,2019-06-24 08:55:00+00:00,2019-06-24 10:55:00+00:00,0.0,45000.0,"POLYGON ((-97.17 33.87726208852722, -91.20457265651062 33.774904836200875, -90.94376256271997 30.35218257689585, -98.82909601567157 30.408013300001226, -97.17 33.87726208852722))"
DELTA 11,2019-06-24 09:40:00+00:00,2019-06-24 13:40:00+00:00,0.0,48000.0,"POLYGON ((-50.1 34.5, -47.2 32.15, -56.4 26.2, -59.35 28.35, -50.1 34.5))"
41C,2019-06-24 09:55:00+00:00,2019-06-24 11:55:00+00:00,0.0,45000.0,"POLYGON ((-99.01960046638379 32.842766761905445, -97.70622761200327 32.15663484601493, -97.7988356360447 31.979367381760657, -99.11220849042522 32.66549929765117, -99.01960046638379 32.842766761905445))"
40C,2019-06-24 09:55:00+00:00,2019-06-24 11:55:00+00:00,0.0,45000.0,"POLYGON ((-86.91791241053664 36.60087989084371, -87.20459632917124 34.47438574679296, -90.94376256271997 30.35218257689585, -91.39029749032743 33.8370566438334, -90.87103893780609 36.26367898684968, -86.91791241053664 36.60087989084371))"
39C,2019-06-24 09:55:00+00:00,2019-06-24 11:55:00+00:00,0.0,45000.0,"POLYGON ((-96.42879864896054 33.953102457971305, -91.20457265651062 33.774904836200875, -90.94376256271997 30.35218257689585, -95.75591718433901 29.606456054048326, -99.04687014644327 30.597714495710978, -96.42879864896054 33.953102457971305))"
ROMEO 1,2019-06-24 10:30:00+00:00,2019-06-24 14:30:00+00:00,0.0,53000.0,"POLYGON ((176.4 16.2, 178.3 14.5, 173.1 13.4, 175 16, 176.4 16.2))"
PAPA 8,2019-06-24 10:49:00+00:00,2019-06-24 14:50:00+00:00,0.0,51000.0,"POLYGON ((-159.1 21.1, -158.1 19.5, -161.1 18.3, -162.4 20, -159.1 21.1))"
43C,2019-06-24 10:55:00+00:00,2019-06-24 12:55:00+00:00,0.0,45000.0,"POLYGON ((-89.32 36.30914187884179, -87.2871093642604 35.11053049788088, -89.0605100940495 31.84546736801354, -91.0446088837188 29.945486617907925, -91.40482772371003 32.739704381113604, -89.32 36.30914187884179))"
16E,2019-06-24 10:55:00+00:00,2019-06-24 12:55:00+00:00,0.0,38000.0,"POLYGON ((-86.44 37.26273791147278, -86.44486784829792 35.67865509373724, -87.40294631435376 35.54961863172338, -87.76 37.09815522131804, -86.44 37.26273791147278))"
44C,2019-06-24 10:55:00+00:00,2019-06-24 12:55:00+00:00,0.0,45000.0,"POLYGON ((-98.22843508842287 32.864381406522625, -97.7357208626564 32.279868995944135, -98.24726069029435 31.656276482818313, -99.16724166426272 31.889897624369862, -98.22843508842287 32.864381406522625))"
42C,2019-06-24 10:55:00+00:00,2019-06-24 12:55:00+00:00,0.0,45000.0,"POLYGON ((-96.6745199671893 32.742135196523456, -91.30878765631445 32.77255260359794, -91.00634079759575 29.86485148460848, -95.35 29.294524177054427, -98.49422173414594 30.376460168604456, -96.6745199671893 32.742135196523456))"
INDIA 2,2019-06-24 11:45:00+00:00,2019-06-24 15:45:00+00:00,0.0,31000.0,"POLYGON ((-57.05 42.5, -54 41.25, -58.15 37.45, -63.45 39.3, -57.05 42.5))"
45C,2019-06-24 11:55:00+00:00,2019-06-24 13:55:00+00:00,0.0,45000.0,"POLYGON ((-97.83264566211085 32.590874593384925, -97.02926813922292 31.864228306484492, -97.27 31.08171624231642, -99.53448378882781 31.811749939020554, -97.83264566211085 32.590874593384925))"
46C,2019-06-24 11:55:00+00:00,2019-06-24 13:55:00+00:00,0.0,45000.0,"POLYGON ((-97.00849702726147 32.19399812054296, -92.03042471212862 31.4251212919124, -91.02085376955117 29.508798744390294, -95.48544163943535 28.75749741507897, -97.33839060747451 29.979161807674643, -97.00849702726147 32.19399812054296))"
47C,2019-06-24 11:55:00+00:00,2019-06-24 13:55:00+00:00,0.0,45000.0,"POLYGON ((-89.08245656239839 36.480880923760125, -86.68 35.97363104426361, -88.91012369435754 31.199402798588817, -89.92648144644379 30.003684510733756, -90.1 32.596368955736395, -89.08245656239839 36.480880923760125))"
17E,2019-06-24 12:55:00+00:00,2019-06-24 14:55:00+00:00,0.0,35000.0,"POLYGON ((-83.41526102165861 39.012954026824886, -81.8166752600413 38.749806142763774, -82.03 38.25089313279083, -84.2146128334744 38.09675878106805, -85.12934480115818 38.452063200793475, -83.41526102165861 39.012954026824886))"
48C,2019-06-24 12:55:00+00:00,2019-06-24 14:55:00+00:00,0.0,45000.0,"POLYGON ((-97.27 32.15910686720918, -96.68363356061322 31.658659501556194, -96.58328600413182 31.06995703664485, -99.41172469265085 31.55697504783061, -97.27 32.15910686720918))"
49C,2019-06-24 12:55:00+00:00,2019-06-24 14:55:00+00:00,0.0,45000.0,"POLYGON ((-91.74001902142996 31.90482411935296, -89.86452436256722 29.732290241173157, -95.43600408756237 28.43885608175693, -97.2366343558858 29.764852796737184, -95.80205953072348 31.53747738328739, -91.74001902142996 31.90482411935296))"
50C,2019-06-24 12:55:00+00:00,2019-06-24 14:55:00+00:00,0.0,45000.0,"POLYGON ((-86.2813464230858 36.622484581265304, -88.63304941424472 30.4944329485803, -90.07351855355621 30.003684510733756, -89.35753417505256 31.615179270412522, -88.1742547581263 36.396560812866305, -86.2813464230858 36.622484581265304))"
DELTA 12,2019-06-24 13:40:00+00:00,2019-06-24 17:40:00+00:00,0.0,48000.0,"POLYGON ((-48.45 35, -48.15 33, -56.45 25.45, -62.15 25.15, -48.45 35))"
19E,2019-06-24 13:55:00+00:00,2019-06-24 15:55:00+00:00,0.0,39000.0,"POLYGON ((-78.56848498931308 28.36706140272879, -77.11144810324207 26.648937268035965, -78.88114592700765 27.120543956737375, -78.56848498931308 28.36706140272879))"
18E,2019-06-24 13:55:00+00:00,2019-06-24 15:55:00+00:00,0.0,34000.0,"POLYGON ((-82.48478120439444 39.10204291119678, -81.23884536694436 39.0020047615906, -81.4403234739822 38.55751690824934, -82.35376669395632 38.1347321418727, -83.41526102165861 39.012954026824886, -82.48478120439444 39.10204291119678))"
51C,2019-06-24 13:55:00+00:00,2019-06-24 15:55:00+00:00,0.0,45000.0,"POLYGON ((-96.29273930970562 31.656276482818313, -95.69206781145682 31.156348824025628, -97.75245439593239 30.84092624332239, -98.71582268410347 31.5364660419162, -96.29273930970562 31.656276482818313))"
52C,2019-06-24 13:55:00+00:00,2019-06-24 15:55:00+00:00,0.0,45000.0,"POLYGON ((-91.77882222363127 31.51265379423271, -89.72936646071624 29.614442852620375, -95.64277059200786 28.17015933080258, -97.78715740613077 29.050099161629138, -94.99563474524291 31.394987737935168, -91.77882222363127 31.51265379423271))"
53C,2019-06-24 13:55:00+00:00,2019-06-24 15:55:00+00:00,0.0,42000.0,"POLYGON ((-85.99644410708854 37.28209881891041, -85.85598104936543 36.137177784925875, -88.23987690090598 32.84932537218363, -88.23561062577686 34.45306037257408, -88.01984939778161 36.578220932134634, -85.99644410708854 37.28209881891041))"
54C,2019-06-24 13:55:00+00:00,2019-06-24 15:55:00+00:00,0.0,40000.0,"POLYGON ((-88.06182023918656 31.3444788351749, -87.82249822032324 30.91989264077524, -89.85363890109512 29.542509557529574, -90.40835229379195 30.202293638944663, -88.06182023918656 31.3444788351749))"
20E,2019-06-24 14:55:00+00:00,2019-06-24 16:55:00+00:00,0.0,38000.0,"POLYGON ((-80.82 39.586287181737326, -79.88548747037726 39.310502681590606, -80.1 38.91, -81.63844138533256 38.4426642611594, -82.55734280684787 39.157727033387204, -80.82 39.586287181737326))"
59C,2019-06-24 14:55:00+00:00,2019-06-24 16:55:00+00:00,0.0,26000.0,"POLYGON ((-89.47694577152205 43.75410579197134, -88.35596139864714 43.253541043241384, -88.3146137719161 42.29593745994526, -89.18073696862957 41.46595891017819, -90.3203870246769 43.139717324832354, -89.47694577152205 43.75410579197134))"
55C,2019-06-24 14:55:00+00:00,2019-06-24 16:55:00+00:00,0.0,45000.0,"POLYGON ((-96.48774017763321 31.380988855197657, -95.94303063671296 30.469807642584556, -98.20031823518194 30.378289244357866, -99.10284466402851 31.21139674257982, -96.48774017763321 31.380988855197657))"
57C,2019-06-24 14:55:00+00:00,2019-06-24 16:55:00+00:00,0.0,45000.0,"POLYGON ((-85.92569922301847 37.33780220092306, -84.74599101125602 36.51716284427753, -88.01736083489924 33.89793486873773, -86.81655030016908 35.87279013985722, -87.48145129516334 37.39540612405392, -85.92569922301847 37.33780220092306))"
21E,2019-06-24 14:55:00+00:00,2019-06-24 16:55:00+00:00,0.0,38000.0,"POLYGON ((-78.74418212207864 28.30571205617317, -77.11144810324207 26.648937268035965, -78.53402530115817 27.244510149211685, -78.74418212207864 28.30571205617317))"
56C,2019-06-24 14:55:00+00:00,2019-06-24 16:55:00+00:00,0.0,45000.0,"POLYGON ((-94.58269566290485 31.04228653006638, -90.94282940999933 30.60684665736516, -89.52835033643807 29.178786073129128, -95.8780275270073 27.837084685876338, -97.78715740613077 29.050099161629138, -94.58269566290485 31.04228653006638))"
60C,2019-06-24 14:55:00+00:00,2019-06-24 16:55:00+00:00,0.0,28000.0,"POLYGON ((-89.59 40.82726208852721, -89.2927119377827 39.73919674002744, -90.48 39.35910686720918, -90.27432686533069 40.1640017840607, -89.59 40.82726208852721))"
58C,2019-06-24 14:55:00+00:00,2019-06-24 16:55:00+00:00,0.0,38000.0,"POLYGON ((-87.50811427913604 31.533211565618476, -87.23070661195595 31.299398184331373, -89.52835033643807 29.178786073129128, -90.13547563743278 29.732290241173157, -87.50811427913604 31.533211565618476))"
INDIA 3,2019-06-24 15:45:00+00:00,2019-06-24 19:45:00+00:00,0.0,31000.0,"POLYGON ((-54.3 43.45, -52.15 42.15, -56.45 37, -62.45 39.45, -54.3 43.45))"
23E,2019-06-24 15:55:00+00:00,2019-06-24 17:55:00+00:00,0.0,36000.0,"POLYGON ((-78.69432779520058 27.668424375216095, -77.5015893220969 26.656542016532622, -78.73878081580237 27.171523100524404, -78.69432779520058 27.668424375216095))"
22E,2019-06-24 15:55:00+00:00,2019-06-24 17:55:00+00:00,0.0,36000.0,"POLYGON ((-79.04640686040929 39.91909934539824, -79.17107240924433 38.90631950483797, -81.50964099449256 38.08604095570915, -82.03 39.32828375768358, -80.42132940057357 39.7126340684442, -79.04640686040929 39.91909934539824))"
63C,2019-06-24 15:55:00+00:00,2019-06-24 17:55:00+00:00,0.0,45000.0,"POLYGON ((-85.509823874988 37.966412982941584, -84.24811839533952 36.76278758338395, -86.37091032803792 36.79641384688018, -87.50986678917866 36.41376592980676, -87.02686175935422 37.92772576787969, -85.509823874988 37.966412982941584))"
64C,2019-06-24 15:55:00+00:00,2019-06-24 17:55:00+00:00,0.0,45000.0,"POLYGON ((-86.9208058348533 31.70744244644544, -86.80921904567215 31.097068151541862, -88.36 29.862574363474636, -89.60324813824013 29.179083333729718, -89.88225654171822 29.747720681443706, -86.9208058348533 31.70744244644544))"
65C,2019-06-24 15:55:00+00:00,2019-06-24 17:55:00+00:00,0.0,30000.0,"POLYGON ((-89.76 44.128283757683576, -88.19 44.126287181737325, -88.03731801231721 41.88769100901339, -88.45681472938125 41.65214608321659, -89.76 43.11628718173732, -89.76 44.128283757683576))"
66C,2019-06-24 15:55:00+00:00,2019-06-24 17:55:00+00:00,0.0,31000.0,"POLYGON ((-88.72786107005582 41.24259618153052, -88.86000000000001 40.46285469710448, -89.38863878685184 39.329889105175454, -89.59 41.16, -88.72786107005582 41.24259618153052))"
62C,2019-06-24 15:55:00+00:00,2019-06-24 17:55:00+00:00,0.0,45000.0,"POLYGON ((-90.52782476944105 30.477725406782344, -89.52835033643807 29.178786073129128, -95.7356768585964 27.529148803528233, -98.02444373483362 28.717059469156037, -94.35096847175011 30.39094910831151, -90.52782476944105 30.477725406782344))"
67C,2019-06-24 15:55:00+00:00,2019-06-24 17:55:00+00:00,0.0,27000.0,"POLYGON ((-94.10948396145226 48.75888748410154, -92.48554979931848 48.311619474997826, -92.53130811347657 47.97842541245274, -93.763921107854 48.334174588015614, -94.10948396145226 48.75888748410154))"
61C,2019-06-24 15:55:00+00:00,2019-06-24 17:55:00+00:00,0.0,45000.0,"POLYGON ((-98.56424296641617 31.03963836001001, -96.19098075615804 31.273458639239355, -96.03298235946008 30.546441932338187, -98.18866225714201 29.875005050472808, -98.56424296641617 31.03963836001001))"
25E,2019-06-24 16:55:00+00:00,2019-06-24 18:55:00+00:00,0.0,35000.0,"POLYGON ((-78.69432779520058 27.668424375216095, -77.66332471370416 26.6593820359831, -78.73878081580237 27.171523100524404, -78.69432779520058 27.668424375216095))"
68C,2019-06-24 16:55:00+00:00,2019-06-24 18:55:00+00:00,0.0,45000.0,"POLYGON ((-97.748303144844 31.25019924335483, -95.65323048103936 30.824684368128874, -97.17561569012685 30.0728405294609, -98.12732885727854 29.6395848720242, -98.71598134464557 30.174018711206724, -97.748303144844 31.25019924335483))"
74C,2019-06-24 16:55:00+00:00,2019-06-24 18:55:00+00:00,0.0,28000.0,"POLYGON ((-94.01753790006407 48.734380542985406, -92.60613724098839 48.345893546322806, -92.2 47.667425636525365, -93.16113980774799 48.16903190768484, -94.01753790006407 48.734380542985406))"
24E,2019-06-24 16:55:00+00:00,2019-06-24 18:55:00+00:00,0.0,42000.0,"POLYGON ((-80.02017628089379 39.76257876057506, -78.41716005365173 39.55073746127342, -79.98477151439766 37.83587867484488, -81.28178033921161 38.08729935984582, -81.1495824883655 39.40471150290264, -80.02017628089379 39.76257876057506))"
72C,2019-06-24 16:55:00+00:00,2019-06-24 18:55:00+00:00,0.0,30000.0,"POLYGON ((-89.5908327140811 44.55143788671401, -87.54496470743041 44.36718090029983, -87.67616417013082 41.98978259180607, -88.57149525852827 41.988043363982484, -89.33675112025554 43.42188502607326, -89.5908327140811 44.55143788671401))"
70C,2019-06-24 16:55:00+00:00,2019-06-24 18:55:00+00:00,0.0,36000.0,"POLYGON ((-85.58 38.76547582294557, -83.06714213255336 37.84894240510372, -84.55003823998571 36.67626420156543, -87.81640095001096 35.752622829259515, -86.70542469117643 37.92529427799425, -85.58 38.76547582294557))"
71C,2019-06-24 16:55:00+00:00,2019-06-24 18:55:00+00:00,0.0,43000.0,"POLYGON ((-86.61901039387087 31.604828217834875, -86.02098960612913 31.604828217834875, -87.22533425646198 30.358295136734466, -89.39756107174146 28.923500816243394, -89.59452440575842 29.496458811560885, -86.61901039387087 31.604828217834875))"
69C,2019-06-24 16:55:00+00:00,2019-06-24 18:55:00+00:00,0.0,45000.0,"POLYGON ((-90.2212419157373 30.310930216173375, -89.39756107174146 28.923500816243394, -96.2275652615983 27.44903282648202, -98.2439503521684 28.603508537447617, -93.81910307555934 29.88342798996715, -90.2212419157373 30.310930216173375))"
73C,2019-06-24 16:55:00+00:00,2019-06-24 18:55:00+00:00,0.0,28000.0,"POLYGON ((-88.4774809034853 41.66753330180197, -87.87618129572203 40.30252572931338, -89.8796610192135 38.3878960443224, -88.86000000000001 40.07273791147279, -89.50563293993454 41.00626430771197, -88.4774809034853 41.66753330180197))"
DELTA 13,2019-06-24 17:40:00+00:00,2019-06-24 21:40:00+00:00,0.0,46000.0,"POLYGON ((-48.15 33, -48.45 30, -58 26, -57.45 28, -48.15 33))"
27E,2019-06-24 17:55:00+00:00,2019-06-24 19:55:00+00:00,0.0,45000.0,"POLYGON ((-84.3278407753758 39.0194087845338, -82.03 38.31628718173732, -86.1318033653737 35.28800419459453, -86.68 35.706287181737316, -86.10254901476702 38.507754313477484, -84.3278407753758 39.0194087845338))"
80C,2019-06-24 17:55:00+00:00,2019-06-24 19:55:00+00:00,0.0,33000.0,"POLYGON ((-89.89617474366992 45.32248572570233, -89.46 45.19628718173732, -89.5325070644341 43.14907513869738, -90.784760745415 42.26640955014252, -91.04648995664098 43.602534110636135, -89.89617474366992 45.32248572570233))"
79C,2019-06-24 17:55:00+00:00,2019-06-24 19:55:00+00:00,0.0,29000.0,"POLYGON ((-86.87178225132176 42.177593254329075, -87.07 40.993712818262686, -87.77090534784169 40.33657868272133, -88.91633743584347 40.64689357465589, -88.54316585985173 41.95048343938377, -86.87178225132176 42.177593254329075))"
26E,2019-06-24 17:55:00+00:00,2019-06-24 19:55:00+00:00,0.0,39000.0,"POLYGON ((-78.22350534344707 40.50941870756224, -77.57594520446507 39.30747676709137, -79.24 38.24821373441836, -80.87681908839345 38.240865441263644, -80.20974858241767 39.54783132195948, -78.22350534344707 40.50941870756224))"
82C,2019-06-24 17:55:00+00:00,2019-06-24 19:55:00+00:00,0.0,34000.0,"POLYGON ((-109.0526208259624 49.008349436087784, -106.63 47.72089313279082, -107.19323094999478 47.2963773494343, -108.89181826273175 47.94842893825933, -109.0526208259624 49.008349436087784))"
78C,2019-06-24 17:55:00+00:00,2019-06-24 19:55:00+00:00,0.0,36000.0,"POLYGON ((-88.19 45.225475822945576, -87.5407160130288 44.74916463865349, -87.06950679417278 42.24168069927437, -88.0202814926826 42.65859033182533, -88.8392839869712 44.74916463865349, -88.19 45.225475822945576))"
77C,2019-06-24 17:55:00+00:00,2019-06-24 19:55:00+00:00,0.0,40000.0,"POLYGON ((-85.94685617538487 31.450926878077023, -86.68 30.330893132790813, -89.22249703959575 28.858807022645482, -89.52835033643807 29.178786073129128, -87.06749249477605 30.829423366698553, -85.94685617538487 31.450926878077023))"
76C,2019-06-24 17:55:00+00:00,2019-06-24 19:55:00+00:00,0.0,45000.0,"POLYGON ((-93.11 30.14, -89.96541400032848 29.062292101762505, -89.81004349590133 28.564868342620546, -96.51520076063561 27.073434071141058, -98.38123189066211 27.8968028609315, -93.11 30.14))"
81C,2019-06-24 17:55:00+00:00,2019-06-24 19:55:00+00:00,0.0,35000.0,"POLYGON ((-105.55581208747374 48.920891508920796, -104.65268540330287 48.8509037935655, -104.14248675705123 47.22638072711033, -105.3867212641212 47.300862937665734, -105.55581208747374 48.920891508920796))"
75C,2019-06-24 17:55:00+00:00,2019-06-24 19:55:00+00:00,0.0,45000.0,"POLYGON ((-97.53 30.879106867209178, -95.79508348603176 30.88148138018567, -97.30963483202318 29.918700474297374, -98.46 29.64, -99.16916960458767 29.892779967894022, -97.53 30.879106867209178))"
JULIETT 1,2019-06-24 18:30:00+00:00,2019-06-24 22:30:00+00:00,0.0,48000.0,"POLYGON ((-79 27.15, -72.3 27.15, -72 26.15, -78.15 24.45, -79.15 25.45, -79 27.15))"
30E,2019-06-24 18:55:00+00:00,2019-06-24 20:55:00+00:00,0.0,45000.0,"POLYGON ((-79.8474184685021 37.748698344958115, -79.66560028668391 37.748698344958115, -79.66560028668391 37.56688016313993, -79.8474184685021 37.56688016313993, -79.8474184685021 37.748698344958115))"
88C,2019-06-24 18:55:00+00:00,2019-06-24 20:55:00+00:00,0.0,38000.0,"POLYGON ((-88.88529825006167 45.79453681943789, -89.1907855933347 42.8397535628891, -90.52928723181188 42.344533114413075, -90.35840128943025 43.54843953805785, -89.3135457375995 45.732133642297704, -88.88529825006167 45.79453681943789))"
87C,2019-06-24 18:55:00+00:00,2019-06-24 20:55:00+00:00,0.0,29000.0,"POLYGON ((-86.03515609355077 42.336409490486716, -86.24597453257056 41.63641008116298, -87.59873130548809 40.724771155993594, -88.49672359584103 40.407267401091865, -88.26002959071842 42.10008791967188, -86.03515609355077 42.336409490486716))"
90C,2019-06-24 18:55:00+00:00,2019-06-24 20:55:00+00:00,0.0,30000.0,"POLYGON ((-109.14737775718632 48.94723983436708, -107.71922956352256 48.93049851261048, -106.01133546553956 48.62725860798892, -106.69791228725605 46.88871353369526, -109.00572770859266 48.026316456631776, -109.14737775718632 48.94723983436708))"
29E,2019-06-24 18:55:00+00:00,2019-06-24 20:55:00+00:00,0.0,45000.0,"POLYGON ((-82.59 39.65089313279082, -80.69099427377796 38.71750841571271, -84.99404427366436 35.26731019226064, -86.73978426134461 34.962369672831116, -85.55652426086432 39.016868325683724, -82.59 39.65089313279082))"
28E,2019-06-24 18:55:00+00:00,2019-06-24 20:55:00+00:00,0.0,39000.0,"POLYGON ((-78.22350534344707 40.50941870756224, -77.57594520446507 39.30747676709137, -79.24 38.24821373441836, -80.87681908839345 38.240865441263644, -80.20974858241767 39.54783132195948, -78.22350534344707 40.50941870756224))"
91C,2019-06-24 18:55:00+00:00,2019-06-24 20:55:00+00:00,0.0,30000.0,"POLYGON ((-100.21495089866578 48.960884473654744, -97.23 48.85178626558166, -100.67 46.76, -101.82379386124454 48.61169289922544, -100.21495089866578 48.960884473654744))"
83C,2019-06-24 18:55:00+00:00,2019-06-24 20:55:00+00:00,0.0,45000.0,"POLYGON ((-95.80205953072348 31.53747738328739, -96.23989932951147 30.275343160522098, -98.73007270315655 29.404445190405358, -99.41705686131941 29.63656417232421, -96.85693801094986 31.30641264694936, -95.80205953072348 31.53747738328739))"
85C,2019-06-24 18:55:00+00:00,2019-06-24 20:55:00+00:00,0.0,45000.0,"POLYGON ((-86.60573715557297 30.983683695845393, -85.42341662632886 30.777611824452634, -86.68 29.998155221318033, -89.04765111827678 28.793887402199687, -89.33780512420762 29.177841928328096, -86.60573715557297 30.983683695845393))"
86C,2019-06-24 18:55:00+00:00,2019-06-24 20:55:00+00:00,0.0,30000.0,"POLYGON ((-88.03268166280253 45.62111207374287, -86.8382032601602 44.28072800509168, -86.52590404420567 42.34191398015517, -87.2777481387345 42.17932273021383, -88.36966002755602 44.86726941532978, -88.03268166280253 45.62111207374287))"
89C,2019-06-24 18:55:00+00:00,2019-06-24 20:55:00+00:00,0.0,31000.0,"POLYGON ((-105.37386091084502 49.036724003553964, -103.09559258107677 48.91751796511705, -102.43715419220507 47.935935526027805, -103.44675097191735 47.04901075422126, -104.82952098243902 46.69288351613736, -105.37386091084502 49.036724003553964))"
84C,2019-06-24 18:55:00+00:00,2019-06-24 20:55:00+00:00,0.0,45000.0,"POLYGON ((-93.11 30.14, -89.96541400032848 29.062292101762505, -89.81004349590133 28.564868342620546, -96.51520076063561 27.073434071141058, -98.38123189066211 27.8968028609315, -93.11 30.14))"
92C,2019-06-24 18:55:00+00:00,2019-06-24 20:55:00+00:00,0.0,35000.0,"POLYGON ((-94.34380769498172 48.82090520098822, -93.66142393231064 48.569726314772886, -92.47665036357643 46.33855008725631, -95.03954859981103 45.63967442875844, -94.34380769498172 48.82090520098822))"
INDIA 4,2019-06-24 19:45:00+00:00,2019-06-24 23:45:00+00:00,0.0,31000.0,"POLYGON ((-51.3 41, -53.45 38.3, -59.3 37.45, -62.15 39, -51.3 41))"
95C,2019-06-24 19:55:00+00:00,2019-06-24 21:55:00+00:00,,,"POLYGON ((-84.59258483814382 31.55283806456016, -84.6492786226217 30.50646378781739, -88.36 30.22762950699681, -90.1 28.90090528166489, -90.46054957034607 28.86375757859969, -84.59258483814382 31.55283806456016))"
31E,2019-06-24 19:55:00+00:00,2019-06-24 21:55:00+00:00,0.0,39000.0,"POLYGON ((-77.3388914928302 40.504143446833325, -76.80704053120766 39.44454691412842, -77.72886341648189 38.37278280386299, -80.61188626590541 37.94488486428437, -78.65496170653375 40.264543133179195, -77.3388914928302 40.504143446833325))"
03C,2019-06-24 19:55:00+00:00,2019-06-24 21:55:00+00:00,0.0,33000.0,"POLYGON ((-94.4247576688443 48.84218414896787, -93.41 48.57, -91.48 45.76742563652537, -93.6357074297979 43.62385986951361, -94.27942498261235 43.85345965633978, -94.4247576688443 48.84218414896787))"
32E,2019-06-24 19:55:00+00:00,2019-06-24 21:55:00+00:00,0.0,45000.0,"POLYGON ((-82.37234230022847 40.14979624301195, -80.49435117651517 38.78200285313742, -84.40214356703616 34.703039140738355, -86.74438937422312 34.45306037257408, -84.86461076319095 39.327294330677184, -82.37234230022847 40.14979624301195))"
02C,2019-06-24 19:55:00+00:00,2019-06-24 21:55:00+00:00,0.0,32000.0,"POLYGON ((-99.84989839295015 49.19225649697778, -97.23 48.85178626558166, -100.18444626341996 45.5154309709172, -101.09757894338395 48.56724994701983, -99.84989839295015 49.19225649697778))"
93C,2019-06-24 19:55:00+00:00,2019-06-24 21:55:00+00:00,0.0,45000.0,"POLYGON ((-96.7199410980242 31.188257217783516, -96.30847885099077 30.780015995074447, -96.9847908555858 29.346526158659557, -98.75123884803914 29.02486242619867, -99.34143101478287 29.318752834249235, -96.7199410980242 31.188257217783516))"
01C,2019-06-24 19:55:00+00:00,2019-06-24 21:55:00+00:00,0.0,37000.0,"POLYGON ((-109.0526208259624 49.008349436087784, -107.88613908915497 49.036724003553964, -105.95 47.37821373441836, -105.95 46.38, -108.48977905441616 47.771089088444036, -109.0526208259624 49.008349436087784))"
05C,2019-06-24 19:55:00+00:00,2019-06-24 21:55:00+00:00,0.0,29000.0,"POLYGON ((-102.77 46.028155221318045, -101.44730170768868 45.54079190811345, -101.44210890212847 44.0007984374361, -103.3602929059045 43.36464192548287, -103.69859531173957 45.63603036931499, -102.77 46.028155221318045))"
99C,2019-06-24 19:55:00+00:00,2019-06-24 21:55:00+00:00,0.0,37000.0,"POLYGON ((-101.29 48.92547582294557, -101.00566614760469 47.798532597267034, -104.98541149797646 46.37594473294722, -106.09662853996005 48.57169463376777, -103.09559258107677 48.91751796511705, -101.29 48.92547582294557))"
98C,2019-06-24 19:55:00+00:00,2019-06-24 21:55:00+00:00,0.0,38000.0,"POLYGON ((-88.58479919753727 45.37198160444486, -89.24852641854315 41.77431797741142, -91.3566996288134 41.05860636155787, -92.40281849536122 42.10549501979, -89.46 44.96452417705444, -88.58479919753727 45.37198160444486))"
96C,2019-06-24 19:55:00+00:00,2019-06-24 21:55:00+00:00,0.0,29000.0,"POLYGON ((-87.73722345242278 45.327637812153355, -85.18805266650705 45.28425194436748, -84.40579069726029 43.7648198625322, -85.90864482005092 41.641932219960715, -86.63431200639785 41.53428953031543, -87.73722345242278 45.327637812153355))"
94C,2019-06-24 19:55:00+00:00,2019-06-24 21:55:00+00:00,0.0,45000.0,"POLYGON ((-93.7861456589506 29.55006451683722, -93.54766539449795 29.217044952265425, -95.45334757949443 26.91284727291372, -97.80810934579802 26.841598529642358, -98.30704593054054 27.57895533621855, -93.7861456589506 29.55006451683722))"
97C,2019-06-24 19:55:00+00:00,2019-06-24 21:55:00+00:00,0.0,33000.0,"POLYGON ((-89.27636315627971 41.39485673598984, -86.7592147890584 40.79486564346044, -88.36043152924202 38.399041526900064, -90.08451116624401 38.98666700716526, -91.02952573007354 40.310846241647965, -89.27636315627971 41.39485673598984))"
04C,2019-06-24 19:55:00+00:00,2019-06-24 21:55:00+00:00,0.0,39000.0,"POLYGON ((-98.18759430942075 45.727265122967516, -94.29 43.27547582294557, -95.128783973669 42.861614920392995, -98.49374053276246 44.14660037205853, -98.70381300365165 45.1842312412767, -98.18759430942075 45.727265122967516))"
DELTA 14,2019-06-24 20:20:00+00:00,2019-06-25 00:20:00+00:00,0.0,40000.0,"POLYGON ((-55 28, -53.3 26.45, -60.45 24.3, -62 25.45, -55 28))"
KILO 1,2019-06-24 20:20:00+00:00,2019-06-25 00:20:00+00:00,0.0,42000.0,"POLYGON ((-46.15 34.15, -43.45 33.3, -48.3 27.45, -51.45 29, -46.15 34.15))"
35E,2019-06-24 20:55:00+00:00,2019-06-24 22:55:00+00:00,0.0,45000.0,"POLYGON ((-84.22490825870453 31.793549616157122, -83.87391215808178 30.80804519683489, -85.05671299195751 29.78473490538728, -86.21416849172532 30.66319184487032, -84.22490825870453 31.793549616157122))"
33E,2019-06-24 20:55:00+00:00,2019-06-24 22:55:00+00:00,0.0,39000.0,"POLYGON ((-77.18263570516746 39.12704568313888, -76.75791421127902 38.325394994696175, -78.72349062240698 37.65778925404902, -79.24510310078773 38.630252375450375, -77.18263570516746 39.12704568313888))"
14C,2019-06-24 20:55:00+00:00,2019-06-24 22:55:00+00:00,0.0,45000.0,"POLYGON ((-100.39183824152293 31.75604903999766, -100.02820187788656 31.75604903999766, -100.02820187788656 31.392412676361293, -100.39183824152293 31.392412676361293, -100.39183824152293 31.75604903999766))"
08C,2019-06-24 20:55:00+00:00,2019-06-24 22:55:00+00:00,0.0,29000.0,"POLYGON ((-88.85966948473893 47.23360784133824, -84.73688012374478 44.66711522435714, -85.85834302813636 44.135318157637066, -89.16655534153885 45.83407948398422, -88.85966948473893 47.23360784133824))"
12C,2019-06-24 20:55:00+00:00,2019-06-24 22:55:00+00:00,0.0,33000.0,"POLYGON ((-90.2209872091269 45.406167346698844, -92.34021575786447 43.08573467693125, -94.27942498261235 43.85345965633978, -93.99674713096898 45.088807239375136, -90.2209872091269 45.406167346698844))"
34E,2019-06-24 20:55:00+00:00,2019-06-24 22:55:00+00:00,0.0,45000.0,"POLYGON ((-81.85 41.08726208852722, -79.49122735773099 39.378986970685496, -83.53103639459063 34.23866700707154, -86.9 33.17089313279082, -84.37086708516584 39.674707018512514, -81.85 41.08726208852722))"
07C,2019-06-24 20:55:00+00:00,2019-06-24 22:55:00+00:00,0.0,45000.0,"POLYGON ((-94.91310007556963 29.03705019452595, -95.38324899694923 26.758684294582924, -97.7735766993411 26.272389764600202, -98.66989995401352 27.477989937579256, -94.91310007556963 29.03705019452595))"
09C,2019-06-24 20:55:00+00:00,2019-06-24 22:55:00+00:00,0.0,38000.0,"POLYGON ((-89.09976093320796 45.014610217441486, -88.01033997244397 44.86726941532978, -86.64434866244261 39.017861156669376, -89.8796610192135 38.3878960443224, -91.75598326556594 42.71359337856477, -89.09976093320796 45.014610217441486))"
10C,2019-06-24 20:55:00+00:00,2019-06-24 22:55:00+00:00,0.0,37000.0,"POLYGON ((-96.74400538294951 49.08044757717299, -99.45871954896529 45.09647552056244, -104.91345555906031 47.081203486840934, -105.37386091084502 49.036724003553964, -96.74400538294951 49.08044757717299))"
13C,2019-06-24 20:55:00+00:00,2019-06-24 22:55:00+00:00,0.0,39000.0,"POLYGON ((-97.2256733038903 44.4176657791734, -93.54025454550185 43.0261407721335, -94.29 42.277262088527216, -98.15944103666924 43.641705690060455, -97.2256733038903 44.4176657791734))"
11C,2019-06-24 20:55:00+00:00,2019-06-24 22:55:00+00:00,0.0,37000.0,"POLYGON ((-110.06113418681633 49.00075009508705, -106.63 48.88547582294557, -106.9865444409397 47.081203486840934, -109.54 47.73547582294556, -110.06113418681633 49.00075009508705))"
06C,2019-06-24 20:55:00+00:00,2019-06-24 22:55:00+00:00,0.0,45000.0,"POLYGON ((-96.58328600413182 31.06995703664485, -96.0177661794798 29.374504975625655, -98.96739629600366 28.5631007091971, -99.34143101478287 29.318752834249235, -96.58328600413182 31.06995703664485))"
INDIA 5,2019-06-24 21:55:00+00:00,2019-06-25 01:55:00+00:00,0.0,37000.0,"POLYGON ((-52.15 40.15, -52 37.3, -59 35, -63.15 38.15, -52.15 40.15))"
36E,2019-06-24 21:55:00+00:00,2019-06-24 23:55:00+00:00,0.0,43000.0,"POLYGON ((-76.77667787302461 39.06415897446235, -76.18917119665441 38.12673887542101, -78.04889615179155 37.497760765197235, -78.72169904870017 38.36028231731026, -76.77667787302461 39.06415897446235))"
15C,2019-06-24 21:55:00+00:00,2019-06-24 23:55:00+00:00,0.0,45000.0,"POLYGON ((-96.52453731204442 30.37615088275426, -96.183455368752 29.027073305853563, -99.42 28.05828375768358, -98.61375888944404 29.695236220692063, -96.52453731204442 30.37615088275426))"
37E,2019-06-24 21:55:00+00:00,2019-06-24 23:55:00+00:00,0.0,45000.0,"POLYGON ((-80.67892236130145 41.18197536610685, -78.41716005365173 39.55073746127342, -82.73086966870014 34.228112336584026, -86.00392407002113 33.04748552331121, -83.70913291483416 39.674707018512514, -80.67892236130145 41.18197536610685))"
38E,2019-06-24 21:55:00+00:00,2019-06-24 23:55:00+00:00,0.0,45000.0,"POLYGON ((-83.89908695166504 31.659404218433295, -83.19585003164126 30.949965644709856, -84.64342423731986 29.784852534521278, -85.50729061490058 30.394898643962318, -83.89908695166504 31.659404218433295))"
20C,2019-06-24 21:55:00+00:00,2019-06-24 23:55:00+00:00,0.0,37000.0,"POLYGON ((-95.92670327639699 43.90150155603103, -92.69055309732013 42.617648947382754, -93.47933300322434 41.747283978816064, -97.62609187862887 43.392204869410456, -95.92670327639699 43.90150155603103))"
21C,2019-06-24 21:55:00+00:00,2019-06-24 23:55:00+00:00,0.0,45000.0,"POLYGON ((-102.61221994908841 33.10980723833875, -99.56014927195703 31.86482466735543, -99.82 31.099106867209183, -102.82282950156774 32.222241238755984, -102.61221994908841 33.10980723833875))"
16C,2019-06-24 21:55:00+00:00,2019-06-24 23:55:00+00:00,0.0,45000.0,"POLYGON ((-94.91310007556963 29.03705019452595, -94.33009926535189 26.980996567516318, -97.89351961065984 26.110094613862955, -98.4823813577667 27.47685931344447, -94.91310007556963 29.03705019452595))"
19C,2019-06-24 21:55:00+00:00,2019-06-24 23:55:00+00:00,0.0,35000.0,"POLYGON ((-103.66916342484141 44.44867750701674, -100.39281517247186 44.38976354819577, -100.77246493226801 43.312410255357776, -103.27339088148842 43.51858137178915, -103.66916342484141 44.44867750701674))"
17C,2019-06-24 21:55:00+00:00,2019-06-24 23:55:00+00:00,0.0,38000.0,"POLYGON ((-87.69165932642032 44.9118427025946, -86.81884796222741 39.48920384382593, -88.86000000000001 38.90815522131804, -93.68327647786064 44.10061077371012, -90.61186723044263 43.801512627072945, -87.69165932642032 44.9118427025946))"
18C,2019-06-24 21:55:00+00:00,2019-06-24 23:55:00+00:00,0.0,36000.0,"POLYGON ((-95.5240646672234 49.123808537594876, -97.7671057582472 44.351628755563894, -109.25712094957268 47.5307685319706, -109.96349469094572 48.847248359196136, -95.5240646672234 49.123808537594876))"
28C,2019-06-24 22:55:00+00:00,2019-06-25 00:55:00+00:00,0.0,45000.0,"POLYGON ((-102.27731836324418 33.39277474316051, -99.07077032781568 32.20091175217708, -99.75581255831767 30.466418113733972, -102.45251748474574 32.54399446102241, -102.27731836324418 33.39277474316051))"
41E,2019-06-24 22:55:00+00:00,2019-06-25 00:55:00+00:00,0.0,45000.0,"POLYGON ((-83.50818392904688 31.657616916745877, -82.51 30.874524177054425, -83.80703713433742 29.928314528563, -84.8856627940191 30.58990711197348, -83.50818392904688 31.657616916745877))"
40E,2019-06-24 22:55:00+00:00,2019-06-25 00:55:00+00:00,0.0,45000.0,"POLYGON ((-80.29 41.520893132790825, -77.77970008517347 39.75193249207466, -82.55999199161954 33.70935540766096, -85.94138206292028 32.79319822755399, -83.19157105366052 39.95744127610337, -80.29 41.520893132790825))"
39E,2019-06-24 22:55:00+00:00,2019-06-25 00:55:00+00:00,0.0,43000.0,"POLYGON ((-76.04863463534782 39.174152104463246, -75.51 38.01726208852721, -77.23991463364426 37.346268071597756, -77.87 38.64, -76.04863463534782 39.174152104463246))"
23C,2019-06-24 22:55:00+00:00,2019-06-25 00:55:00+00:00,0.0,45000.0,"POLYGON ((-94.54100709987355 29.251685506579413, -93.7040027332749 27.780030677008774, -97.89351961065984 26.110094613862955, -99.06364776186669 26.711022765552116, -94.54100709987355 29.251685506579413))"
26C,2019-06-24 22:55:00+00:00,2019-06-25 00:55:00+00:00,0.0,36000.0,"POLYGON ((-95.05024177980495 49.00409306069488, -97.60096026152543 44.235283917443205, -105.67077424842944 46.840776832747025, -106.63 49.05184477868196, -95.05024177980495 49.00409306069488))"
24C,2019-06-24 22:55:00+00:00,2019-06-25 00:55:00+00:00,0.0,38000.0,"POLYGON ((-86.55474972059689 45.37147468749988, -86.63203234726704 40.55917307197134, -88.08846704653378 40.32566082432472, -89.35835490091544 42.39206062240994, -93.00657858545125 43.32482692374724, -86.55474972059689 45.37147468749988))"
27C,2019-06-24 22:55:00+00:00,2019-06-25 00:55:00+00:00,0.0,35000.0,"POLYGON ((-100.2493295194107 44.543670122430434, -100.51268555743486 43.77463421072064, -103.18604439369008 43.672454666253074, -103.83560363585354 44.56524985133362, -100.2493295194107 44.543670122430434))"
22C,2019-06-24 22:55:00+00:00,2019-06-25 00:55:00+00:00,0.0,45000.0,"POLYGON ((-97.6943482415169 29.637801042878127, -95.56944537883241 29.498703567718135, -99.55274371655932 27.597577651103027, -100.33560159175852 28.437067538002406, -97.6943482415169 29.637801042878127))"
25C,2019-06-24 22:55:00+00:00,2019-06-25 00:55:00+00:00,0.0,45000.0,"POLYGON ((-88.95970901882727 47.40050605178972, -86.36403872349275 47.05120839327068, -86.390451400189 45.63967442875844, -88.27052963967621 45.623827631785474, -88.95970901882727 47.40050605178972))"
43E,2019-06-24 23:55:00+00:00,2019-06-25 01:55:00+00:00,0.0,45000.0,"POLYGON ((-80.11036901747197 41.96453499318852, -77.50053055175388 39.66481558678494, -82.03725585533314 33.60771219118572, -85.45335756783228 32.84530945069597, -82.44466591011313 40.41704161052461, -80.11036901747197 41.96453499318852))"
44E,2019-06-24 23:55:00+00:00,2019-06-25 01:55:00+00:00,0.0,45000.0,"POLYGON ((-82.98098722590377 31.705111860147515, -82.25181316195408 31.005475972924508, -83.52220245549222 30.008072588186938, -84.46864656547791 30.502173476419838, -82.98098722590377 31.705111860147515))"
42E,2019-06-24 23:55:00+00:00,2019-06-25 01:55:00+00:00,0.0,43000.0,"POLYGON ((-75.79428991466973 38.8839225415902, -75.79012591566524 37.81540113263854, -76.95554645959167 37.49944018143982, -77.04 38.86, -75.79428991466973 38.8839225415902))"
34C,2019-06-24 23:55:00+00:00,2019-06-25 01:55:00+00:00,0.0,45000.0,"POLYGON ((-101.91 33.533631044263615, -98.95219480377689 32.15840686504874, -99.82 30.100893132790823, -102.4163910612882 32.470913742071424, -101.91 33.533631044263615))"
31C,2019-06-24 23:55:00+00:00,2019-06-25 01:55:00+00:00,0.0,38000.0,"POLYGON ((-89.5507959917722 45.47625909779115, -84.71801831885767 43.71922962196658, -86.66459838819179 40.6866254995416, -92.64657065498042 43.08796648240902, -89.5507959917722 45.47625909779115))"
29C,2019-06-24 23:55:00+00:00,2019-06-25 01:55:00+00:00,0.0,45000.0,"POLYGON ((-98.9857472701459 28.40155436335463, -98.4823813577667 27.47685931344447, -99.42 27.313631044263612, -100.08658534258933 28.066613842301024, -98.9857472701459 28.40155436335463))"
32C,2019-06-24 23:55:00+00:00,2019-06-25 01:55:00+00:00,0.0,45000.0,"POLYGON ((-88.73084624109953 47.69730349224791, -86.18874062039127 47.16715726236042, -86.5134435539389 46.09189651976792, -88.0703678797 46.53904599343952, -88.73084624109953 47.69730349224791))"
30C,2019-06-24 23:55:00+00:00,2019-06-25 01:55:00+00:00,0.0,45000.0,"POLYGON ((-94.27384345220017 29.0145032395411, -94.07093098050963 26.74170788992153, -97.74995228499183 25.919530440197065, -99.42 26.64815522131804, -94.27384345220017 29.0145032395411))"
33C,2019-06-24 23:55:00+00:00,2019-06-25 01:55:00+00:00,0.0,36000.0,"POLYGON ((-104.06440741892322 48.917517965117064, -95.05024177980495 49.00409306069488, -96.51398394737532 44.11080770622415, -102.22073961092025 45.936441423790576, -104.06440741892322 48.917517965117064))"
2E,2019-06-25 00:55:00+00:00,2019-06-25 02:55:00+00:00,0.0,45000.0,"POLYGON ((-77.14574803034947 41.761730742976304, -81.27877833718229 33.39867376919635, -83.87813001962584 33.150908393169914, -81.03927890523653 37.93367736586215, -81.85 40.920893132790816, -77.14574803034947 41.761730742976304))"
3E,2019-06-25 00:55:00+00:00,2019-06-25 02:55:00+00:00,0.0,45000.0,"POLYGON ((-82.87020104054714 31.412161861705066, -81.7832759799645 30.57499714509143, -82.69600381644669 29.726863603209576, -83.96422452094399 30.39943315675927, -82.87020104054714 31.412161861705066))"
1E,2019-06-25 00:55:00+00:00,2019-06-25 02:55:00+00:00,0.0,45000.0,"POLYGON ((-85.90864482005092 41.641932219960715, -85.19 41.31273791147277, -86.91632679447427 37.92698828417791, -87.9550371158813 37.99350575617568, -85.90864482005092 41.641932219960715))"
1C,2019-06-25 00:55:00+00:00,2019-06-25 02:55:00+00:00,0.0,45000.0,"POLYGON ((-99.42 28.14547582294557, -98.66989995401352 27.477989937579256, -99.42 27.14726208852722, -99.9526914525119 27.949547778573937, -99.42 28.14547582294557))"
3C,2019-06-25 00:55:00+00:00,2019-06-25 02:55:00+00:00,0.0,38000.0,"POLYGON ((-89.46 44.96452417705444, -85.10821526268333 43.90061673907604, -86.02389893118016 42.31626285847444, -91.38586530156654 42.39801502377745, -89.46 44.96452417705444))"
2C,2019-06-25 00:55:00+00:00,2019-06-25 02:55:00+00:00,0.0,45000.0,"POLYGON ((-95.24596869650843 27.814712502074258, -94.23600001250905 25.88608590571786, -97.64107654553074 25.68448511222165, -99.42 26.64815522131804, -95.24596869650843 27.814712502074258))"
4C,2019-06-25 00:55:00+00:00,2019-06-25 02:55:00+00:00,0.0,45000.0,"POLYGON ((-88.73084624109953 47.69730349224791, -86.18874062039127 47.16715726236042, -86.5134435539389 46.09189651976792, -88.0703678797 46.53904599343952, -88.73084624109953 47.69730349224791))"
5C,2019-06-25 00:55:00+00:00,2019-06-25 02:55:00+00:00,0.0,36000.0,"POLYGON ((-101.29 49.09184477868196, -95.05024177980495 49.00409306069488, -96.51398394737532 44.11080770622415, -99.55503962166155 45.413872714911115, -101.29 49.09184477868196))"
6C,2019-06-25 00:55:00+00:00,2019-06-25 02:55:00+00:00,0.0,45000.0,"POLYGON ((-101.75639575577044 34.007314789155345, -98.59087818783965 32.0279606345741, -99.82 29.76815522131804, -102.19 32.675475822945565, -101.75639575577044 34.007314789155345))"
INDIA 6,2019-06-25 01:45:00+00:00,2019-06-25 05:45:00+00:00,0.0,38000.0,"POLYGON ((-53 39, -52.15 37.3, -58.15 34.3, -63 37.15, -53 39))"
10C,2019-06-25 01:55:00+00:00,2019-06-25 03:55:00+00:00,0.0,45000.0,"POLYGON ((-101.3038575358092 34.6217031276081, -97.40138625966507 30.64706929060161, -101.84683123928569 29.742949417867504, -102.17436285308725 33.1654535232839, -101.3038575358092 34.6217031276081))"
4E,2019-06-25 01:55:00+00:00,2019-06-25 03:55:00+00:00,0.0,38000.0,"POLYGON ((-83.99066421541437 42.01732415425378, -86.02632305749961 37.74623219634285, -87.12723753617452 37.92830588633819, -85.42776382065188 41.76654836118697, -83.99066421541437 42.01732415425378))"
5E,2019-06-25 01:55:00+00:00,2019-06-25 03:55:00+00:00,0.0,45000.0,"POLYGON ((-76.34992582273304 41.73704900914087, -80.46197175845735 33.24221389255473, -83.08043900062775 33.388250343201264, -80.34387945728784 38.44863091008301, -81.2269939646964 40.94775026199233, -76.34992582273304 41.73704900914087))"
8C,2019-06-25 01:55:00+00:00,2019-06-25 03:55:00+00:00,0.0,34000.0,"POLYGON ((-89.5908327140811 44.55143788671401, -84.68928703628106 44.4120917414859, -85.69990092282997 41.959335659346415, -88.57149525852827 41.988043363982484, -89.5908327140811 44.55143788671401))"
9C,2019-06-25 01:55:00+00:00,2019-06-25 03:55:00+00:00,0.0,34000.0,"POLYGON ((-100.90280668545938 48.874175365897585, -94.33892142051567 47.38697892118768, -95.57030834990331 43.700622664498766, -98.06262923881218 44.02485811131984, -100.90280668545938 48.874175365897585))"
7C,2019-06-25 01:55:00+00:00,2019-06-25 03:55:00+00:00,0.0,45000.0,"POLYGON ((-95.37794551960326 27.93332117316752, -94.20037807073501 26.861411295604036, -97.38 25.753631044263614, -99.42 26.481786265581647, -95.37794551960326 27.93332117316752))"
6E,2019-06-25 02:55:00+00:00,2019-06-25 04:55:00+00:00,0.0,38000.0,"POLYGON ((-80.0409298034204 41.13728665960522, -77.53034313629941 39.946163367663594, -80.18028232156867 33.007562329888366, -82.38838489201828 33.248674962901866, -80.1 38.57726208852722, -80.0409298034204 41.13728665960522))"
12C,2019-06-25 02:55:00+00:00,2019-06-25 04:55:00+00:00,0.0,34000.0,"POLYGON ((-86.88721010774728 44.934626529224666, -86.49622147564845 43.16909367012427, -87.85972422967023 42.99189667584264, -89.2744872825769 44.87322028964482, -86.88721010774728 44.934626529224666))"
14C,2019-06-25 02:55:00+00:00,2019-06-25 04:55:00+00:00,0.0,35000.0,"POLYGON ((-101.8540649105387 43.97417310994623, -99.80731444256514 43.77463421072064, -101.53701075378261 41.63553968457921, -103.13456699787683 42.50430486279821, -101.8540649105387 43.97417310994623))"
13C,2019-06-25 02:55:00+00:00,2019-06-25 04:55:00+00:00,0.0,34000.0,"POLYGON ((-98.57703985231994 48.323694102740454, -94.11300950337245 47.32174589486951, -95.13 43.63815522131805, -98.06262923881218 44.02485811131984, -98.57703985231994 48.323694102740454))"
15C,2019-06-25 02:55:00+00:00,2019-06-25 04:55:00+00:00,0.0,45000.0,"POLYGON ((-100.52268569264815 34.830894812433435, -97.30754560406761 30.84092624332239, -101.83211056267488 29.737792400322206, -102.06250889743588 33.39249647838928, -100.52268569264815 34.830894812433435))"
11C,2019-06-25 02:55:00+00:00,2019-06-25 04:55:00+00:00,0.0,45000.0,"POLYGON ((-95.8780275270073 27.837084685876338, -94.20037807073501 26.861411295604036, -97.38 25.753631044263614, -99.42 26.481786265581647, -95.8780275270073 27.837084685876338))"
LIMA 1,2019-06-25 03:55:00+00:00,2019-06-25 07:55:00+00:00,0.0,47000.0,"POLYGON ((-50.5 30.15, -47.45 28.45, -47.4 24.45, -49.05 24.55, -50 28.1, -52.55 29.05, -50.5 30.15))"
16C,2019-06-25 03:55:00+00:00,2019-06-25 05:55:00+00:00,0.0,45000.0,"POLYGON ((-96.31 27.89257436347464, -95.73799481477053 26.51930474756988, -97.38 25.77542906057911, -99.11006075057965 26.811826673664495, -96.31 27.89257436347464))"
17C,2019-06-25 03:55:00+00:00,2019-06-25 05:55:00+00:00,0.0,34000.0,"POLYGON ((-86.68330495356432 44.996366537663505, -85.75872563216134 43.37411039988231, -86.83287687776331 43.167262496166266, -88.0467782517775 44.457683313307086, -86.68330495356432 44.996366537663505))"
7E,2019-06-25 03:55:00+00:00,2019-06-25 05:55:00+00:00,0.0,38000.0,"POLYGON ((-78.99777239798802 40.627288862919436, -77.87309876831033 40.04255136772626, -77.61563465826421 37.26434990652289, -80.45862342555714 32.536380255278786, -81.85602326766535 33.09480759313287, -78.99777239798802 40.627288862919436))"
20C,2019-06-25 03:55:00+00:00,2019-06-25 05:55:00+00:00,0.0,45000.0,"POLYGON ((-98.94575117331155 32.795030997392566, -97.35171469011938 30.44354562620676, -101.47366388165645 29.103487265444112, -102.56860829460385 32.77796287137032, -98.94575117331155 32.795030997392566))"
19C,2019-06-25 03:55:00+00:00,2019-06-25 05:55:00+00:00,0.0,39000.0,"POLYGON ((-103.43628853297166 43.85187320963482, -99.34506006207512 43.798880893317516, -101.22050637600533 41.401967973282666, -103.13456699787683 42.50430486279821, -103.43628853297166 43.85187320963482))"
18C,2019-06-25 03:55:00+00:00,2019-06-25 05:55:00+00:00,0.0,34000.0,"POLYGON ((-97.28533995069542 48.10366550750073, -93.6568432998053 46.96421738968327, -94.29 43.10910686720918, -97.43547111789492 44.11869922293395, -97.28533995069542 48.10366550750073))"
SIERRA 1,2019-06-25 04:13:00+00:00,2019-06-25 08:15:00+00:00,0.0,57000.0,"POLYGON ((-167.5 8.1, -151 8, -150.3 5.3, -168 4.1, -167.5 8.1))"
TANGO 1,2019-06-25 04:18:00+00:00,2019-06-25 08:20:00+00:00,0.0,53000.0,"POLYGON ((130 21, 133.4 20.5, 130 17.2, 130 21))"
9E,2019-06-25 04:55:00+00:00,2019-06-25 06:55:00+00:00,,,"POLYGON ((-79.56773639785726 34.19785110939092, -79.81393569788398 32.95512240421042, -80.2017085112772 32.79722545821092, -79.37830428911903 34.13369913218846, -79.75693200799664 33.01566270772453, -80.27713324024076 32.9824580424416, -79.88936042684753 33.1403549884411, -79.94636411673487 33.07981468492699, -79.56773639785726 34.19785110939092))"
22C,2019-06-25 04:55:00+00:00,2019-06-25 06:55:00+00:00,0.0,34000.0,"POLYGON ((-85.73799160533895 44.72517080683079, -85.65650475789364 43.837194664144235, -86.436447322764 43.16931560818202, -87.58130525631151 44.558383509211474, -85.73799160533895 44.72517080683079))"
23C,2019-06-25 04:55:00+00:00,2019-06-25 06:55:00+00:00,0.0,30000.0,"POLYGON ((-97.49013026610682 45.67129918929541, -93.8160696945472 43.44189692972724, -94.77226050222166 42.961914066875394, -98.18956979807193 45.11244770042753, -97.49013026610682 45.67129918929541))"
8E,2019-06-25 04:55:00+00:00,2019-06-25 06:55:00+00:00,0.0,44000.0,"POLYGON ((-78.43034429202278 40.91916249754871, -77.07 40.632737911472795, -77.46851682400714 37.61754771702415, -78.65250593071032 36.777982519131015, -79.24 37.08363104426361, -78.43034429202278 40.91916249754871))"
21C,2019-06-25 04:55:00+00:00,2019-06-25 06:55:00+00:00,0.0,45000.0,"POLYGON ((-97.83804421273247 27.54650673740423, -95.66178901995272 26.546515973738497, -97.38 25.753631044263614, -98.99295837641174 26.557120646137072, -97.83804421273247 27.54650673740423))"
24C,2019-06-25 04:55:00+00:00,2019-06-25 06:55:00+00:00,0.0,38000.0,"POLYGON ((-98.53050440883847 44.37841537532628, -97.26490228280477 43.296049537978774, -98.86178239620638 42.16246162052927, -101.22050637600533 41.401967973282666, -101.2875108434539 43.50387311334721, -98.53050440883847 44.37841537532628))"
25C,2019-06-25 04:55:00+00:00,2019-06-25 06:55:00+00:00,0.0,45000.0,"POLYGON ((-100.70336386541864 33.1830360781015, -98.94575117331155 32.795030997392566, -97.68306198905013 31.30641264694936, -101.12227268034187 29.23220398273427, -102.68111905585819 31.56447584895519, -100.70336386541864 33.1830360781015))"
26C,2019-06-25 04:55:00+00:00,2019-06-25 06:55:00+00:00,0.0,30000.0,"POLYGON ((-95.71136745127951 47.1073469278029, -93.51538309170944 46.701772796556845, -94.57427637985387 45.42646464493681, -95.71136745127951 47.1073469278029))"
FOXTROT 1,2019-06-25 05:35:00+00:00,2019-06-25 09:35:00+00:00,0.0,56000.0,"POLYGON ((-126.35 11, -120.15 9.4, -122.35 4.55, -127.55 7.05, -126.35 11))"
11E,2019-06-25 05:55:00+00:00,2019-06-25 07:55:00+00:00,,,"POLYGON ((-79.56773639785726 34.19785110939092, -79.81393569788398 32.95512240421042, -80.2017085112772 32.79722545821092, -79.37830428911903 34.13369913218846, -79.75693200799664 33.01566270772453, -80.27713324024076 32.9824580424416, -79.88936042684753 33.1403549884411, -79.94636411673487 33.07981468492699, -79.56773639785726 34.19785110939092))"
12E,2019-06-25 05:55:00+00:00,2019-06-25 07:55:00+00:00,0.0,34000.0,"POLYGON ((-86.15984875964739 44.668377290008046, -85.7532862924999 44.669819695880996, -86.04 43.60371281826269, -86.88953259444935 43.78023967743967, -86.15984875964739 44.668377290008046))"
28C,2019-06-25 05:55:00+00:00,2019-06-25 07:55:00+00:00,0.0,30000.0,"POLYGON ((-95.36419321032167 44.87046020554023, -93.04909592148631 43.294111362606564, -93.70070894000592 42.60849002180683, -96.21099902901706 44.05750337042283, -95.36419321032167 44.87046020554023))"
10E,2019-06-25 05:55:00+00:00,2019-06-25 07:55:00+00:00,0.0,42000.0,"POLYGON ((-76.73300674828673 40.914333049864105, -76.8263456597592 38.8598053791573, -77.46851682400714 37.61754771702415, -78.46500852202657 37.50214482282196, -77.54965570797721 40.91916249754871, -76.73300674828673 40.914333049864105))"
27C,2019-06-25 05:55:00+00:00,2019-06-25 07:55:00+00:00,0.0,45000.0,"POLYGON ((-98.38123189066211 27.8968028609315, -96.2275652615983 27.44903282648202, -95.90024978959222 25.91248758424627, -97.74995228499183 25.919530440197065, -98.99295837641174 26.557120646137072, -98.38123189066211 27.8968028609315))"
29C,2019-06-25 05:55:00+00:00,2019-06-25 07:55:00+00:00,0.0,41000.0,"POLYGON ((-98.66585638884236 43.93454571062469, -96.78 43.65, -97.33684488142256 42.462041123390755, -100.75 41.05, -100.79630670541043 43.15539279488114, -98.66585638884236 43.93454571062469))"
30C,2019-06-25 05:55:00+00:00,2019-06-25 07:55:00+00:00,0.0,45000.0,"POLYGON ((-99.91103920662873 31.17787315193801, -98.85359623152716 30.59642894582137, -100.77000000000001 29.027262088527216, -101.58554560385627 30.06336275647084, -99.91103920662873 31.17787315193801))"
LIMA 2,2019-06-25 06:20:00+00:00,2019-06-25 10:20:00+00:00,0.0,48000.0,"POLYGON ((-48.5 29.3, -45.35 25.35, -55.25 22.15, -56.3 23.15, -48.5 29.3))"
UNIFORM 1,2019-06-25 06:49:00+00:00,2019-06-25 10:50:00+00:00,0.0,58000.0,"POLYGON ((-168.5 6.1, -168.3 4.2, -174.1 3.4, -168.5 6.1))"
SIERRA 2,2019-06-25 06:53:00+00:00,2019-06-25 11:00:00+00:00,0.0,58000.0,"POLYGON ((-165 8, -153.3 7.5, -153.4 5.1, -165.1 5.1, -165 8))"
14E,2019-06-25 06:55:00+00:00,2019-06-25 08:55:00+00:00,,,"POLYGON ((-78.10719440196169 34.07114120279679, -79.62606718862932 32.79051248038452, -79.9021393558189 32.74836352491816, -77.99348022769178 33.90661434611342, -79.58430258608199 32.807103576011, -79.93232432499416 32.94607257285449, -79.65625215780457 32.98822152832085, -79.6980167603519 32.97163043269437, -78.10719440196169 34.07114120279679))"
32C,2019-06-25 06:55:00+00:00,2019-06-25 08:55:00+00:00,0.0,38000.0,"POLYGON ((-97.33224720519284 43.482693714814815, -95.38467053569836 42.936755685814006, -98.70540783783724 41.26880290351836, -100.28794985295717 42.03534753569569, -99.24800029853975 42.87756042887515, -97.33224720519284 43.482693714814815))"
13E,2019-06-25 06:55:00+00:00,2019-06-25 08:55:00+00:00,0.0,40000.0,"POLYGON ((-76.46133966385807 41.16558370269886, -75.99087888198665 40.81486534915029, -76.73729250968316 37.689570437819974, -77.91689801510311 37.96906499882955, -77.67289551240849 40.10743299018814, -76.46133966385807 41.16558370269886))"
33C,2019-06-25 06:55:00+00:00,2019-06-25 08:55:00+00:00,0.0,44000.0,"POLYGON ((-99.13244264681249 31.18639615938597, -98.86748571452526 29.9922989611131, -100.23256413636088 28.88836074833382, -101.31242492237271 29.82946505737113, -99.13244264681249 31.18639615938597))"
31C,2019-06-25 06:55:00+00:00,2019-06-25 08:55:00+00:00,0.0,45000.0,"POLYGON ((-97.44 27.9, -96.2275652615983 27.44903282648202, -96.08520567672318 25.914248203128036, -97.74995228499183 25.919530440197065, -98.40870393866415 26.29836449827671, -97.44 27.9))"
16E,2019-06-25 07:55:00+00:00,2019-06-25 09:55:00+00:00,0.0,38000.0,"POLYGON ((-75.38196065579106 41.04283443677266, -74.13696632782195 39.48144663522154, -74.29334096699115 39.35675913695207, -75.53833529496026 40.91814693850319, -75.38196065579106 41.04283443677266))"
15E,2019-06-25 07:55:00+00:00,2019-06-25 09:55:00+00:00,0.0,42000.0,"POLYGON ((-76.35817718972868 41.08916083395182, -75.60701014974255 40.71354318747234, -75.87869084406276 38.34942278618559, -76.89843195665827 38.592782134362395, -77.21565932566708 40.567041126885904, -76.35817718972868 41.08916083395182))"
35C,2019-06-25 07:55:00+00:00,2019-06-25 09:55:00+00:00,0.0,42000.0,"POLYGON ((-96.04435293301412 43.42633613572091, -94.84927083219344 43.017553774527244, -97.8173434832597 41.21279538989302, -99.12067340193163 41.37742905839501, -98.53934912949103 42.73703387601218, -96.04435293301412 43.42633613572091))"
36C,2019-06-25 07:55:00+00:00,2019-06-25 09:55:00+00:00,0.0,41000.0,"POLYGON ((-99.75563532980242 30.73355029251916, -99.07604894312156 29.859875949310247, -100.15833097263446 29.137305365563698, -101.02525913256676 29.894021497776528, -99.75563532980242 30.73355029251916))"
34C,2019-06-25 07:55:00+00:00,2019-06-25 09:55:00+00:00,0.0,36000.0,"POLYGON ((-96.6704942665845 27.990997723205563, -96.08520567672318 25.914248203128036, -97.55080385777075 25.856233288375403, -98.23679066635434 26.235811923653003, -97.96084070233627 27.708021420033184, -96.6704942665845 27.990997723205563))"
TANGO 2,2019-06-25 07:59:00+00:00,2019-06-25 12:00:00+00:00,0.0,51000.0,"POLYGON ((130 21, 133.4 21, 130 12.3, 130 21))"
VICTOR 1,2019-06-25 08:19:00+00:00,2019-06-25 12:20:00+00:00,0.0,58000.0,"POLYGON ((-151.4 9.3, -144.2 6.4, -152 7.1, -151.4 9.3))"
SIERRA 3,2019-06-25 08:21:00+00:00,2019-06-25 12:20:00+00:00,0.0,58000.0,"POLYGON ((-166.4 8.2, -157.2 7.5, -167 5.2, -166.4 8.2))"
18E,2019-06-25 08:55:00+00:00,2019-06-25 10:55:00+00:00,0.0,45000.0,"POLYGON ((-74.80920980771083 41.23161038163985, -73.68370260432644 39.35848894602854, -73.85513516351264 39.25547983162175, -74.98064236689703 41.12860126723306, -74.80920980771083 41.23161038163985))"
17E,2019-06-25 08:55:00+00:00,2019-06-25 10:55:00+00:00,0.0,42000.0,"POLYGON ((-75.4099781021902 40.7841403504388, -75.39092537030233 40.04537363582763, -76.41792979311006 39.49864683718111, -76.80273103790437 40.09523782054457, -76.0323032393058 40.69011515630699, -75.4099781021902 40.7841403504388))"
38C,2019-06-25 08:55:00+00:00,2019-06-25 10:55:00+00:00,0.0,42000.0,"POLYGON ((-94.7469355234926 43.41049613079542, -94.29 42.89914187884178, -96.88429238552837 40.7091873001491, -98.57257325837267 41.78048472547926, -98.13199970146023 42.87756042887515, -94.7469355234926 43.41049613079542))"
39C,2019-06-25 08:55:00+00:00,2019-06-25 10:55:00+00:00,0.0,41000.0,"POLYGON ((-99.9388917702467 30.702173046724475, -98.92178334766544 29.80517478812073, -100.18645493357589 28.847595102875545, -100.77000000000001 29.793712818262684, -99.9388917702467 30.702173046724475))"
37C,2019-06-25 08:55:00+00:00,2019-06-25 10:55:00+00:00,0.0,35000.0,"POLYGON ((-96.0211883183386 28.144873699561114, -95.71529979292204 25.910492292818326, -97.38 25.92, -98.0650625936352 26.173055034308472, -97.72654322250287 27.284884539101476, -96.0211883183386 28.144873699561114))"
FOXTROT 2,2019-06-25 09:10:00+00:00,2019-06-25 13:10:00+00:00,0.0,55000.0,"POLYGON ((-125.5 12.5, -120.1 9.5, -120 4.25, -128.05 6.1, -125.5 12.5))"
41C,2019-06-25 09:55:00+00:00,2019-06-25 11:55:00+00:00,0.0,31000.0,"POLYGON ((-99.94819903935748 30.332804887914524, -99.12533679976698 29.63833950893679, -99.85349460982958 29.024918812780733, -100.64270869059011 29.62707183384493, -99.94819903935748 30.332804887914524))"
19E,2019-06-25 09:55:00+00:00,2019-06-25 11:55:00+00:00,0.0,37000.0,"POLYGON ((-74.64776507449963 42.05803855136088, -73.13043552279822 39.81275060621661, -74.53434818943421 38.02761640341515, -75.07981650912815 39.81818754548213, -76.28886141932203 40.76940408451237, -74.64776507449963 42.05803855136088))"
42C,2019-06-25 09:55:00+00:00,2019-06-25 11:55:00+00:00,0.0,37000.0,"POLYGON ((-95.90604739542731 29.112321022424442, -95.26184559306928 28.373957959668086, -96.40015767798008 27.514100713451217, -97.06910828640608 28.757878939558193, -95.90604739542731 29.112321022424442))"
40C,2019-06-25 09:55:00+00:00,2019-06-25 11:55:00+00:00,0.0,34000.0,"POLYGON ((-94.63948538071823 43.22429162434285, -94.44954108011106 42.492248581772195, -95.74 40.83726208852722, -97.52741235995181 41.63174416760919, -96.78 42.48541730984526, -94.63948538071823 43.22429162434285))"
UNIFORM 2,2019-06-25 10:22:00+00:00,2019-06-25 14:30:00+00:00,0.0,57000.0,"POLYGON ((-166.2 7.5, -166 4.3, -176.4 4.2, -166.2 7.5))"
SIERRA 4,2019-06-25 10:24:00+00:00,2019-06-25 14:30:00+00:00,0.0,57000.0,"POLYGON ((-158.3 8, -158.5 4.5, -166.1 7.5, -158.3 8))"
44C,2019-06-25 10:55:00+00:00,2019-06-25 12:55:00+00:00,0.0,45000.0,"POLYGON ((-101.54737293127481 39.12278050446082, -100.44741238878838 38.453927803008185, -100.59789263709773 36.337853207861116, -101.47953790954672 36.62999983390703, -101.54737293127481 39.12278050446082))"
20E,2019-06-25 10:55:00+00:00,2019-06-25 12:55:00+00:00,0.0,45000.0,"POLYGON ((-74.21948944213918 42.87656878848515, -73.23596497331097 39.43186283948943, -74.14650881339011 37.89641630566643, -74.43000000000002 40.152737911472784, -75.36912111801338 40.81486534915029, -74.21948944213918 42.87656878848515))"
43C,2019-06-25 10:55:00+00:00,2019-06-25 12:55:00+00:00,0.0,33000.0,"POLYGON ((-95.128783973669 42.861614920392995, -94.11612831958432 42.917278691217355, -94.81230774942601 40.46041230537348, -96.5599221485718 41.421765739609825, -96.34199056312308 42.2443818494563, -95.128783973669 42.861614920392995))"
45C,2019-06-25 10:55:00+00:00,2019-06-25 12:55:00+00:00,0.0,45000.0,"POLYGON ((-94.99472216477376 30.086856707329652, -94.54100709987355 29.251685506579413, -96.40015767798008 27.514100713451217, -96.71395260457268 29.112321022424442, -94.99472216477376 30.086856707329652))"
VICTOR 2,2019-06-25 11:54:00+00:00,2019-06-25 16:00:00+00:00,0.0,58000.0,"POLYGON ((-140.1 9.5, -140 5.4, -153.3 8.4, -140.1 9.5))"
48C,2019-06-25 11:55:00+00:00,2019-06-25 13:55:00+00:00,0.0,45000.0,"POLYGON ((-94.72 30.58171624231642, -93.69800872839353 29.627554340421668, -96.52151852735827 27.079143580199624, -96.31 29.19371281826269, -94.72 30.58171624231642))"
47C,2019-06-25 11:55:00+00:00,2019-06-25 13:55:00+00:00,0.0,40000.0,"POLYGON ((-99.9651708315245 39.46415472598209, -100.3763831042695 36.17299809114066, -101.47308945802057 37.20491367458027, -101.16398415939902 38.97990392847432, -99.9651708315245 39.46415472598209))"
21E,2019-06-25 11:55:00+00:00,2019-06-25 13:55:00+00:00,0.0,36000.0,"POLYGON ((-73.16184586459944 41.58610911904068, -72.83733237032443 38.44680654051038, -73.75109783342728 38.27178990407654, -74.54 41.40273791147279, -73.16184586459944 41.58610911904068))"
46C,2019-06-25 11:55:00+00:00,2019-06-25 13:55:00+00:00,0.0,34000.0,"POLYGON ((-93.75182098489981 43.216559625259684, -93.33 42.42452417705443, -94.71410998841786 41.48379438511637, -95.12195364394194 42.35231636126279, -93.75182098489981 43.216559625259684))"
FOXTROT 3,2019-06-25 12:45:00+00:00,2019-06-25 16:45:00+00:00,0.0,49000.0,"POLYGON ((-128.3 12, -120 10.15, -120 6.3, -128.3 5.45, -128.3 12))"
49C,2019-06-25 12:55:00+00:00,2019-06-25 14:55:00+00:00,0.0,45000.0,"POLYGON ((-99.70494680413955 38.84990939695654, -99.70954375965296 38.24755272223467, -100.4701034708296 38.12416877207332, -100.01685579043095 38.85910679185866, -99.70494680413955 38.84990939695654))"
50C,2019-06-25 12:55:00+00:00,2019-06-25 14:55:00+00:00,0.0,45000.0,"POLYGON ((-100.71316873176833 37.24417771826043, -100.01783900434967 36.607053226856394, -100.23895126536553 36.33946329300086, -101.15111753603507 37.03986235708455, -100.71316873176833 37.24417771826043))"
1W,2019-06-25 12:55:00+00:00,2019-06-25 14:55:00+00:00,0.0,28000.0,"POLYGON ((-111.8074375459195 44.08929324616866, -110.95771659411967 43.20907466528681, -113.1981984723998 43.03466920564375, -113.38158231025243 43.0889758459202, -111.8074375459195 44.08929324616866))"
22E,2019-06-25 12:55:00+00:00,2019-06-25 14:55:00+00:00,0.0,36000.0,"POLYGON ((-73.30250246328585 40.98198204388069, -72.84966435631853 39.920482524080796, -73.821498767357 39.34784263345476, -74.07892885268637 40.39430638883012, -73.30250246328585 40.98198204388069))"
51C,2019-06-25 12:55:00+00:00,2019-06-25 14:55:00+00:00,0.0,45000.0,"POLYGON ((-93.82277228427141 30.392741474644307, -96.00691351284726 26.42285356834863, -97.0237194970218 26.688087754764904, -95.70527783522623 30.086856707329652, -93.82277228427141 30.392741474644307))"
23E,2019-06-25 13:55:00+00:00,2019-06-25 15:55:00+00:00,0.0,36000.0,"POLYGON ((-72.85161732021228 41.084755744120265, -72.32 40.197145302895535, -72.83709117177827 39.91063522643292, -73.4997745628931 40.83413979476606, -72.85161732021228 41.084755744120265))"
52C,2019-06-25 13:55:00+00:00,2019-06-25 15:55:00+00:00,0.0,45000.0,"POLYGON ((-99.44469151875185 38.643988965590026, -99.53858004804803 38.30128301239515, -100.05071143333694 38.13935004409344, -100.23000000000002 38.681716242316426, -99.44469151875185 38.643988965590026))"
53C,2019-06-25 13:55:00+00:00,2019-06-25 15:55:00+00:00,0.0,45000.0,"POLYGON ((-100.97 37.329141878841796, -99.88 37.062854697104484, -99.94880076752449 36.47354642750835, -100.37850317087013 36.504940412176076, -100.97 37.329141878841796))"
54C,2019-06-25 13:55:00+00:00,2019-06-25 15:55:00+00:00,0.0,45000.0,"POLYGON ((-94.16734898917797 31.629382887404784, -93.51956414468141 30.492286251810818, -96.17919748643706 26.36071197444865, -97.09256837509888 27.772231195805496, -94.16734898917797 31.629382887404784))"
UNIFORM 3,2019-06-25 14:06:00+00:00,2019-06-25 18:10:00+00:00,0.0,57000.0,"POLYGON ((-165.1 8.4, -163.1 5.2, -179.5 3.3, -165.1 8.4))"
VICTOR 3,2019-06-25 14:09:00+00:00,2019-06-25 18:10:00+00:00,0.0,57000.0,"POLYGON ((-141.5 10.2, -140.1 5.3, -154.3 7.5, -141.5 10.2))"
56C,2019-06-25 14:55:00+00:00,2019-06-25 16:55:00+00:00,0.0,45000.0,"POLYGON ((-100.46691054197943 37.20491367458027, -99.88 36.91828375768358, -100.0456968131275 36.2845607004947, -100.41842380621559 36.33879241765623, -100.46691054197943 37.20491367458027))"
24E,2019-06-25 14:55:00+00:00,2019-06-25 16:55:00+00:00,0.0,36000.0,"POLYGON ((-72.78956823987848 41.27197234779366, -71.98606717135713 40.30469641699582, -73.03197967198376 38.51359485585971, -73.72814891600814 39.09509286846337, -72.78956823987848 41.27197234779366))"
57C,2019-06-25 14:55:00+00:00,2019-06-25 16:55:00+00:00,0.0,45000.0,"POLYGON ((-93.50919905695018 32.15482068349432, -93.2876197001626 30.07621380640228, -96.35129606133584 26.298364498276708, -97.09174978251947 28.026895518482068, -93.50919905695018 32.15482068349432))"
55C,2019-06-25 14:55:00+00:00,2019-06-25 16:55:00+00:00,0.0,45000.0,"POLYGON ((-99.47663678912616 38.66935994796152, -98.94892829220127 38.187771245522406, -99.88644150334216 37.91698936812068, -99.9039418943079 38.644723941847474, -99.47663678912616 38.66935994796152))"
MIKE 1,2019-06-25 15:00:00+00:00,2019-06-25 19:00:00+00:00,0.0,30000.0,"POLYGON ((-52.15 39.15, -51.15 37.3, -56.45 36, -57.3 37.15, -52.15 39.15))"
58C,2019-06-25 15:55:00+00:00,2019-06-25 17:55:00+00:00,0.0,45000.0,"POLYGON ((-99.95889801948219 37.30411254194591, -99.81143480447331 36.20641427256276, -100.21115789748333 36.22889313454414, -100.58733533582812 36.73270327959652, -99.95889801948219 37.30411254194591))"
25E,2019-06-25 15:55:00+00:00,2019-06-25 17:55:00+00:00,0.0,36000.0,"POLYGON ((-72.72604404615291 40.79195384296386, -71.39573835756471 40.210444953087425, -72.87086849544954 39.08410275821259, -73.52033319611553 39.11058580370639, -72.72604404615291 40.79195384296386))"
59C,2019-06-25 15:55:00+00:00,2019-06-25 17:55:00+00:00,0.0,45000.0,"POLYGON ((-93.39193424955843 32.41638345396659, -93.0364943403112 29.986274652438738, -96.27016671874976 25.91577412410946, -97.20901155940416 25.9835663134633, -96.71123054462237 28.40648581890977, -93.39193424955843 32.41638345396659))"
WHISKEY 1,2019-06-25 16:12:00+00:00,2019-06-25 20:15:00+00:00,0.0,49000.0,"POLYGON ((-158.2 26.2, -155.5 21, -160.5 25.2, -158.2 26.2))"
60C,2019-06-25 16:55:00+00:00,2019-06-25 18:55:00+00:00,0.0,40000.0,"POLYGON ((-99.6033644425533 36.87394661293221, -99.81143480447331 36.20641427256276, -100.23895126536553 36.33946329300086, -100.13448658048878 36.54418468651547, -99.6033644425533 36.87394661293221))"
61C,2019-06-25 16:55:00+00:00,2019-06-25 18:55:00+00:00,0.0,45000.0,"POLYGON ((-93.39193424955843 32.41638345396659, -92.57576482033794 30.329918444256382, -96.08520567672318 25.914248203128036, -97.2490709770032 26.03758178010782, -95.07972136892346 31.28683335086115, -93.39193424955843 32.41638345396659))"
UNIFORM 4,2019-06-25 17:44:00+00:00,2019-06-25 21:45:00+00:00,0.0,57000.0,"POLYGON ((-164.1 9.1, -162.4 5.1, -179.4 7.5, -164.1 9.1))"
VICTOR 4,2019-06-25 17:47:00+00:00,2019-06-25 21:50:00+00:00,0.0,56000.0,"POLYGON ((-143.1 10.4, -142.1 5.3, -156.5 8.5, -143.1 10.4))"
62C,2019-06-25 17:55:00+00:00,2019-06-25 19:55:00+00:00,0.0,45000.0,"POLYGON ((-93.81 32.9363689557364, -91.88950219180137 32.21250060317271, -92.39722771572859 30.392741474644307, -94.02831773039654 31.74635559768264, -94.9751193463129 31.958685063739296, -93.81 32.9363689557364))"
63C,2019-06-25 17:55:00+00:00,2019-06-25 19:55:00+00:00,0.0,45000.0,"POLYGON ((-95.75591718433901 29.606456054048326, -94.27384345220017 29.0145032395411, -95.90024978959222 25.91248758424627, -97.0237194970218 26.688087754764904, -95.75591718433901 29.606456054048326))"
MIKE 2,2019-06-25 18:45:00+00:00,2019-06-25 22:45:00+00:00,0.0,32000.0,"POLYGON ((-52 38.45, -50.3 37.3, -54.45 35, -56 36.45, -52 38.45))"
26E,2019-06-25 18:55:00+00:00,2019-06-25 20:55:00+00:00,,,"POLYGON ((-71.66649828643587 41.76932943991692, -72.4069311797182 40.46705591686847, -72.38371739405001 40.49470151031498, -74.40826746214593 38.82095424919408, -74.43685357000444 38.78235383975273, -75.57091096968551 36.06145099150974, -72.23306882028179 40.36820309712516, -71.49263592699945 41.67047662017361, -74.2808326740459 38.66681024255777, -72.25628260594998 40.34055750367866, -75.38630396586845 35.98450780375612, -74.25224656618738 38.70541065199912, -71.66649828643587 41.76932943991692))"
27E,2019-06-25 18:55:00+00:00,2019-06-25 20:55:00+00:00,0.0,45000.0,"POLYGON ((-80.39364355227643 25.902182913024042, -80.05329944484717 25.595370208214597, -81.06393734637493 24.864833209594003, -81.02004213063793 25.521504637156102, -80.39364355227643 25.902182913024042))"
65C,2019-06-25 18:55:00+00:00,2019-06-25 20:55:00+00:00,0.0,45000.0,"POLYGON ((-88.19 43.894524177054436, -89.11319393066236 42.135492146415736, -90.08747249589474 42.2073129730507, -89.76 43.38363104426361, -88.19 43.894524177054436))"
67C,2019-06-25 18:55:00+00:00,2019-06-25 20:55:00+00:00,0.0,45000.0,"POLYGON ((-95.42337301171744 29.80627480029972, -92.67233460550203 29.217044952265425, -95.71529979292204 25.910492292818326, -96.45792362331356 26.740559352923494, -95.42337301171744 29.80627480029972))"
66C,2019-06-25 18:55:00+00:00,2019-06-25 20:55:00+00:00,0.0,45000.0,"POLYGON ((-93.99377704933215 33.35627177828047, -91.76023416735974 32.75497176625328, -91.73913048246769 29.557034999705913, -93.81 31.77178626558165, -94.9751193463129 31.958685063739296, -93.99377704933215 33.35627177828047))"
64C,2019-06-25 18:55:00+00:00,2019-06-25 20:55:00+00:00,0.0,40000.0,"POLYGON ((-93.41 48.57, -91.02918521304386 47.713171141741284, -91.97519938436814 46.863446759636645, -94.64684083805486 46.96457030034469, -93.41 48.57))"
WHISKEY 2,2019-06-25 19:38:00+00:00,2019-06-25 23:40:00+00:00,0.0,50000.0,"POLYGON ((-159 27.3, -156.1 26.3, -160.5 21.3, -159 27.3))"
28E,2019-06-25 19:55:00+00:00,2019-06-25 21:55:00+00:00,,,"POLYGON ((-71.54796934385949 41.71328534904362, -72.15671943485061 40.50045228329927, -72.12605741600223 40.53654353709414, -74.26227485024162 38.98717981072325, -74.29501938204606 38.9466739335579, -75.57006380995627 36.06342364908087, -71.97797177640415 40.41073453366242, -71.36922168541302 41.62356759940678, -74.14485122949193 38.82527955349666, -72.00863379525254 40.37464327986755, -75.3871511255977 35.98253514618499, -74.1121066976875 38.86578543066201, -71.54796934385949 41.71328534904362))"
29E,2019-06-25 19:55:00+00:00,2019-06-25 21:55:00+00:00,0.0,45000.0,"POLYGON ((-80.15199008213247 26.813552672873755, -79.98301434104536 25.91034808500411, -81.06393734637493 24.864833209594003, -81.43256818850108 25.390949368690812, -80.15199008213247 26.813552672873755))"
72C,2019-06-25 19:55:00+00:00,2019-06-25 21:55:00+00:00,0.0,45000.0,"POLYGON ((-95.35 29.526287181737317, -92.79226601136665 29.471786790507732, -95.77267456199607 25.91113638131238, -96.40766272627792 26.9761169943968, -95.35 29.526287181737317))"
73C,2019-06-25 19:55:00+00:00,2019-06-25 21:55:00+00:00,0.0,45000.0,"POLYGON ((-104.18025465214619 31.534589483315347, -103.71937252704603 31.460191909760002, -103.71270207320616 30.504240138255433, -104.30632040527838 30.606198679005846, -104.18025465214619 31.534589483315347))"
70C,2019-06-25 19:55:00+00:00,2019-06-25 21:55:00+00:00,0.0,45000.0,"POLYGON ((-94.95151955945826 41.755528343081274, -94.26329423986152 41.24736879421303, -97.42421187667514 40.57567593551191, -98.01376668916234 40.764688550586854, -94.95151955945826 41.755528343081274))"
69C,2019-06-25 19:55:00+00:00,2019-06-25 21:55:00+00:00,0.0,45000.0,"POLYGON ((-88.19 43.894524177054436, -87.26217772234573 42.458804909725096, -89.59 42.158213734418354, -89.0713772323446 43.54793351022476, -88.19 43.894524177054436))"
71C,2019-06-25 19:55:00+00:00,2019-06-25 21:55:00+00:00,0.0,45000.0,"POLYGON ((-93.91782291769275 33.202497150006344, -91.67594318316742 32.392142289384296, -91.97843995183646 29.89004076223679, -95.16645805411454 32.066392735164186, -93.91782291769275 33.202497150006344))"
68C,2019-06-25 19:55:00+00:00,2019-06-25 21:55:00+00:00,0.0,40000.0,"POLYGON ((-91.65033717187998 48.55659161744277, -90.34728246843116 47.91167113548173, -91.71393605070305 46.79897114997847, -94.21551867732474 46.65726032989205, -91.65033717187998 48.55659161744277))"
2W,2019-06-25 19:55:00+00:00,2019-06-25 21:55:00+00:00,0.0,44000.0,"POLYGON ((-110.13215834311701 41.58464093410364, -108.40529249450495 41.397360181326064, -110.43883973168589 40.374871783378744, -110.90615113173843 40.725624342598714, -110.13215834311701 41.58464093410364))"
31E,2019-06-25 20:55:00+00:00,2019-06-25 22:55:00+00:00,,,"POLYGON ((-72.09814505635624 40.48494941125921, -74.19615015384841 38.96550319680174, -74.22892105272156 38.92502327038147, -75.5064817396017 36.04174047037847, -74.07883800403764 38.80352215005004, -71.98083290654547 40.3229683645075, -75.32362779204462 35.9607192764673, -74.04606710516448 38.8440020764703, -72.09814505635624 40.48494941125921))"
32E,2019-06-25 20:55:00+00:00,2019-06-25 22:55:00+00:00,,,"POLYGON ((-80.39062291273133 27.52368742877679, -80.20435927097863 25.86271231240087, -80.35931281145554 25.93470202792068, -80.5645300947818 25.79751084100258, -80.58003349473861 25.78471643119999, -81.58727088443598 24.76687838716112, -80.40311344551596 25.84042379284517, -80.58937708726866 27.50139890922108, -80.45337718836531 25.63124289040726, -80.24815990503905 25.76843407732536, -81.44511117810586 24.62619925617099, -80.4378737884085 25.64403730020986, -80.39062291273133 27.52368742877679))"
33E,2019-06-25 20:55:00+00:00,2019-06-25 22:55:00+00:00,,,"POLYGON ((-86.6349022567759 30.87635899512869, -84.48571906330608 30.23136119417758, -83.1851292508734 29.58924192102606, -86.67537204459121 30.68049629762305, -84.46168409055677 30.22309689013002, -83.09658951755948 29.76857601043658, -84.39717932999216 30.4106952835881, -84.42121430274146 30.41895958763566, -86.6349022567759 30.87635899512869))"
81C,2019-06-25 20:55:00+00:00,2019-06-25 22:55:00+00:00,0.0,42000.0,"POLYGON ((-105.74004588012374 43.86796521138131, -105.6600760336488 43.68464902645817, -107.56173188602821 42.855070740030754, -107.64170173250315 43.0383869249539, -105.74004588012374 43.86796521138131))"
30E,2019-06-25 20:55:00+00:00,2019-06-25 22:55:00+00:00,0.0,40000.0,"POLYGON ((-71.67739442936013 40.774953780582344, -71.55324776928254 40.6181494222514, -73.1574988570723 39.34801626654788, -73.2816455171499 39.504820624878825, -71.67739442936013 40.774953780582344))"
83C,2019-06-25 20:55:00+00:00,2019-06-25 22:55:00+00:00,0.0,45000.0,"POLYGON ((-101.64 36.01285469710447, -100.29 35.09285469710447, -102.84 34.5, -104.63928227870083 35.25005345411433, -104.36404958541631 36.08002142936282, -101.64 36.01285469710447))"
78C,2019-06-25 20:55:00+00:00,2019-06-25 22:55:00+00:00,0.0,45000.0,"POLYGON ((-91.80843813798178 34.372754372650306, -89.90422543039303 32.02915009762879, -91.3 29.757145302895527, -93.5885035466264 33.675043829419415, -91.80843813798178 34.372754372650306))"
80C,2019-06-25 20:55:00+00:00,2019-06-25 22:55:00+00:00,0.0,45000.0,"POLYGON ((-94.39898576225934 30.49177094563274, -92.33992816525088 29.861128297009248, -92.47869528599807 28.80282875408366, -95.88796761695178 26.465597116069656, -94.39898576225934 30.49177094563274))"
76C,2019-06-25 20:55:00+00:00,2019-06-25 22:55:00+00:00,0.0,45000.0,"POLYGON ((-87.62011122511007 44.149668200317265, -85.85834302813636 44.135318157637066, -87.96244090538454 41.66009654663128, -88.8698733763586 41.957603420875024, -87.62011122511007 44.149668200317265))"
84C,2019-06-25 20:55:00+00:00,2019-06-25 22:55:00+00:00,0.0,45000.0,"POLYGON ((-104.62 32.76171624231643, -102.6428551108059 30.949562495703823, -104.26823744337791 29.631784326409623, -105.56289601120427 31.204625311014304, -104.62 32.76171624231643))"
75C,2019-06-25 20:55:00+00:00,2019-06-25 22:55:00+00:00,0.0,30000.0,"POLYGON ((-88.7600833832478 46.829124173565496, -84.888920900816 46.674417262226534, -84.89690731406202 46.47457678283494, -88.76806979649382 46.6292836941739, -88.7600833832478 46.829124173565496))"
3W,2019-06-25 20:55:00+00:00,2019-06-25 22:55:00+00:00,0.0,43000.0,"POLYGON ((-108.69099487885546 47.06686295396481, -107.37502328135518 45.37383420442036, -108.69834370739731 43.45930863288679, -112.63921112696876 44.39588055375202, -108.69099487885546 47.06686295396481))"
82C,2019-06-25 20:55:00+00:00,2019-06-25 22:55:00+00:00,0.0,45000.0,"POLYGON ((-106.06243626859779 41.95431477164329, -104.77 41.875475822945575, -103.18 39.49452417705442, -106.11690311608592 37.5849107330875, -107.8222841331896 38.19272835725537, -106.06243626859779 41.95431477164329))"
79C,2019-06-25 20:55:00+00:00,2019-06-25 22:55:00+00:00,0.0,45000.0,"POLYGON ((-94.75 32.75273791147279, -94.52488065368709 31.958685063739296, -95.44230764160324 31.82990200716841, -95.73540571771392 32.41616501731253, -94.75 32.75273791147279))"
77C,2019-06-25 20:55:00+00:00,2019-06-25 22:55:00+00:00,0.0,45000.0,"POLYGON ((-94.29 42.11089313279083, -92.0788088997845 41.16612326927732, -99.06541994897518 40.189999276115465, -99.12689346270095 40.789171009253415, -94.29 42.11089313279083))"
74C,2019-06-25 20:55:00+00:00,2019-06-25 22:55:00+00:00,0.0,31000.0,"POLYGON ((-91.65033717187998 48.55659161744277, -90.11882498394263 47.97693676415664, -90.4822428362452 46.33132451987672, -93.78897407749616 46.34974679990388, -91.65033717187998 48.55659161744277))"
4W,2019-06-25 20:55:00+00:00,2019-06-25 22:55:00+00:00,0.0,44000.0,"POLYGON ((-106.45349257332346 42.78245880625014, -106.54207774028315 41.5917482873729, -110.13 40.63910686720918, -109.63835551614416 41.779346171498304, -106.45349257332346 42.78245880625014))"
UNIFORM 5,2019-06-25 21:19:00+00:00,2019-06-26 01:15:00+00:00,0.0,56000.0,"POLYGON ((-166.3 8.5, -166.3 4.3, -179.5 7.4, -166.3 8.5))"
MIKE 3,2019-06-25 21:20:00+00:00,2019-06-26 01:20:00+00:00,0.0,36000.0,"POLYGON ((-51.15 40.15, -51 36.15, -53.15 34.45, -56.15 37.45, -51.15 40.15))"
88C,2019-06-25 21:55:00+00:00,2019-06-25 23:55:00+00:00,,,"POLYGON ((-90.51396767569747 33.78270398747887, -91.98553955920761 34.64771496331799, -92.06966624832366 34.65574467619278, -92.31709694552552 34.56791517674227, -92.32870685199175 34.5629479987599, -93.92536303970316 33.75700713603106, -92.0868896505003 34.4752964057467, -90.61531776699016 33.61028542990758, -92.25019365858611 34.3794371934214, -92.00276296138425 34.46726669287192, -93.83523993983128 33.57846350867492, -92.23858375211988 34.38440437140377, -90.51396767569747 33.78270398747887))"
35E,2019-06-25 21:55:00+00:00,2019-06-25 23:55:00+00:00,,,"POLYGON ((-72.04244426529871 40.38174391024801, -74.06401795934849 38.9220411566583, -74.0951623446898 38.88520070310051, -75.3697864490577 36.30086321098243, -73.9469368594001 38.75989302674348, -71.92536316535032 40.21959578033319, -75.19041657842669 36.2123959881832, -73.91579247405879 38.79673348030127, -72.04244426529871 40.38174391024801))"
36E,2019-06-25 21:55:00+00:00,2019-06-25 23:55:00+00:00,,,"POLYGON ((-80.3037184874975 26.7413266879643, -80.44951649987613 25.97334396747964, -80.41718645939135 26.02989354316206, -80.59391125106836 25.87499067694133, -80.59725470298477 25.87192318583361, -81.65188258630673 24.85932708810611, -80.25302604231254 25.9360411514136, -80.10722802993392 26.70402387189826, -80.46208087447434 25.72458870951045, -80.28535608279732 25.87949157573118, -81.51336530587989 24.71506010289067, -80.45873742255793 25.72765620061816, -80.3037184874975 26.7413266879643))"
37E,2019-06-25 21:55:00+00:00,2019-06-25 23:55:00+00:00,,,"POLYGON ((-86.5382399719512 30.88483970687237, -84.57202074068063 30.24540137306765, -83.18362682569114 29.58851568086066, -86.58164110547996 30.68960563810255, -84.55095386597031 30.23817762355341, -83.09809194274175 29.76930225060199, -84.48648585773124 30.42618794280898, -84.50755273244155 30.43341169232323, -86.5382399719512 30.88483970687237))"
39E,2019-06-25 21:55:00+00:00,2019-06-25 23:55:00+00:00,0.0,45000.0,"POLYGON ((-86.04 43.45914187884179, -87.36229938291945 41.822768780743544, -88.24592033404554 41.68354238867399, -87.54541253310559 43.33895538316279, -86.04 43.45914187884179))"
38E,2019-06-25 21:55:00+00:00,2019-06-25 23:55:00+00:00,0.0,30000.0,"POLYGON ((-87.2370958052246 46.71700312243525, -84.89110184619454 46.6744805997281, -84.89472636868348 46.47451344533337, -87.24072032771353 46.517035968040524, -87.2370958052246 46.71700312243525))"
34E,2019-06-25 21:55:00+00:00,2019-06-25 23:55:00+00:00,0.0,40000.0,"POLYGON ((-70.8905360293001 40.74924835867671, -70.7866612668176 40.578338927341846, -72.26806261875875 39.67797776896541, -72.37193738124124 39.848887200300275, -70.8905360293001 40.74924835867671))"
92C,2019-06-25 21:55:00+00:00,2019-06-25 23:55:00+00:00,0.0,42000.0,"POLYGON ((-105.37653848141088 43.75230249877457, -105.28782074569597 43.57305640155174, -106.78284239035455 42.83309644028121, -106.87156012606945 43.01234253750404, -105.37653848141088 43.75230249877457))"
91C,2019-06-25 21:55:00+00:00,2019-06-25 23:55:00+00:00,0.0,45000.0,"POLYGON ((-94.24419828618375 30.75021657404912, -92.4413177497198 30.138305628760012, -93.11 28.549719666370162, -95.88796761695178 26.465597116069656, -94.24419828618375 30.75021657404912))"
90C,2019-06-25 21:55:00+00:00,2019-06-25 23:55:00+00:00,0.0,45000.0,"POLYGON ((-94.9474999076158 32.820544470346455, -94.75 31.986287181737314, -95.19992600149384 31.568018749345676, -96.08942098323205 32.53445336186845, -94.9474999076158 32.820544470346455))"
94C,2019-06-25 21:55:00+00:00,2019-06-25 23:55:00+00:00,0.0,45000.0,"POLYGON ((-101.80360293477109 36.7604553092459, -100.54137229480564 36.11687635938062, -100.29 34.80371281826268, -103.73493437343566 34.9127928338145, -103.8725525649503 35.713959933124784, -101.80360293477109 36.7604553092459))"
93C,2019-06-25 21:55:00+00:00,2019-06-25 23:55:00+00:00,0.0,45000.0,"POLYGON ((-103.95671943595808 42.24193927774492, -103.18 39.328155221318035, -105.82 38.015475822945575, -107.04 38.45, -106.38475090723729 41.338087554160396, -103.95671943595808 42.24193927774492))"
87C,2019-06-25 21:55:00+00:00,2019-06-25 23:55:00+00:00,0.0,45000.0,"POLYGON ((-96.5535733373827 40.912464794067716, -96.8634438951276 40.198162970143144, -99.06541994897518 40.189999276115465, -98.9726290308528 40.907752625200835, -96.5535733373827 40.912464794067716))"
89C,2019-06-25 21:55:00+00:00,2019-06-25 23:55:00+00:00,0.0,45000.0,"POLYGON ((-90.28 33.127262088527225, -89.54240207820213 31.043338094458317, -91.3 29.64815522131804, -91.49197787346533 32.709812346999655, -90.28 33.127262088527225))"
95C,2019-06-25 21:55:00+00:00,2019-06-25 23:55:00+00:00,0.0,45000.0,"POLYGON ((-104.16750253894088 32.416948479417734, -102.5920216978198 30.949420618964208, -104.31585227335323 29.530966792072043, -105.45558689169123 31.1114966014891, -104.16750253894088 32.416948479417734))"
86C,2019-06-25 21:55:00+00:00,2019-06-25 23:55:00+00:00,0.0,45000.0,"POLYGON ((-93.82066699677566 41.747283978816064, -91.61 41.02089313279083, -95.74551764504078 40.551996265048864, -96.35434854071534 41.3593704722117, -93.82066699677566 41.747283978816064))"
85C,2019-06-25 21:55:00+00:00,2019-06-25 23:55:00+00:00,0.0,31000.0,"POLYGON ((-91.42521315835863 48.152732318440684, -89.43 47.83726208852721, -89.92157551467054 46.397603755053915, -93.58567983894145 46.22180485832793, -91.42521315835863 48.152732318440684))"
5W,2019-06-25 21:55:00+00:00,2019-06-25 23:55:00+00:00,0.0,35000.0,"POLYGON ((-114.74506290914917 47.201760895784346, -112.55 45.25, -114.08 44.35452417705444, -116.66446443762436 45.53763123065735, -114.74506290914917 47.201760895784346))"
6W,2019-06-25 21:55:00+00:00,2019-06-25 23:55:00+00:00,0.0,43000.0,"POLYGON ((-107.67497249183889 47.509374021977635, -107.06 44.84, -108.7584037640051 43.45908443287893, -111.88709348070189 44.77750952652983, -107.67497249183889 47.509374021977635))"
7W,2019-06-25 21:55:00+00:00,2019-06-25 23:55:00+00:00,0.0,44000.0,"POLYGON ((-106.53959329921106 42.628590639889815, -106.33596015442055 41.52936067423726, -110.13 40.80547582294557, -109.63835551614416 41.779346171498304, -106.53959329921106 42.628590639889815))"
99C,2019-06-25 22:55:00+00:00,2019-06-26 00:55:00+00:00,,,"POLYGON ((-93.83076570319906 33.83550524873983, -92.04743491778227 34.53253599964535, -90.43013016187291 33.4556671984915, -92.1555456496813 34.47139828048875, -91.9675581011797 34.51880887950685, -93.73961716826835 33.65748293390265, -92.13442573253465 34.47935095524737, -90.3192852293052 33.62214062256891, -91.93658998521455 34.69900942372276, -92.01646680181712 34.71273654386127, -92.20445435031871 34.66532594484317, -92.22557426746536 34.65737327008455, -93.83076570319906 33.83550524873983))"
40E,2019-06-25 22:55:00+00:00,2019-06-26 00:55:00+00:00,,,"POLYGON ((-72.0165375911245 40.32874198371014, -73.93398528695317 38.87699971758656, -73.9640712614604 38.83992307851135, -75.16289779807693 36.29754460986156, -73.81325970153375 38.71754648611997, -71.89581200570508 40.16928875224355, -74.98200026364304 36.21224465654539, -73.78317372702652 38.75462312519518, -72.0165375911245 40.32874198371014))"
42E,2019-06-25 22:55:00+00:00,2019-06-26 00:55:00+00:00,0.0,45000.0,"POLYGON ((-81.5518887743559 26.325364458655777, -80.62152251642492 26.106281999028436, -81.06393734637493 24.864833209594003, -81.8 25.16828375768358, -81.5518887743559 26.325364458655777))"
45E,2019-06-25 22:55:00+00:00,2019-06-26 00:55:00+00:00,0.0,45000.0,"POLYGON ((-86.04 43.60371281826269, -84.15705023308072 42.6625593968174, -84.26767902145814 41.92986687493814, -87.48936207208847 41.68258495766084, -86.04 43.60371281826269))"
41E,2019-06-25 22:55:00+00:00,2019-06-26 00:55:00+00:00,0.0,45000.0,"POLYGON ((-80.95692298497758 29.24458782912932, -81.09208817041316 27.457399585828217, -82.36372504069705 26.99917800025504, -81.6901245225047 28.846232116286966, -80.95692298497758 29.24458782912932))"
44E,2019-06-25 22:55:00+00:00,2019-06-26 00:55:00+00:00,0.0,30000.0,"POLYGON ((-86.22439522958305 46.775741651474966, -84.88535345851719 46.67421079584155, -84.90047475636084 46.47478324921992, -86.2395165274267 46.57631410485333, -86.22439522958305 46.775741651474966))"
07C,2019-06-25 22:55:00+00:00,2019-06-26 00:55:00+00:00,0.0,45000.0,"POLYGON ((-104.25418953188088 33.03278211068641, -102.38716587833457 30.437511336465015, -104.26823744337791 29.631784326409623, -105.56289601120427 31.204625311014304, -104.25418953188088 33.03278211068641))"
12W,2019-06-25 22:55:00+00:00,2019-06-26 00:55:00+00:00,0.0,40000.0,"POLYGON ((-113.39092479454752 41.12867109128352, -113.31591887343788 40.94326852442293, -116.45064533130332 39.675092741421246, -116.52565125241296 39.860495308281834, -113.39092479454752 41.12867109128352))"
8W,2019-06-25 22:55:00+00:00,2019-06-26 00:55:00+00:00,0.0,32000.0,"POLYGON ((-121.6099729148024 48.991256831103165, -120.75791361253289 47.28172169751318, -120.93691233559096 47.19250590774715, -121.78897163786047 48.902041041337135, -121.6099729148024 48.991256831103165))"
43E,2019-06-25 22:55:00+00:00,2019-06-26 00:55:00+00:00,0.0,45000.0,"POLYGON ((-86.45649057216711 31.290922835561766, -83.81433720598089 30.58990711197348, -83.40310348959841 29.47219943584568, -87.21592835156902 30.637896907909322, -86.45649057216711 31.290922835561766))"
01C,2019-06-25 22:55:00+00:00,2019-06-26 00:55:00+00:00,0.0,45000.0,"POLYGON ((-90.51977639751881 32.78222630271398, -89.2195407729077 32.7322276438874, -89.46733530667773 30.0399310133552, -90.93349366334407 29.710963116014522, -90.51977639751881 32.78222630271398))"
96C,2019-06-25 22:55:00+00:00,2019-06-26 00:55:00+00:00,0.0,31000.0,"POLYGON ((-87.12093003437352 46.81077718879923, -90.56522647936342 45.943024970049585, -93.1434435539389 46.09189651976792, -91.22790927501958 46.795884752640134, -87.12093003437352 46.81077718879923))"
03C,2019-06-25 22:55:00+00:00,2019-06-26 00:55:00+00:00,0.0,45000.0,"POLYGON ((-93.74793218854317 31.156348824025628, -92.34049849980377 30.13775617624378, -93.11 28.30994148689969, -94.98287760533132 27.577120497528707, -93.74793218854317 31.156348824025628))"
02C,2019-06-25 22:55:00+00:00,2019-06-26 00:55:00+00:00,0.0,45000.0,"POLYGON ((-94.75 33.08547582294557, -95.13396917822615 31.512259913371345, -96.72714940817545 31.849851312657627, -96.04962464432387 32.86609813104934, -94.75 33.08547582294557))"
05C,2019-06-25 22:55:00+00:00,2019-06-26 00:55:00+00:00,0.0,45000.0,"POLYGON ((-102.97869198483099 40.223492424097515, -102.76810831725031 39.390741605151966, -106.25771586681041 38.19272835725537, -107.63035062853416 38.6395206657978, -102.97869198483099 40.223492424097515))"
06C,2019-06-25 22:55:00+00:00,2019-06-26 00:55:00+00:00,0.0,45000.0,"POLYGON ((-101.2656761437705 37.27491487799064, -100.64076464487513 36.08291957021635, -100.44483641031039 34.677312362178164, -101.91 34.19910686720918, -103.31130352764696 35.414939055870995, -101.2656761437705 37.27491487799064))"
04C,2019-06-25 22:55:00+00:00,2019-06-26 00:55:00+00:00,0.0,45000.0,"POLYGON ((-104.62820751412535 43.968580025891704, -102.85872966249973 42.07932861820406, -104.3033917151574 40.85613359760948, -107.04699852321994 40.98083977506103, -106.90944799765116 42.89727179389724, -104.62820751412535 43.968580025891704))"
97C,2019-06-25 22:55:00+00:00,2019-06-26 00:55:00+00:00,0.0,45000.0,"POLYGON ((-93.33500251724523 41.674852522770095, -91.61 40.85452417705444, -94.96555045251851 40.57919025306191, -95.29797972024343 41.169155086224855, -93.33500251724523 41.674852522770095))"
98C,2019-06-25 22:55:00+00:00,2019-06-26 00:55:00+00:00,0.0,45000.0,"POLYGON ((-97.53382888322474 41.12244355606507, -96.61171969689427 40.071971730078126, -99.15378914798819 40.07856131286345, -98.68623331083765 40.764688550586854, -97.53382888322474 41.12244355606507))"
9W,2019-06-25 22:55:00+00:00,2019-06-26 00:55:00+00:00,0.0,40000.0,"POLYGON ((-113.84901167242641 46.93646618062811, -112.38255353405144 45.367518451743365, -114.08 44.18815522131805, -118.140463179825 44.60424098602056, -113.84901167242641 46.93646618062811))"
11W,2019-06-25 22:55:00+00:00,2019-06-26 00:55:00+00:00,0.0,44000.0,"POLYGON ((-106.96342934501958 43.08796648240902, -107.04699852321994 40.98083977506103, -110.13 40.97184477868197, -109.27844314094799 42.32231952229866, -106.96342934501958 43.08796648240902))"
10W,2019-06-25 22:55:00+00:00,2019-06-26 00:55:00+00:00,0.0,43000.0,"POLYGON ((-107.5222719592918 46.814953004992944, -105.97019778667713 45.153169888527685, -110.90496933150207 43.302456402083266, -110.76922368594674 45.780377334315084, -107.5222719592918 46.814953004992944))"
WHISKEY 3,2019-06-25 23:09:00+00:00,2019-06-26 03:10:00+00:00,0.0,49000.0,"POLYGON ((-158.3 26.2, -156.1 25.2, -161.1 21.3, -158.3 26.2))"
GOLF 1,2019-06-25 23:15:00+00:00,2019-06-26 03:15:00+00:00,29000.0,36000.0,"POLYGON ((171.15 44.15, 171.15 40.45, 165 40.3, 165 43, 164.15 44.15, 171.15 44.15))"
48E,2019-06-25 23:55:00+00:00,2019-06-26 01:55:00+00:00,0.0,45000.0,"POLYGON ((-81.4817160688799 26.419040004752354, -81.2355696607407 25.10008101007333, -82.02521424876477 24.794286539641377, -81.90338610117324 26.26281468517576, -81.4817160688799 26.419040004752354))"
47E,2019-06-25 23:55:00+00:00,2019-06-26 01:55:00+00:00,0.0,45000.0,"POLYGON ((-81.44155749780687 29.29959058383582, -80.75938009047265 28.992860967181922, -81.24222874945647 27.401345267768733, -82.06148560865061 27.399149113003553, -81.44155749780687 29.29959058383582))"
49E,2019-06-25 23:55:00+00:00,2019-06-26 01:55:00+00:00,0.0,45000.0,"POLYGON ((-86.48589896829502 31.23055375274987, -85.2822991705363 30.72863923426236, -85.97021829553603 30.214702054170147, -86.9175942870379 30.625328996307235, -86.48589896829502 31.23055375274987))"
50E,2019-06-25 23:55:00+00:00,2019-06-26 01:55:00+00:00,0.0,45000.0,"POLYGON ((-84.11345000039388 30.195332677151505, -83.38253912924702 29.59958554599544, -83.81596143004158 29.321176808398157, -84.35 29.67714530289553, -84.11345000039388 30.195332677151505))"
46E,2019-06-25 23:55:00+00:00,2019-06-26 01:55:00+00:00,0.0,42000.0,"POLYGON ((-71.47124954368479 39.241239475452225, -71.31333950402419 39.118502279075635, -72.6609777812556 37.38467080754026, -72.8188878209162 37.50740800391685, -71.47124954368479 39.241239475452225))"
08C,2019-06-25 23:55:00+00:00,2019-06-26 01:55:00+00:00,0.0,31000.0,"POLYGON ((-88.29868848929796 46.95987009634879, -87.23890806646907 46.61701954523789, -89.75344465846113 45.83407948398422, -91.31409078810775 46.18319232214082, -88.29868848929796 46.95987009634879))"
15C,2019-06-25 23:55:00+00:00,2019-06-26 01:55:00+00:00,0.0,45000.0,"POLYGON ((-103.38053984891665 43.868750770904214, -102.31484739887593 41.88411096813628, -103.7182921899958 40.567666078575265, -107.08034766974548 40.920491128945784, -106.827201258212 42.922719488892625, -103.38053984891665 43.868750770904214))"
11C,2019-06-25 23:55:00+00:00,2019-06-26 01:55:00+00:00,0.0,45000.0,"POLYGON ((-90.33306190333987 35.01948876981995, -90.54691308122061 33.99397898805165, -92.98939255724606 34.40069776079328, -92.66824062034385 34.84500193995287, -90.33306190333987 35.01948876981995))"
16C,2019-06-25 23:55:00+00:00,2019-06-26 01:55:00+00:00,0.0,45000.0,"POLYGON ((-101.64127271652531 37.25941115779838, -100.97 37.04, -100.25923545444509 36.03271875128347, -100.53709788993677 34.16529736216625, -101.91 34.133712818262694, -101.64127271652531 37.25941115779838))"
12C,2019-06-25 23:55:00+00:00,2019-06-26 01:55:00+00:00,0.0,45000.0,"POLYGON ((-89.76013387789769 33.45891514660928, -88.8 32.38, -89.52660009473163 30.258064076467225, -90.50005116213268 29.849057985895918, -89.76013387789769 33.45891514660928))"
16W,2019-06-25 23:55:00+00:00,2019-06-26 01:55:00+00:00,0.0,44000.0,"POLYGON ((-107.00893862788608 42.86638187195628, -107.08034766974548 40.920491128945784, -110.39825265406317 40.344145204613056, -108.64625766908401 42.25722915130764, -107.00893862788608 42.86638187195628))"
17W,2019-06-25 23:55:00+00:00,2019-06-26 01:55:00+00:00,0.0,40000.0,"POLYGON ((-113.24931975703336 41.232293241146486, -113.18479386697035 41.04298817118909, -115.8379740732571 40.138634081006806, -115.90249996332011 40.327939150964205, -113.24931975703336 41.232293241146486))"
13W,2019-06-25 23:55:00+00:00,2019-06-26 01:55:00+00:00,0.0,32000.0,"POLYGON ((-121.60635569476634 48.98310853355241, -120.79552231603397 46.912267439001255, -120.98175547916416 46.83934824433673, -121.79258885789653 48.91018933888789, -121.60635569476634 48.98310853355241))"
14W,2019-06-25 23:55:00+00:00,2019-06-26 01:55:00+00:00,0.0,40000.0,"POLYGON ((-113.32069732103258 46.98912989559246, -111.6309961035264 46.07528909918189, -119.2436645313842 43.40313610929147, -119.4085982290353 44.897636120250375, -113.32069732103258 46.98912989559246))"
51E,2019-06-25 23:55:00+00:00,2019-06-26 01:55:00+00:00,0.0,45000.0,"POLYGON ((-85.3897880470814 43.638730380584924, -83.74 42.47089313279082, -85.84939115795153 41.416114868550395, -86.9364176364549 41.57734979323077, -85.3897880470814 43.638730380584924))"
13C,2019-06-25 23:55:00+00:00,2019-06-26 01:55:00+00:00,0.0,45000.0,"POLYGON ((-94.46906508805087 33.50936027002112, -94.94429832805997 31.620920315810878, -96.36401234225892 31.97513444044588, -96.2476913484298 32.86750276830183, -94.46906508805087 33.50936027002112))"
14C,2019-06-25 23:55:00+00:00,2019-06-26 01:55:00+00:00,0.0,45000.0,"POLYGON ((-93.11 30.639106867209186, -92.34049849980377 30.13775617624378, -92.24249119671636 28.292691090479412, -93.97750880328364 28.292691090479412, -93.11 30.639106867209186))"
10C,2019-06-25 23:55:00+00:00,2019-06-26 01:55:00+00:00,0.0,45000.0,"POLYGON ((-98.60276313177252 40.91860772677332, -95.1193378296091 40.69776498534237, -96.45838212379537 39.7386190093792, -98.83160402733073 39.69733105447769, -98.60276313177252 40.91860772677332))"
09C,2019-06-25 23:55:00+00:00,2019-06-26 01:55:00+00:00,0.0,45000.0,"POLYGON ((-91.76683634220387 41.402252735557056, -91.28000000000002 40.182737911472785, -94.23980321931045 40.21116641293662, -94.46691840788536 41.18243746310314, -91.76683634220387 41.402252735557056))"
17C,2019-06-25 23:55:00+00:00,2019-06-26 01:55:00+00:00,0.0,45000.0,"POLYGON ((-104.3391269155134 33.10440247204681, -102.08686887748583 30.628595778775562, -104.38835170535828 29.377040276992666, -105.02230366413714 30.67762935509933, -104.3391269155134 33.10440247204681))"
15W,2019-06-25 23:55:00+00:00,2019-06-26 01:55:00+00:00,0.0,43000.0,"POLYGON ((-106.32336612926579 46.99421675307747, -105.365912258928 44.31331963721201, -110.73 43.61, -109.81330738628067 45.803788719491365, -106.32336612926579 46.99421675307747))"
1E,2019-06-26 00:55:00+00:00,2019-06-26 02:55:00+00:00,,,"POLYGON ((-84.25229010028391 43.52821708094018, -85.29548200384703 42.6695455569775, -85.29706327757879 42.66821634540852, -86.38513313514518 41.73424145574534, -85.16837828102017 42.51512844768079, -84.12518637745706 43.37379997164348, -86.2548668648548 41.58248276958658, -85.16679700728841 42.51645765924977, -84.25229010028391 43.52821708094018))"
2E,2019-06-26 00:55:00+00:00,2019-06-26 02:55:00+00:00,0.0,45000.0,"POLYGON ((-81.5296574450362 28.940566589110905, -81.01086341285213 28.539603215466183, -81.55107457835348 26.734271308487628, -82.20551973952381 27.092895913250604, -81.5296574450362 28.940566589110905))"
4E,2019-06-26 00:55:00+00:00,2019-06-26 02:55:00+00:00,0.0,45000.0,"POLYGON ((-86.05638147157309 31.049806323466374, -85.12647737217256 30.674328323125007, -85.97021829553603 30.214702054170147, -86.4424057129621 30.625328996307235, -86.05638147157309 31.049806323466374))"
9C,2019-06-26 00:55:00+00:00,2019-06-26 02:55:00+00:00,0.0,45000.0,"POLYGON ((-102.85255658869438 39.61352871706381, -102.39801113414892 39.61352871706381, -102.39801113414892 39.158983262518355, -102.85255658869438 39.158983262518355, -102.85255658869438 39.61352871706381))"
1W,2019-06-26 00:55:00+00:00,2019-06-26 02:55:00+00:00,0.0,32000.0,"POLYGON ((-121.60509718073908 48.9797146485508, -120.73340536297341 46.491759820719345, -120.92215555415812 46.42562839605805, -121.79384737192379 48.9135832238895, -121.60509718073908 48.9797146485508))"
5W,2019-06-26 00:55:00+00:00,2019-06-26 02:55:00+00:00,0.0,40000.0,"POLYGON ((-114.30294318799815 41.13764070616779, -113.40690071448608 40.84011231428387, -115.36903146231137 39.464823816613425, -116.25220550340889 40.05693399959432, -114.30294318799815 41.13764070616779))"
3E,2019-06-26 00:55:00+00:00,2019-06-26 02:55:00+00:00,0.0,45000.0,"POLYGON ((-81.43602911539266 26.65692051132631, -80.88520341449002 24.587236694214244, -82.47476600638134 24.33383181731258, -82.56412362453968 25.82201670001851, -81.43602911539266 26.65692051132631))"
10C,2019-06-26 00:55:00+00:00,2019-06-26 02:55:00+00:00,0.0,45000.0,"POLYGON ((-100.97 37.04, -99.5723277770109 34.95611303170029, -100.4437041883118 34.06249408633919, -101.91 34.03273791147279, -101.80368345751201 37.03708362194396, -100.97 37.04))"
1C,2019-06-26 00:55:00+00:00,2019-06-26 02:55:00+00:00,0.0,31000.0,"POLYGON ((-86.5385754007039 46.934993207820334, -85.20584818741261 46.6611803438784, -89.24044824861845 45.566122919676765, -91.02448128212005 45.66762713171728, -86.5385754007039 46.934993207820334))"
8C,2019-06-26 00:55:00+00:00,2019-06-26 02:55:00+00:00,0.0,45000.0,"POLYGON ((-103.01 43.98, -101.57115988084978 42.55912941728114, -102.37251017379465 40.411867581395214, -106.03224508649659 41.10429595785295, -106.28 43.09, -103.01 43.98))"
7C,2019-06-26 00:55:00+00:00,2019-06-26 02:55:00+00:00,0.0,45000.0,"POLYGON ((-93.61983769755517 29.063081009224742, -92.60016230244482 29.063081009224742, -92.24249119671636 28.292691090479412, -93.97750880328364 28.292691090479412, -93.61983769755517 29.063081009224742))"
3C,2019-06-26 00:55:00+00:00,2019-06-26 02:55:00+00:00,0.0,45000.0,"POLYGON ((-96.63157851737442 40.967764446736965, -94.74 40.288213734418356, -96.21 39.70089313279084, -99.43306934821706 39.51195578775288, -99.37578812332485 40.5756759355119, -96.63157851737442 40.967764446736965))"
6C,2019-06-26 00:55:00+00:00,2019-06-26 02:55:00+00:00,0.0,45000.0,"POLYGON ((-96.44576363025864 32.86859529160735, -93.88893501327709 31.863176975348615, -94.99563474524291 31.394987737935168, -97.04 32.37089313279082, -96.44576363025864 32.86859529160735))"
4C,2019-06-26 00:55:00+00:00,2019-06-26 02:55:00+00:00,0.0,45000.0,"POLYGON ((-90.26812548498647 35.25494108293, -89.98 34.35452417705442, -92.92534298724674 34.42306291183953, -92.90040748893706 35.266088620846396, -90.26812548498647 35.25494108293))"
2C,2019-06-26 00:55:00+00:00,2019-06-26 02:55:00+00:00,0.0,45000.0,"POLYGON ((-90.79208167618765 41.26242932176415, -90.41321137298506 39.84677447610352, -93.89547060341522 40.122670506580974, -93.56527191380998 41.28626400286543, -90.79208167618765 41.26242932176415))"
5C,2019-06-26 00:55:00+00:00,2019-06-26 02:55:00+00:00,0.0,45000.0,"POLYGON ((-89.30793402226548 33.48744306994657, -88.06993387320037 32.63256398647828, -89.04093694470487 29.846534814906935, -90.26 30.634524177054434, -89.30793402226548 33.48744306994657))"
3W,2019-06-26 00:55:00+00:00,2019-06-26 02:55:00+00:00,0.0,43000.0,"POLYGON ((-105.05464847854692 46.63118400880372, -104.51639071280185 44.41581846753475, -109.58119807086274 43.60424794195615, -109.81330738628067 45.803788719491365, -105.05464847854692 46.63118400880372))"
4W,2019-06-26 00:55:00+00:00,2019-06-26 02:55:00+00:00,0.0,44000.0,"POLYGON ((-108.2263045968759 42.17548831101274, -107.99752196975204 41.26712439086235, -109.64461681316737 41.11774018630557, -109.19106726795852 41.89728331180715, -108.2263045968759 42.17548831101274))"
2W,2019-06-26 00:55:00+00:00,2019-06-26 02:55:00+00:00,0.0,40000.0,"POLYGON ((-111.90203943315748 47.44894747337148, -111.27090956572732 46.1374162874857, -118.34027756719938 43.91653101480852, -118.43785175893102 45.345973528205974, -111.90203943315748 47.44894747337148))"
MIKE 4,2019-06-26 01:20:00+00:00,2019-06-26 05:20:00+00:00,0.0,37000.0,"POLYGON ((-51 38.45, -48.3 38.15, -51.45 34.45, -53.45 35.45, -51 38.45))"
5E,2019-06-26 01:55:00+00:00,2019-06-26 03:55:00+00:00,,,"POLYGON ((-83.84063987377941 43.59694376431005, -83.54249201601925 42.12535018600848, -85.29353868626626 41.01387545166557, -84.03464008640786 43.54832362959084, -83.69308259474512 42.18546796516114, -85.40071963108954 41.18273114469009, -83.64967296084254 42.29420587903301, -83.49908238211667 42.23408809988035, -83.84063987377941 43.59694376431005))"
8E,2019-06-26 01:55:00+00:00,2019-06-26 03:55:00+00:00,0.0,45000.0,"POLYGON ((-81.146197042099 29.927835121687384, -80.69165158755354 29.927835121687384, -80.69165158755354 29.47328966714193, -81.146197042099 29.47328966714193, -81.146197042099 29.927835121687384))"
13C,2019-06-26 01:55:00+00:00,2019-06-26 03:55:00+00:00,0.0,45000.0,"POLYGON ((-96.61334801261434 40.50598304567661, -95.99397122754162 39.79910019985046, -97.06247400248816 38.92867404192656, -99.29645267626333 39.25627327751715, -99.83290031104943 40.19753391433971, -96.61334801261434 40.50598304567661))"
14C,2019-06-26 01:55:00+00:00,2019-06-26 03:55:00+00:00,0.0,45000.0,"POLYGON ((-95.64936087995983 41.4020883585773, -93.34020608792233 41.003908203619204, -93.37419161714976 40.806816895330044, -95.68334640918727 41.20499705028814, -95.64936087995983 41.4020883585773))"
17C,2019-06-26 01:55:00+00:00,2019-06-26 03:55:00+00:00,0.0,45000.0,"POLYGON ((-102.91823275322409 32.62128459815007, -102.50541122404145 32.12025965954565, -103.55492907078828 31.98026177761972, -104.01173288953247 32.827380110356025, -102.91823275322409 32.62128459815007))"
19C,2019-06-26 01:55:00+00:00,2019-06-26 03:55:00+00:00,0.0,45000.0,"POLYGON ((-101.80360293477109 36.7604553092459, -99.88 35.76171624231643, -99.6410189280408 34.58958825228857, -100.29 34.080858121158215, -101.91 33.9891418788418, -101.80360293477109 36.7604553092459))"
16C,2019-06-26 01:55:00+00:00,2019-06-26 03:55:00+00:00,0.0,45000.0,"POLYGON ((-96.86935677087104 32.69475416931348, -95.65657240707205 32.17647008640651, -95.73516653630176 31.992559883180533, -96.94795090010075 32.5108439660875, -96.86935677087104 32.69475416931348))"
7W,2019-06-26 01:55:00+00:00,2019-06-26 03:55:00+00:00,0.0,40000.0,"POLYGON ((-110.76864891920755 47.44821174625039, -109.2023596500474 45.39960502054951, -111.41835145419083 44.91244079687733, -111.95 46.89914187884179, -110.76864891920755 47.44821174625039))"
9W,2019-06-26 01:55:00+00:00,2019-06-26 03:55:00+00:00,0.0,44000.0,"POLYGON ((-107.19034373477243 42.80975735131149, -107.30000000000001 40.953712818262694, -109.02 41.011716242316425, -109.3765570582419 41.47879885032143, -107.19034373477243 42.80975735131149))"
7E,2019-06-26 01:55:00+00:00,2019-06-26 03:55:00+00:00,0.0,45000.0,"POLYGON ((-81.1500602686632 25.176804459684146, -81.12523399361866 24.33383181731258, -82.31556621708232 24.11856181931795, -82.30787891407311 24.780147440348717, -81.1500602686632 25.176804459684146))"
6E,2019-06-26 01:55:00+00:00,2019-06-26 03:55:00+00:00,0.0,45000.0,"POLYGON ((-81.37917723862456 29.064448955009638, -80.70669581400041 28.946472510167855, -81.43602911539266 26.65692051132631, -82.1756785361268 26.882375296332857, -81.37917723862456 29.064448955009638))"
11C,2019-06-26 01:55:00+00:00,2019-06-26 03:55:00+00:00,0.0,31000.0,"POLYGON ((-85.8286043464388 46.78496429338158, -84.31 46.41, -85.55 45.83458269015475, -87.4 46.01726208852722, -85.8286043464388 46.78496429338158))"
18C,2019-06-26 01:55:00+00:00,2019-06-26 03:55:00+00:00,0.0,45000.0,"POLYGON ((-104.07227144603736 43.656729138699795, -102.52244380247296 43.626037655348554, -101.57115988084978 42.55912941728114, -101.96510070978405 40.7772018336578, -106.18752693740394 40.98612927819978, -104.07227144603736 43.656729138699795))"
12C,2019-06-26 01:55:00+00:00,2019-06-26 03:55:00+00:00,0.0,45000.0,"POLYGON ((-89.99752064502489 41.03194779435294, -89.94173571889883 39.73497985282954, -92.79084232336939 40.06615980145996, -92.38853715007569 40.92915811231926, -89.99752064502489 41.03194779435294))"
15C,2019-06-26 01:55:00+00:00,2019-06-26 03:55:00+00:00,0.0,45000.0,"POLYGON ((-88.51 32.99089313279082, -87.41467402561494 32.597286165297675, -88.36 30.230893132790825, -89.28932830451531 30.102763848205786, -88.51 32.99089313279082))"
10W,2019-06-26 01:55:00+00:00,2019-06-26 03:55:00+00:00,0.0,40000.0,"POLYGON ((-114.49000000000001 41.81452417705442, -112.70596454838984 41.73859964667583, -113.35511233852992 40.601958600514514, -114.85000000000001 39.96547582294558, -114.49000000000001 41.81452417705442))"
8W,2019-06-26 01:55:00+00:00,2019-06-26 03:55:00+00:00,0.0,43000.0,"POLYGON ((-105.50335854127816 46.50646526978454, -103.8872416146282 46.53620877865849, -104.51639071280185 44.41581846753475, -106.35126288895752 44.153670593284346, -105.50335854127816 46.50646526978454))"
6W,2019-06-26 01:55:00+00:00,2019-06-26 03:55:00+00:00,0.0,40000.0,"POLYGON ((-113.61687553529333 47.28637783250662, -113.56521203387996 45.95138458253444, -115.17326038333957 45.3331372256314, -117.38725039877272 46.13520583327132, -113.61687553529333 47.28637783250662))"
WHISKEY 4,2019-06-26 02:44:00+00:00,2019-06-26 06:45:00+00:00,0.0,49000.0,"POLYGON ((-157.5 24.2, -155.2 23.3, -161.2 21, -157.5 24.2))"
ALFA 1,2019-06-26 02:50:00+00:00,2019-06-26 06:50:00+00:00,0.0,43000.0,"POLYGON ((-50 30.15, -49.45 27.45, -50.45 25.45, -55.15 28.45, -53.45 30, -50 30.15))"
8E,2019-06-26 02:55:00+00:00,2019-06-26 04:55:00+00:00,0.0,45000.0,"POLYGON ((-81.07607525813013 29.683026839724267, -80.5306207126756 29.683026839724267, -80.5306207126756 29.13757229426972, -81.07607525813013 29.13757229426972, -81.07607525813013 29.683026839724267))"
21C,2019-06-26 02:55:00+00:00,2019-06-26 04:55:00+00:00,0.0,45000.0,"POLYGON ((-89.20595196370753 41.159362209808826, -88.86000000000001 39.450858121158205, -91.80319030592564 40.01480106924619, -91.90315606539833 40.98536150358635, -89.20595196370753 41.159362209808826))"
22C,2019-06-26 02:55:00+00:00,2019-06-26 04:55:00+00:00,0.0,45000.0,"POLYGON ((-96.34404297197793 40.30214985368256, -95.48716720377186 39.287612313698084, -97.1061131799869 38.76289750034191, -98.17752599751185 38.92867404192656, -99.0158246496662 39.640987809714204, -96.34404297197793 40.30214985368256))"
28C,2019-06-26 02:55:00+00:00,2019-06-26 04:55:00+00:00,0.0,45000.0,"POLYGON ((-101.24531293312936 36.50541651904672, -99.88 35.61714530289553, -99.58940861833156 34.368004085246916, -101.91 33.7, -102.17135046216211 35.288838167740025, -101.24531293312936 36.50541651904672))"
25C,2019-06-26 02:55:00+00:00,2019-06-26 04:55:00+00:00,0.0,45000.0,"POLYGON ((-102.64204465211111 33.084475024991576, -102.19 32.443712818262675, -103.17475959833882 32.00354948033031, -103.50210956282534 32.40399592823378, -102.64204465211111 33.084475024991576))"
20C,2019-06-26 02:55:00+00:00,2019-06-26 04:55:00+00:00,0.0,31000.0,"POLYGON ((-85.08800102812386 46.628669163551294, -84.31 46.41, -85.18968946765358 45.793238613082124, -86.14342445772522 46.34311744855724, -85.08800102812386 46.628669163551294))"
23C,2019-06-26 02:55:00+00:00,2019-06-26 04:55:00+00:00,0.0,45000.0,"POLYGON ((-95.33067383299831 41.475958655028585, -92.93974827506086 41.21651196264686, -93.46700381163896 40.40332400489701, -95.3857292546237 41.05880693072547, -95.33067383299831 41.475958655028585))"
11W,2019-06-26 02:55:00+00:00,2019-06-26 04:55:00+00:00,0.0,40000.0,"POLYGON ((-110.76864891920755 47.44821174625039, -109.98769396579813 46.76244290230522, -111.10823162021565 46.60691302342925, -111.41000000000001 47.160858121158206, -110.76864891920755 47.44821174625039))"
12W,2019-06-26 02:55:00+00:00,2019-06-26 04:55:00+00:00,0.0,40000.0,"POLYGON ((-109.21097335653364 46.217392771007944, -109.05756710680362 45.50248049331834, -110.3290751048567 45.29925663921774, -110.9219129445154 45.88976326766189, -109.21097335653364 46.217392771007944))"
13W,2019-06-26 02:55:00+00:00,2019-06-26 04:55:00+00:00,0.0,44000.0,"POLYGON ((-106.77063536450672 45.044089700640804, -106.44 44.28914187884178, -107.24388357079191 43.99718192502322, -107.62346664424902 44.67263732005014, -106.77063536450672 45.044089700640804))"
10E,2019-06-26 02:55:00+00:00,2019-06-26 04:55:00+00:00,0.0,45000.0,"POLYGON ((-82.05923566011576 24.82505908332018, -81.8 24.090893132790825, -82.57192140532622 23.882195511106563, -82.89774879654998 24.586020889740663, -82.05923566011576 24.82505908332018))"
9E,2019-06-26 02:55:00+00:00,2019-06-26 04:55:00+00:00,0.0,45000.0,"POLYGON ((-81.55647691247047 28.078713840927172, -80.75511762882546 27.444466560901983, -81.38432146387322 26.882375296332857, -82.03151578496121 27.20804198493829, -81.55647691247047 28.078713840927172))"
27C,2019-06-26 02:55:00+00:00,2019-06-26 04:55:00+00:00,0.0,45000.0,"POLYGON ((-102.2005932144076 43.388922083153396, -101.57115988084978 42.55912941728114, -104.32547391752873 40.42434146314661, -105.54491306710095 40.619186596910325, -103.44675490829964 43.21063701635652, -102.2005932144076 43.388922083153396))"
24C,2019-06-26 02:55:00+00:00,2019-06-26 04:55:00+00:00,0.0,45000.0,"POLYGON ((-87.94880662078909 33.018171193646076, -86.9 33.004524177054435, -87.22523196645838 31.898439406737257, -88.25283487334336 32.56981874089525, -87.94880662078909 33.018171193646076))"
26C,2019-06-26 02:55:00+00:00,2019-06-26 04:55:00+00:00,0.0,45000.0,"POLYGON ((-104.10907829122907 46.47015278437816, -102.77 46.36089313279083, -103.33827017740707 44.21481253257027, -105.5816413686589 44.25146251234015, -104.10907829122907 46.47015278437816))"
14W,2019-06-26 02:55:00+00:00,2019-06-26 04:55:00+00:00,0.0,40000.0,"POLYGON ((-112.36426581083533 42.04626316203784, -112.63981125011625 40.84812028742686, -113.5573618348877 40.66615608230661, -113.85672058478129 42.00768656937299, -112.36426581083533 42.04626316203784))"
GOLF 2,2019-06-26 03:15:00+00:00,2019-06-26 07:15:00+00:00,29000.0,36000.0,"POLYGON ((164.15 44, 176.15 42.45, 176.15 40.3, 165 39.15, 165 43, 164.15 44))"
11E,2019-06-26 03:55:00+00:00,2019-06-26 05:55:00+00:00,0.0,45000.0,"POLYGON ((-80.55384516085401 29.570168477143856, -80.00839061539948 29.570168477143856, -80.00839061539948 29.02471393168931, -80.55384516085401 29.02471393168931, -80.55384516085401 29.570168477143856))"
33C,2019-06-26 03:55:00+00:00,2019-06-26 05:55:00+00:00,0.0,45000.0,"POLYGON ((-86.63572753983254 33.13545384250937, -86.56112793385564 32.01531686856868, -87.1069888419436 31.94093634802107, -87.90070174603335 32.977371643236616, -86.63572753983254 33.13545384250937))"
34C,2019-06-26 03:55:00+00:00,2019-06-26 05:55:00+00:00,0.0,45000.0,"POLYGON ((-103.35418694741253 46.692536068290245, -102.44954130677816 46.32528520666694, -102.40728208788495 43.97841591741235, -105.23422236253546 43.993659586775344, -103.35418694741253 46.692536068290245))"
31C,2019-06-26 03:55:00+00:00,2019-06-26 05:55:00+00:00,0.0,45000.0,"POLYGON ((-96.21 40.2, -95.3003809754417 39.28865691145, -96.59464361458508 38.593555437195754, -98.30464556312468 38.70669779969503, -99.10976067817168 39.25463361369813, -96.21 40.2))"
12E,2019-06-26 03:55:00+00:00,2019-06-26 05:55:00+00:00,0.0,45000.0,"POLYGON ((-81.34 28.040893132790824, -80.60692552928559 26.870063887745584, -81.26375746908798 26.72006998443853, -81.80044351103226 27.397996788231897, -81.34 28.040893132790824))"
36C,2019-06-26 03:55:00+00:00,2019-06-26 05:55:00+00:00,0.0,45000.0,"POLYGON ((-101.92909165047294 35.52493765759384, -98.97745958808196 34.75791864122066, -99.33373973754031 34.242430858091616, -101.91 33.36726208852721, -101.92909165047294 35.52493765759384))"
30C,2019-06-26 03:55:00+00:00,2019-06-26 05:55:00+00:00,0.0,45000.0,"POLYGON ((-89.99910716359089 41.2866103433956, -88.5734159882184 41.088606068255814, -88.06340578438414 39.482605931564024, -89.65659421561587 39.482605931564024, -89.99910716359089 41.2866103433956))"
32C,2019-06-26 03:55:00+00:00,2019-06-26 05:55:00+00:00,0.0,45000.0,"POLYGON ((-94.71728035243683 41.840675952468764, -92.9842258953669 41.43808081345296, -93.19478455203908 40.31942932210203, -95.33241744153506 41.041947541371826, -94.71728035243683 41.840675952468764))"
35C,2019-06-26 03:55:00+00:00,2019-06-26 05:55:00+00:00,0.0,45000.0,"POLYGON ((-101.29639606091149 43.560830911975906, -100.89359062017347 42.56645013138365, -102.98 41.43273791147279, -103.01 43.148155221318035, -101.29639606091149 43.560830911975906))"
29C,2019-06-26 03:55:00+00:00,2019-06-26 05:55:00+00:00,0.0,31000.0,"POLYGON ((-84.75688814729885 46.53646435777024, -83.63336297821478 45.93743028439526, -84.31000000000002 45.41178626558163, -85.09634164628824 45.437634370812184, -84.75688814729885 46.53646435777024))"
15W,2019-06-26 03:55:00+00:00,2019-06-26 05:55:00+00:00,0.0,43000.0,"POLYGON ((-105.97019778667713 45.153169888527685, -106.11161827579029 44.23481220419991, -106.86826580740198 44.126534587961245, -106.87945961315197 45.147268032061184, -105.97019778667713 45.153169888527685))"
14E,2019-06-26 04:55:00+00:00,2019-06-26 06:55:00+00:00,0.0,43000.0,"POLYGON ((-87.19367907057638 33.43056840323701, -86.0887052130938 32.23237013581687, -86.23573042471641 32.0967840482292, -87.34070428219898 33.29498231564934, -87.19367907057638 33.43056840323701))"
13E,2019-06-26 04:55:00+00:00,2019-06-26 06:55:00+00:00,0.0,33000.0,"POLYGON ((-85.62452754376736 44.44753379303336, -85.47547245623264 44.31418244928304, -86.56013788777203 43.10178446140307, -86.70919297530675 43.235135805153405, -85.62452754376736 44.44753379303336))"
40C,2019-06-26 04:55:00+00:00,2019-06-26 06:55:00+00:00,0.0,45000.0,"POLYGON ((-95.19337396451392 41.57762081709315, -91.03073967614907 41.51854668811459, -92.44470909001167 40.39704167484675, -93.34631948814337 40.12754001918577, -94.6807951702543 40.833185008196, -95.19337396451392 41.57762081709315))"
41C,2019-06-26 04:55:00+00:00,2019-06-26 06:55:00+00:00,0.0,42000.0,"POLYGON ((-88.22239361261225 40.99346464780083, -87.84247678722109 39.288405908627986, -88.03768956199657 39.24490909765918, -88.41760638738774 40.94996783683202, -88.22239361261225 40.99346464780083))"
37C,2019-06-26 04:55:00+00:00,2019-06-26 06:55:00+00:00,0.0,43000.0,"POLYGON ((-103.13823232876206 46.244585368507884, -101.91910670288728 46.26862010972649, -101.06916033479058 44.887147651575724, -102.54760055412311 43.97906764540835, -103.45821025489727 44.74765573920177, -103.13823232876206 46.244585368507884))"
38C,2019-06-26 04:55:00+00:00,2019-06-26 06:55:00+00:00,0.0,45000.0,"POLYGON ((-100.95941574564564 43.271786148773295, -100.30827936129819 42.33427734129061, -101.77399601243113 41.36381358475938, -102.02464050299476 42.326516151160604, -100.95941574564564 43.271786148773295))"
39C,2019-06-26 04:55:00+00:00,2019-06-26 06:55:00+00:00,0.0,45000.0,"POLYGON ((-95.75032806436765 39.84616659060084, -95.27585081831934 38.52205021385549, -96.5279945470293 37.74532469243881, -99.62630742060291 38.787873964804376, -99.58540500434296 39.25822327103064, -95.75032806436765 39.84616659060084))"
ALFA 2,2019-06-26 05:00:00+00:00,2019-06-26 09:00:00+00:00,0.0,48000.0,"POLYGON ((-49 31.15, -48.15 27.15, -51 25.15, -54 28.3, -49 31.15))"
MIKE 5,2019-06-26 05:00:00+00:00,2019-06-26 09:00:00+00:00,0.0,35000.0,"POLYGON ((-50.3 38, -48.3 37.3, -52 35.15, -54 35.3, -50.3 38))"
43C,2019-06-26 05:55:00+00:00,2019-06-26 07:55:00+00:00,0.0,45000.0,"POLYGON ((-100.83113806483308 43.18030497658691, -99.8391055626551 42.83703352977863, -99.06444660293339 41.59909444717231, -101.12058552113884 41.71724054255493, -100.83113806483308 43.18030497658691))"
44C,2019-06-26 05:55:00+00:00,2019-06-26 07:55:00+00:00,0.0,45000.0,"POLYGON ((-97.21145648138393 39.87734114716339, -94.5761939384378 38.982475242413514, -95.44113868723264 37.62087097863539, -96.80510557555868 37.49279298401074, -100.03166763355108 39.196165079536634, -97.21145648138393 39.87734114716339))"
45C,2019-06-26 05:55:00+00:00,2019-06-26 07:55:00+00:00,0.0,45000.0,"POLYGON ((-95.31206992896432 41.9377377950307, -90.40979592552496 41.41176676336402, -92.74359646343666 40.0122578350218, -95.65562013378472 41.0162642968693, -95.31206992896432 41.9377377950307))"
42C,2019-06-26 05:55:00+00:00,2019-06-26 07:55:00+00:00,0.0,42000.0,"POLYGON ((-100.30243711842454 46.14458742997585, -100.2493295194107 44.543670122430434, -102.3508365751586 44.44867750701674, -102.31100079617168 46.09054911777646, -100.30243711842454 46.14458742997585))"
WHISKEY 5,2019-06-26 06:08:00+00:00,2019-06-26 10:10:00+00:00,0.0,53000.0,"POLYGON ((-157.2 24.1, -156 21.5, -162.5 18.5, -161.4 22.4, -157.2 24.1))"
49C,2019-06-26 06:55:00+00:00,2019-06-26 08:55:00+00:00,,,"POLYGON ((-98.19681217602218 41.38867878551958, -96.21055336534747 40.14709253277131, -97.47045593299555 39.01043206453873, -98.29303237205352 41.21334574848523, -96.32564936593258 40.13367484493151, -97.60442773813443 39.15892972589346, -96.34452517048635 40.29559019412605, -96.22942916990124 40.30900788196585, -98.19681217602218 41.38867878551958))"
46C,2019-06-26 06:55:00+00:00,2019-06-26 08:55:00+00:00,0.0,42500.0,"POLYGON ((-100.67 46.037145302895524, -98.5283925899417 45.68702315931148, -99.2298702634179 44.10958971409465, -101.48658170973596 44.67906276593225, -100.67 46.037145302895524))"
47C,2019-06-26 06:55:00+00:00,2019-06-26 08:55:00+00:00,0.0,45000.0,"POLYGON ((-99.99 43.14828375768358, -98.55118487030411 42.57214342210335, -98.57257325837267 41.78048472547926, -100.39518224109382 41.16010620805236, -99.99 43.14828375768358))"
48C,2019-06-26 06:55:00+00:00,2019-06-26 08:55:00+00:00,0.0,45000.0,"POLYGON ((-90.33933182935749 41.73156854575855, -92.40091585094798 40.129846247367134, -95.03266008359422 40.946532622242735, -95.51815175973773 41.570486304804184, -90.33933182935749 41.73156854575855))"
50C,2019-06-26 06:55:00+00:00,2019-06-26 08:55:00+00:00,0.0,45000.0,"POLYGON ((-95.85134774262198 39.531613080414424, -93.97845646767567 38.43486546631844, -95.38140464791056 37.159861756582885, -97.06568436773385 37.33997149550803, -97.83929390919671 37.95417051695135, -95.85134774262198 39.531613080414424))"
BRAVO 1,2019-06-26 07:30:00+00:00,2019-06-26 11:30:00+00:00,0.0,48000.0,"POLYGON ((-70 38.45, -69 37.45, -71.3 36, -72.3 36.45, -70 38.45))"
55C,2019-06-26 07:55:00+00:00,2019-06-26 09:55:00+00:00,0.0,45000.0,"POLYGON ((-95.52563747944163 38.673986146547314, -93.63613495529025 38.543536106465275, -95.53597269852968 36.40418606498418, -96.81063383107376 37.134127902659365, -95.52563747944163 38.673986146547314))"
53C,2019-06-26 07:55:00+00:00,2019-06-26 09:55:00+00:00,0.0,45000.0,"POLYGON ((-97.76176438038893 41.29592759378585, -96.32943500249667 40.338325387770254, -96.44059320823823 40.17206097998459, -97.87292258613049 41.12966318600019, -97.76176438038893 41.29592759378585))"
52C,2019-06-26 07:55:00+00:00,2019-06-26 09:55:00+00:00,0.0,45000.0,"POLYGON ((-99.12694884934261 43.23770077539203, -97.85311115081055 42.7216298883494, -98.19350034822 41.26225325893106, -100.34158060942615 41.176613142755606, -99.12694884934261 43.23770077539203))"
54C,2019-06-26 07:55:00+00:00,2019-06-26 09:55:00+00:00,0.0,45000.0,"POLYGON ((-90.2195441540864 41.628855668262226, -90.03195283360337 41.15915538376166, -93.31346268357284 40.824687516519965, -93.33500251724523 41.674852522770095, -90.2195441540864 41.628855668262226))"
51C,2019-06-26 07:55:00+00:00,2019-06-26 09:55:00+00:00,0.0,43000.0,"POLYGON ((-99.47106345215379 45.733063891881685, -97.65894330802017 45.41779407597574, -98.37 44.25541730984525, -101.06916033479058 44.887147651575724, -99.47106345215379 45.733063891881685))"
ALFA 3,2019-06-26 08:20:00+00:00,2019-06-26 12:20:00+00:00,0.0,45000.0,"POLYGON ((-45.3 40.45, -44 39.45, -46 30.3, -53.3 23.3, -54.3 27.45, -48 32.45, -45.3 40.45))"
MIKE 6,2019-06-26 08:45:00+00:00,2019-06-26 12:45:00+00:00,0.0,35000.0,"POLYGON ((-51 37, -49.15 36.45, -52 34.3, -53.15 35.15, -51 37))"
56C,2019-06-26 08:55:00+00:00,2019-06-26 10:55:00+00:00,0.0,39000.0,"POLYGON ((-98.66234347495293 45.62408222784283, -97.54615064910735 45.41703870547806, -97.52108775695127 43.86891143896223, -99.60085759467795 44.22265891339685, -100.16000000000001 44.96828375768358, -98.66234347495293 45.62408222784283))"
57C,2019-06-26 08:55:00+00:00,2019-06-26 10:55:00+00:00,0.0,45000.0,"POLYGON ((-98.04722812000331 42.938774937917856, -95.99218187108897 40.199795881966224, -97.29903819097478 40.1948973195314, -99.93158832431888 41.30177800390811, -98.04722812000331 42.938774937917856))"
58C,2019-06-26 08:55:00+00:00,2019-06-26 10:55:00+00:00,0.0,45000.0,"POLYGON ((-93.50683139934935 38.58423968751526, -93.96148035609225 36.557305335330014, -95.40967214984332 36.07206473618769, -96.18841726378886 36.96786669281985, -95.07887463339102 38.45953019651482, -93.50683139934935 38.58423968751526))"
WHISKEY 6,2019-06-26 09:26:00+00:00,2019-06-26 13:30:00+00:00,0.0,55000.0,"POLYGON ((-156.2 24, -155.3 22, -162.1 18.3, -162.3 20.4, -156.2 24))"
59C,2019-06-26 09:55:00+00:00,2019-06-26 11:55:00+00:00,0.0,39000.0,"POLYGON ((-97.4232197360806 45.139451573412295, -96.78 44.228283757683585, -98.37 44.40800342405374, -98.68233655194383 44.885307156704975, -97.4232197360806 45.139451573412295))"
61C,2019-06-26 09:55:00+00:00,2019-06-26 11:55:00+00:00,0.0,45000.0,"POLYGON ((-94.34957850452788 38.00278392071704, -93.33 37.36, -94.45077762710095 36.13889463608484, -95.79 36.2, -95.4572414309158 37.36417651074204, -94.34957850452788 38.00278392071704))"
60C,2019-06-26 09:55:00+00:00,2019-06-26 11:55:00+00:00,0.0,45000.0,"POLYGON ((-97.11136733706935 42.459167432182845, -95.33875371239671 40.196734219613774, -95.96161787620461 39.7386190093792, -98.9726290308528 40.907752625200835, -99.73254680132843 42.10859593302704, -97.11136733706935 42.459167432182845))"
65C,2019-06-26 10:55:00+00:00,2019-06-26 12:55:00+00:00,,,"POLYGON ((-101.8169504943794 39.44699539850875, -101.5716512628165 39.26801105361837, -100.6613070676423 37.98057958572682, -101.8297960885549 39.24740834805137, -101.4964241827853 39.22595224555767, -100.4980073134045 38.09604902006279, -101.4083515085786 39.38348048795435, -101.4835785886098 39.42553929601505, -101.8169504943794 39.44699539850875))"
64C,2019-06-26 10:55:00+00:00,2019-06-26 12:55:00+00:00,0.0,36000.0,"POLYGON ((-94.49 37.69171624231644, -93.73821185133916 36.55607561742066, -94.37286428229764 36.04527947421946, -95.07190056008658 37.05770393405408, -94.49 37.69171624231644))"
63C,2019-06-26 10:55:00+00:00,2019-06-26 12:55:00+00:00,0.0,45000.0,"POLYGON ((-96.40188456222963 42.98154186436794, -95.4324864875311 39.50925189995859, -98.56984736142644 40.97909166475509, -99.2317809341828 42.30274748357154, -96.40188456222963 42.98154186436794))"
62C,2019-06-26 10:55:00+00:00,2019-06-26 12:55:00+00:00,0.0,40000.0,"POLYGON ((-98.60537055650704 45.29878369673831, -97.0337334067209 44.2674581097933, -97.14346013684403 44.100245536412935, -98.71509728663017 45.13157112335794, -98.60537055650704 45.29878369673831))"
BRAVO 2,2019-06-26 11:15:00+00:00,2019-06-26 15:15:00+00:00,0.0,45000.0,"POLYGON ((-69.3 38.3, -68.45 38, -70.3 36.15, -71.3 37, -69.3 38.3))"
ALFA 4,2019-06-26 11:30:00+00:00,2019-06-26 15:30:00+00:00,0.0,40000.0,"POLYGON ((-44.45 39.45, -43.3 39, -45.45 30.3, -49 27.3, -50 29.3, -48 32, -44.45 39.45))"
68C,2019-06-26 11:55:00+00:00,2019-06-26 13:55:00+00:00,,,"POLYGON ((-101.7114462982569 39.43823605923026, -100.3465197807011 39.25278218934867, -100.4296815761026 38.07069198947134, -101.7237917709866 39.23861744961914, -100.4524459653499 39.15999068729425, -100.6291884726706 38.08472759497361, -100.5460266772691 39.26681779485094, -100.4401004926202 39.35960929690537, -101.7114462982569 39.43823605923026))"
66C,2019-06-26 11:55:00+00:00,2019-06-26 13:55:00+00:00,,,"POLYGON ((-98.2470070953996 45.36001463876144, -98.10563291241786 45.11289643324893, -96.76282568008054 43.73488568997819, -98.31089413433472 45.17049301398976, -98.06595685281364 45.08792556206941, -96.61958652193698 43.87446557239083, -97.9623937542743 45.25247631566157, -98.00206981387852 45.27744718684109, -98.2470070953996 45.36001463876144))"
67C,2019-06-26 11:55:00+00:00,2019-06-26 13:55:00+00:00,0.0,45000.0,"POLYGON ((-99.40108696382468 42.56849213608385, -96.78 42.63800342405375, -95.26363829568746 40.196146798968805, -97.53485820672954 40.19244802811771, -99.40108696382468 42.56849213608385))"
69C,2019-06-26 11:55:00+00:00,2019-06-26 13:55:00+00:00,0.0,45000.0,"POLYGON ((-98.6839426119207 29.934039068113847, -98.49135257165541 29.880103213706832, -98.94677359801823 28.253920505206736, -99.13936363828351 28.30785635961375, -98.6839426119207 29.934039068113847))"
72C,2019-06-26 12:55:00+00:00,2019-06-26 14:55:00+00:00,0.0,45000.0,"POLYGON ((-100.31198879240057 39.35741708808452, -99.78960385212389 38.235794362750305, -99.97090478627956 38.15135520551693, -100.49328972655624 39.27297793085114, -100.31198879240057 39.35741708808452))"
73C,2019-06-26 12:55:00+00:00,2019-06-26 14:55:00+00:00,0.0,45000.0,"POLYGON ((-98.76138871169955 29.919656798457627, -98.63003917178874 29.768834723265652, -99.63565101469537 28.893056739661233, -99.76700055460618 29.04387881485321, -98.76138871169955 29.919656798457627))"
70C,2019-06-26 12:55:00+00:00,2019-06-26 14:55:00+00:00,0.0,32000.0,"POLYGON ((-96.75127436345738 44.613211010175114, -95.84710040670414 44.342052988200265, -95.90455167978938 44.15048224090077, -96.80872563654262 44.42164026287562, -96.75127436345738 44.613211010175114))"
71C,2019-06-26 12:55:00+00:00,2019-06-26 14:55:00+00:00,0.0,45000.0,"POLYGON ((-98.84978472047638 42.587529776009276, -96.84789503391721 41.98821452767679, -94.9052505935764 39.5972932120436, -96.82682352655912 39.18198755793214, -98.84978472047638 42.587529776009276))"
WHISKEY 7,2019-06-26 13:23:00+00:00,2019-06-26 17:25:00+00:00,0.0,55000.0,"POLYGON ((-156.1 23.3, -155.3 22.1, -163.5 17.4, -168.4 16.4, -164.2 21.1, -156.1 23.3))"
XRAY 1,2019-06-26 13:41:00+00:00,2019-06-26 17:45:00+00:00,0.0,57000.0,"POLYGON ((-143.2 11.2, -140.5 11.1, -140.3 7, -143.5 6.1, -143.2 11.2))"
77C,2019-06-26 13:55:00+00:00,2019-06-26 15:55:00+00:00,0.0,39000.0,"POLYGON ((-104.04353726352213 44.787505491271624, -103.98963412154768 44.59490629271337, -105.29276437871272 44.23019649231448, -105.34666752068716 44.42279569087273, -104.04353726352213 44.787505491271624))"
76C,2019-06-26 13:55:00+00:00,2019-06-26 15:55:00+00:00,0.0,36000.0,"POLYGON ((-98.78704941266739 30.24437018388247, -98.64491327662375 30.103667238530978, -99.78242654180777 28.954567340104987, -99.9245626778514 29.09527028545648, -98.78704941266739 30.24437018388247))"
75C,2019-06-26 13:55:00+00:00,2019-06-26 15:55:00+00:00,0.0,45000.0,"POLYGON ((-99.86539341781192 39.470823137549125, -99.78047690548914 38.20024319570065, -99.98003173291431 38.18690637256658, -100.06494824523709 39.45748631441506, -99.86539341781192 39.470823137549125))"
74C,2019-06-26 13:55:00+00:00,2019-06-26 15:55:00+00:00,0.0,45000.0,"POLYGON ((-96.84789503391721 41.98821452767679, -94.42759648121597 40.849165488669634, -96.62212803885554 39.43074057096752, -98.9470480979303 42.00859694097121, -96.84789503391721 41.98821452767679))"
81C,2019-06-26 14:55:00+00:00,2019-06-26 16:55:00+00:00,0.0,41000.0,"POLYGON ((-94.2777269075836 38.07233496683826, -93.39686598178366 37.16233766652112, -93.54056917567223 37.02323557427868, -94.42143010147217 37.933232874595824, -94.2777269075836 38.07233496683826))"
15E,2019-06-26 14:55:00+00:00,2019-06-26 16:55:00+00:00,0.0,31000.0,"POLYGON ((-67.31449089764818 43.70480947064958, -67.33034608587151 42.07856318058194, -68.29882807738646 41.267031814516876, -68.59852150972547 41.71376720422696, -67.31449089764818 43.70480947064958))"
79C,2019-06-26 14:55:00+00:00,2019-06-26 16:55:00+00:00,0.0,45000.0,"POLYGON ((-99.57119998294708 39.27498065573391, -99.34857811989534 37.92936032469331, -99.54589595684874 37.896715704615424, -99.76851781990048 39.242336035656024, -99.57119998294708 39.27498065573391))"
80C,2019-06-26 14:55:00+00:00,2019-06-26 16:55:00+00:00,0.0,37000.0,"POLYGON ((-99.23244333858715 30.652098950630624, -99.0638860329476 30.544449358362314, -99.85635146133644 29.3036101261171, -100.024908766976 29.41125971838541, -99.23244333858715 30.652098950630624))"
78C,2019-06-26 14:55:00+00:00,2019-06-26 16:55:00+00:00,0.0,45000.0,"POLYGON ((-96.84789503391721 41.98821452767679, -95.15589574195585 40.0577887468832, -96.21 39.534524177054436, -98.12827627576506 41.37978720272614, -96.84789503391721 41.98821452767679))"
ALFA 5,2019-06-26 15:30:00+00:00,2019-06-26 19:30:00+00:00,0.0,37000.0,"POLYGON ((-45.15 37.45, -43.3 37.15, -44.3 33.15, -47 32, -45.15 37.45))"
16E,2019-06-26 15:55:00+00:00,2019-06-26 17:55:00+00:00,0.0,31000.0,"POLYGON ((-67.17602616084655 43.60057965556288, -67.33034608587151 42.07856318058194, -67.87562329309216 41.92393152956245, -68.78818660159175 42.19342588743217, -67.17602616084655 43.60057965556288))"
84C,2019-06-26 15:55:00+00:00,2019-06-26 17:55:00+00:00,0.0,31000.0,"POLYGON ((-99.435900389184 30.235882716660367, -99.25795257148646 30.144588827616875, -99.68578957977418 29.31065938554031, -99.86373739747172 29.4019532745838, -99.435900389184 30.235882716660367))"
83C,2019-06-26 15:55:00+00:00,2019-06-26 17:55:00+00:00,0.0,42000.0,"POLYGON ((-99.60531874719729 39.33504269286388, -98.75076789936578 38.612998903035304, -98.87984820781877 38.46023020869748, -99.73439905565027 39.18227399852606, -99.60531874719729 39.33504269286388))"
85C,2019-06-26 15:55:00+00:00,2019-06-26 17:55:00+00:00,0.0,41000.0,"POLYGON ((-94.18887913151573 37.8331077632504, -92.97212313416753 37.567878955651906, -93.01471895431095 37.37246760463485, -94.23147495165915 37.637696412233346, -94.18887913151573 37.8331077632504))"
82C,2019-06-26 15:55:00+00:00,2019-06-26 17:55:00+00:00,0.0,45000.0,"POLYGON ((-96.52848044054174 41.755528343081274, -95.19909645998628 40.513947590780106, -95.90302279981269 39.96431259970335, -97.22090354001371 40.513947590780106, -96.52848044054174 41.755528343081274))"
WHISKEY 8,2019-06-26 16:43:00+00:00,2019-06-26 20:40:00+00:00,0.0,50000.0,"POLYGON ((-163.4 21.3, -159 19.1, -170 16.4, -163.4 21.3))"
16W,2019-06-26 16:55:00+00:00,2019-06-26 18:55:00+00:00,0.0,34000.0,"POLYGON ((-121.30738711115026 45.07258147680208, -119.81607703747521 45.18304802658066, -119.80130281517471 44.98359446718545, -121.29261288884976 44.87312791740687, -121.30738711115026 45.07258147680208))"
17E,2019-06-26 16:55:00+00:00,2019-06-26 18:55:00+00:00,0.0,31000.0,"POLYGON ((-67.17602616084655 43.60057965556288, -67.33034608587151 42.07856318058194, -67.87562329309216 41.92393152956245, -68.22476596757568 42.59501847246085, -67.17602616084655 43.60057965556288))"
XRAY 2,2019-06-26 16:58:00+00:00,2019-06-26 21:00:00+00:00,0.0,53000.0,"POLYGON ((-145.3 11.4, -140.5 10.5, -145.4 5.2, -145.3 11.4))"
90C,2019-06-26 17:14:00+00:00,2019-06-26 18:55:00+00:00,0.0,35000.0,"POLYGON ((-94.73885903960112 30.04094501776221, -94.62620463714208 29.875690711898205, -95.78538489837435 29.085473724881115, -95.89803930083339 29.25072803074512, -94.73885903960112 30.04094501776221))"
88C,2019-06-26 17:14:00+00:00,2019-06-26 18:55:00+00:00,0.0,41000.0,"POLYGON ((-99.72648073718024 30.216319232652, -99.52944692832396 30.18200191679553, -99.67624658419481 29.33914767213382, -99.87328039305109 29.37346498799029, -99.72648073718024 30.216319232652))"
87C,2019-06-26 17:14:00+00:00,2019-06-26 18:55:00+00:00,0.0,44000.0,"POLYGON ((-99.23306830039677 39.333619388576516, -98.20897975021886 38.49438891278316, -98.33574850195198 38.33969669066443, -99.35983705212989 39.17892716645779, -99.23306830039677 39.333619388576516))"
89C,2019-06-26 17:14:00+00:00,2019-06-26 18:55:00+00:00,0.0,37000.0,"POLYGON ((-92.86470146198349 37.85321469037838, -92.76074512432388 37.68235486519879, -93.6136097709366 37.163445957923294, -93.71756610859622 37.334305783102884, -92.86470146198349 37.85321469037838))"
91C,2019-06-26 17:14:00+00:00,2019-06-26 18:55:00+00:00,0.0,28000.0,"POLYGON ((-96.8497076684861 29.23809528277505, -96.70686813230617 29.098106472851185, -97.5570851523777 28.23057566902935, -97.69992468855763 28.370564478953213, -96.8497076684861 29.23809528277505))"
86C,2019-06-26 17:14:00+00:00,2019-06-26 18:55:00+00:00,0.0,39000.0,"POLYGON ((-96.25474994952563 42.09109270079497, -95.1209618090252 40.1948973195314, -95.90302279981269 39.96431259970335, -96.64563363485117 40.19918353327284, -96.25474994952563 42.09109270079497))"
CHARLIE 1,2019-06-26 17:35:00+00:00,2019-06-26 21:35:00+00:00,0.0,48000.0,"POLYGON ((-74.45 27.15, -74.45 26.3, -79 24.45, -79 27.15, -74.45 27.15))"
21E,2019-06-26 17:55:00+00:00,2019-06-26 19:55:00+00:00,0.0,37000.0,"POLYGON ((-86.2529853508904 33.989574707151476, -85.0798979187562 33.94957722957612, -85.08671313944363 33.74969338138678, -86.25980057157783 33.78969085896213, -86.2529853508904 33.989574707151476))"
20E,2019-06-26 17:55:00+00:00,2019-06-26 19:55:00+00:00,0.0,33000.0,"POLYGON ((-80.94386947465196 28.46733231707192, -80.52227904835097 27.45113203687737, -80.70701208953791 27.37449194623404, -81.1286025158389 28.39069222642859, -80.94386947465196 28.46733231707192))"
19E,2019-06-26 17:55:00+00:00,2019-06-26 19:55:00+00:00,0.0,39000.0,"POLYGON ((-80.3578792595246 24.850731575117685, -80.20212074047541 24.725275272989798, -80.93960072306446 23.80966730457229, -81.09535924211364 23.935123606700177, -80.3578792595246 24.850731575117685))"
98C,2019-06-26 17:55:00+00:00,2019-06-26 19:55:00+00:00,0.0,45000.0,"POLYGON ((-91.11442622030694 39.92064985335585, -90.75078985667056 39.92064985335585, -90.75078985667056 39.55701348971949, -91.11442622030694 39.55701348971949, -91.11442622030694 39.92064985335585))"
93C,2019-06-26 17:55:00+00:00,2019-06-26 19:55:00+00:00,0.0,39000.0,"POLYGON ((-99.48256978563577 39.562610360004875, -97.84711619841785 38.47875041539363, -97.95760117062103 38.312037875621535, -99.59305475783896 39.39589782023278, -99.48256978563577 39.562610360004875))"
92C,2019-06-26 17:55:00+00:00,2019-06-26 19:55:00+00:00,0.0,38000.0,"POLYGON ((-95.64000003737901 41.89294115981529, -95.64000003737901 40.736373644448136, -95.83999996262098 40.7362007190265, -95.83999996262098 41.89276823439365, -95.64000003737901 41.89294115981529))"
99C,2019-06-26 17:55:00+00:00,2019-06-26 19:55:00+00:00,0.0,39000.0,"POLYGON ((-105.4397056788776 33.29888721958393, -105.07606931524123 33.29888721958393, -105.07606931524123 32.93525085594757, -105.4397056788776 32.93525085594757, -105.4397056788776 33.29888721958393))"
95C,2019-06-26 17:55:00+00:00,2019-06-26 19:55:00+00:00,0.0,38000.0,"POLYGON ((-99.78495889114431 30.369158704559037, -99.59864303014074 30.29645107127001, -100.06517304213267 29.100951548919184, -100.25148890313625 29.173659182208212, -99.78495889114431 30.369158704559037))"
96C,2019-06-26 17:55:00+00:00,2019-06-26 19:55:00+00:00,0.0,41000.0,"POLYGON ((-93.91477192107948 30.509628615828994, -93.85403010326809 30.319075653194012, -95.62761945099683 29.753715558329805, -95.68836126880822 29.944268520964787, -93.91477192107948 30.509628615828994))"
97C,2019-06-26 17:55:00+00:00,2019-06-26 19:55:00+00:00,0.0,45000.0,"POLYGON ((-97.53 29.946287181737322, -96.31 29.482854697104475, -97.89270379931666 27.733285913266847, -98.65020815837053 29.23916591529141, -97.53 29.946287181737322))"
17W,2019-06-26 17:55:00+00:00,2019-06-26 19:55:00+00:00,0.0,32000.0,"POLYGON ((-121.7354635086471 45.84361070706569, -119.63938939621156 45.28316242244692, -119.69105058870741 45.08994979038083, -121.78712470114296 45.6503980749996, -121.7354635086471 45.84361070706569))"
18E,2019-06-26 17:55:00+00:00,2019-06-26 19:55:00+00:00,0.0,43000.0,"POLYGON ((-67.15305874683217 41.24417760921642, -67.15378242906115 39.00836505537713, -68.9609888033428 39.27681015139469, -68.40655729833676 40.75921272945844, -67.15305874683217 41.24417760921642))"
94C,2019-06-26 17:55:00+00:00,2019-06-26 19:55:00+00:00,0.0,37000.0,"POLYGON ((-91.62007555013886 38.33789878705725, -91.32304704344769 38.10071131032931, -93.50111052195068 36.24840607562531, -94.10613633572451 37.61213474549222, -91.62007555013886 38.33789878705725))"
23E,2019-06-26 18:55:00+00:00,2019-06-26 20:55:00+00:00,,,"POLYGON ((-81.183562119266 28.44014745323373, -80.0329678639405 26.56968525925549, -81.43526336063108 24.63779605934754, -81.35075702892338 28.33039381008388, -80.19749298940903 26.57355119999908, -81.59711870191076 24.75528158398457, -80.19482320522017 26.68717078389253, -80.03029807975165 26.68330484314894, -81.183562119266 28.44014745323373))"
26E,2019-06-26 18:55:00+00:00,2019-06-26 20:55:00+00:00,,,"POLYGON ((-74.72396547205835 44.78879410703276, -75.4883527499922 42.12829265674709, -77.99743981811541 40.87006796004881, -74.53555005458159 44.72171482217477, -75.43897128783317 42.18414321298443, -78.0870923112741 41.04884835738149, -75.5780052431509 42.30707305407977, -75.62738670530993 42.25122249784243, -74.72396547205835 44.78879410703276))"
24E,2019-06-26 18:55:00+00:00,2019-06-26 20:55:00+00:00,0.0,38000.0,"POLYGON ((-82.48374725695614 27.04733450593482, -82.12011089331976 27.04733450593482, -82.12011089331976 26.683698142298454, -82.48374725695614 26.683698142298454, -82.48374725695614 27.04733450593482))"
27E,2019-06-26 18:55:00+00:00,2019-06-26 20:55:00+00:00,0.0,43000.0,"POLYGON ((-79.99013118172108 40.36651654175381, -79.84958606411728 40.22422434267834, -80.53426156203898 39.54795537641688, -80.67480667964278 39.69024757549235, -79.99013118172108 40.36651654175381))"
06C,2019-06-26 18:55:00+00:00,2019-06-26 20:55:00+00:00,0.0,45000.0,"POLYGON ((-97.64862218004808 30.482173519292022, -96.31 29.627425636525366, -98.04576877900327 28.119974833128147, -98.71598134464557 30.174018711206724, -97.64862218004808 30.482173519292022))"
02C,2019-06-26 18:55:00+00:00,2019-06-26 20:55:00+00:00,0.0,39000.0,"POLYGON ((-98.60457029383109 39.34374490950735, -97.35740990494149 38.61546371169139, -97.45826375865475 38.44275441781528, -98.70542414754435 39.17103561563124, -98.60457029383109 39.34374490950735))"
01C,2019-06-26 18:55:00+00:00,2019-06-26 20:55:00+00:00,0.0,34000.0,"POLYGON ((-94.75285735715573 41.983088701519115, -94.57091549255145 41.900039572057615, -95.24111169383055 40.431791231562194, -95.42305355843483 40.514840361023694, -94.75285735715573 41.983088701519115))"
07C,2019-06-26 18:55:00+00:00,2019-06-26 20:55:00+00:00,0.0,45000.0,"POLYGON ((-99.9779867689384 30.086747772822044, -99.43762174642607 27.603441908146703, -99.6330485873426 27.560917211212047, -100.17341360985492 30.044223075887388, -99.9779867689384 30.086747772822044))"
08C,2019-06-26 18:55:00+00:00,2019-06-26 20:55:00+00:00,0.0,41000.0,"POLYGON ((-105.4397056788776 33.29888721958393, -105.07606931524123 33.29888721958393, -105.07606931524123 32.93525085594757, -105.4397056788776 32.93525085594757, -105.4397056788776 33.29888721958393))"
22E,2019-06-26 18:55:00+00:00,2019-06-26 20:55:00+00:00,0.0,43000.0,"POLYGON ((-67.15305874683217 41.24417760921642, -67.15378242906115 39.00836505537713, -68.9609888033428 39.27681015139469, -68.20543552250395 40.692524107394135, -67.15305874683217 41.24417760921642))"
25E,2019-06-26 18:55:00+00:00,2019-06-26 20:55:00+00:00,0.0,45000.0,"POLYGON ((-85.52567732039249 35.086755193544505, -85.03942646782119 33.628554061276965, -85.63274716054416 33.40220954538821, -86.73978426134461 34.962369672831116, -85.52567732039249 35.086755193544505))"
04C,2019-06-26 18:55:00+00:00,2019-06-26 20:55:00+00:00,0.0,45000.0,"POLYGON ((-90.07208399807621 40.225754117214876, -89.75831165430297 36.37212576384307, -91.97961632213422 36.1055952070775, -91.28 39.85, -90.07208399807621 40.225754117214876))"
05C,2019-06-26 18:55:00+00:00,2019-06-26 20:55:00+00:00,0.0,45000.0,"POLYGON ((-94.13674972489683 31.158685545666113, -93.49475512420265 30.139439034548282, -95.49652079601978 29.652509198242285, -96.03298235946008 30.546441932338187, -94.13674972489683 31.158685545666113))"
03C,2019-06-26 18:55:00+00:00,2019-06-26 20:55:00+00:00,0.0,41000.0,"POLYGON ((-93.33 38.025475822945566, -92.16383383771806 37.73628815142214, -92.98202410595856 35.862601163817615, -94.06592391482866 35.38982840905717, -93.33 38.025475822945566))"
19W,2019-06-26 18:55:00+00:00,2019-06-26 20:55:00+00:00,0.0,40000.0,"POLYGON ((-109.27925929367679 45.61709994685089, -108.74423227789879 44.227671508480384, -110.11 43.079106867209184, -111.13225836643295 45.24122918557745, -109.27925929367679 45.61709994685089))"
18W,2019-06-26 18:55:00+00:00,2019-06-26 20:55:00+00:00,0.0,36000.0,"POLYGON ((-121.44996273338035 46.84855546551788, -118.28203018402141 45.507107214176315, -118.42705275103228 43.762384353426725, -121.79567435846691 44.60185436543626, -121.44996273338035 46.84855546551788))"
32E,2019-06-26 19:55:00+00:00,2019-06-26 21:55:00+00:00,,,"POLYGON ((-74.52210777446192 44.86109128923398, -75.43277214162127 42.09003918818957, -77.79524516043502 40.83164574212875, -74.33622559618249 44.78728196869722, -75.38684356009945 42.14139450824907, -77.8892701756708 41.0081657027845, -75.52679715685706 42.26655914884532, -75.57272573837888 42.21520382878582, -74.52210777446192 44.86109128923398))"
34E,2019-06-26 19:55:00+00:00,2019-06-26 21:55:00+00:00,,,"POLYGON ((-86.69078872882982 36.94756364918231, -86.5588360983102 36.15943142787304, -87.01831841597418 34.80545000958285, -86.88749469942063 36.91141449796227, -86.75188491560185 36.17349249295275, -87.20771007996667 34.86972129096232, -86.74822776230269 36.22370270925251, -86.55517894501104 36.2096416441728, -86.69078872882982 36.94756364918231))"
29E,2019-06-26 19:55:00+00:00,2019-06-26 21:55:00+00:00,,,"POLYGON ((-81.2059068507809 28.48869905929651, -80.09921445257724 26.53981341629961, -81.50355318142836 24.72597420171423, -81.3769252107306 28.38500373365393, -80.26379439721704 26.54918514726248, -81.66169471075825 24.84841298928255, -80.25735598190714 26.66225220386793, -80.09277603726734 26.65288047290506, -81.2059068507809 28.48869905929651))"
30E,2019-06-26 19:55:00+00:00,2019-06-26 21:55:00+00:00,0.0,45000.0,"POLYGON ((-82.30551436780789 27.01808713030276, -81.94187800417151 27.01808713030276, -81.94187800417151 26.654450766666393, -82.30551436780789 26.654450766666393, -82.30551436780789 27.01808713030276))"
33E,2019-06-26 19:55:00+00:00,2019-06-26 21:55:00+00:00,0.0,40000.0,"POLYGON ((-79.99459293548558 41.48535490868902, -79.49535991470805 39.8069509179418, -80.49583573844865 39.216014412527755, -80.75377302228652 41.23763620947404, -79.99459293548558 41.48535490868902))"
10C,2019-06-26 19:55:00+00:00,2019-06-26 21:55:00+00:00,0.0,45000.0,"POLYGON ((-92.31729713727194 37.68764086179602, -92.02365304117882 36.105210351059846, -94.01856850377207 35.59419394441165, -93.87565551924625 37.35874677808657, -92.31729713727194 37.68764086179602))"
09C,2019-06-26 19:55:00+00:00,2019-06-26 21:55:00+00:00,0.0,38000.0,"POLYGON ((-98.60457029383109 39.34374490950735, -97.35740990494149 38.61546371169139, -97.45826375865475 38.44275441781528, -98.70542414754435 39.17103561563124, -98.60457029383109 39.34374490950735))"
16C,2019-06-26 19:55:00+00:00,2019-06-26 21:55:00+00:00,0.0,35000.0,"POLYGON ((-104.86582520335571 41.67230530681886, -104.67417479664428 41.61512032970651, -105.09967648409173 40.18908895619596, -105.29132689080316 40.246273933308316, -104.86582520335571 41.67230530681886))"
14C,2019-06-26 19:55:00+00:00,2019-06-26 21:55:00+00:00,0.0,43000.0,"POLYGON ((-99.9779867689384 30.086747772822044, -99.43762174642607 27.603441908146703, -99.6330485873426 27.560917211212047, -100.17341360985492 30.044223075887388, -99.9779867689384 30.086747772822044))"
31E,2019-06-26 19:55:00+00:00,2019-06-26 21:55:00+00:00,0.0,45000.0,"POLYGON ((-85.43626402444544 34.72438263587329, -84.72180666958262 33.394398975966475, -85.21 33.05, -86.04483788176756 34.3729053719654, -85.43626402444544 34.72438263587329))"
28E,2019-06-26 19:55:00+00:00,2019-06-26 21:55:00+00:00,0.0,41000.0,"POLYGON ((-67.15305874683217 41.24417760921642, -67.15378242906115 39.00836505537713, -68.19116852601938 39.85350746690818, -67.80440202587403 40.55810345247593, -67.15305874683217 41.24417760921642))"
11C,2019-06-26 19:55:00+00:00,2019-06-26 21:55:00+00:00,0.0,45000.0,"POLYGON ((-89.8640481667409 40.05401870082982, -89.75831165430297 36.37212576384307, -91.56778457425219 36.10841422826572, -91.07997742399529 39.786161514686725, -89.8640481667409 40.05401870082982))"
13C,2019-06-26 19:55:00+00:00,2019-06-26 21:55:00+00:00,0.0,39000.0,"POLYGON ((-98.423747762806 30.695292284022866, -97.44 28.73184477868196, -98.13731967478604 28.15291100184005, -98.85359623152716 30.59642894582137, -98.423747762806 30.695292284022866))"
12C,2019-06-26 19:55:00+00:00,2019-06-26 21:55:00+00:00,0.0,45000.0,"POLYGON ((-94.13674972489683 31.158685545666113, -93.49475512420265 30.139439034548282, -96.84921685976629 29.229491785461253, -97.53 30.21363104426361, -94.13674972489683 31.158685545666113))"
15C,2019-06-26 19:55:00+00:00,2019-06-26 21:55:00+00:00,0.0,41000.0,"POLYGON ((-105.14 35.327262088527206, -104.41417282870961 35.17727587432277, -104.84742679733273 32.87867788996358, -105.7492643421223 32.89483482180004, -105.14 35.327262088527206))"
23W,2019-06-26 19:55:00+00:00,2019-06-26 21:55:00+00:00,0.0,40000.0,"POLYGON ((-112.81563617214726 47.19496367934373, -114.73451387446507 45.20913486536739, -115.66315566724184 45.69093846030251, -114.78964233951581 46.8685532115752, -112.81563617214726 47.19496367934373))"
22W,2019-06-26 19:55:00+00:00,2019-06-26 21:55:00+00:00,0.0,42000.0,"POLYGON ((-108.14264723868733 45.80900613391031, -108.3 44.29184477868196, -110.11 43.079106867209184, -110.65982910830269 45.23440868370886, -108.14264723868733 45.80900613391031))"
21W,2019-06-26 19:55:00+00:00,2019-06-26 21:55:00+00:00,0.0,37000.0,"POLYGON ((-119.60248024619429 45.88908995873702, -118.08154157479412 45.3007946148915, -117.81 43.841786265581646, -119.52873160815781 44.31770087561696, -119.60248024619429 45.88908995873702))"
20W,2019-06-26 19:55:00+00:00,2019-06-26 21:55:00+00:00,0.0,36000.0,"POLYGON ((-120.4027325056181 47.37580036537591, -121.30000000000001 43.91726208852722, -121.99676606642447 44.24788235675977, -122.03005561482692 46.978542538110126, -120.4027325056181 47.37580036537591))"
WHISKEY 9,2019-06-26 20:07:00+00:00,2019-06-27 00:10:00+00:00,0.0,48000.0,"POLYGON ((-162.1 21.2, -159.3 19, -168.3 16.1, -162.1 21.2))"
DELTA 1,2019-06-26 20:15:00+00:00,2019-06-27 00:15:00+00:00,35000.0,39000.0,"POLYGON ((-52 45, -49 45, -47 38.3, -48.45 37.45, -52 45))"
CHARLIE 2,2019-06-26 20:20:00+00:00,2019-06-27 00:20:00+00:00,0.0,49000.0,"POLYGON ((-74.15 27.3, -73.45 26.45, -78 24, -79 24, -79 27, -74.15 27.3))"
ECHO 1,2019-06-26 20:30:00+00:00,2019-06-27 00:30:00+00:00,0.0,40000.0,"POLYGON ((-50.45 38.45, -46 36.3, -45.3 33, -48.45 32.45, -52 37.3, -50.45 38.45))"
37E,2019-06-26 20:55:00+00:00,2019-06-26 22:55:00+00:00,,,"POLYGON ((-74.42013470216176 44.94284826849346, -75.27448999209615 42.0267749142176, -77.73994422173297 40.76669220939047, -74.23170948986785 44.87579650213348, -75.22578739385304 42.08229306048705, -77.83096423754066 40.94478026828934, -75.36551000790384 42.20486297311647, -75.41421260614695 42.14934482684703, -74.42013470216176 44.94284826849346))"
38E,2019-06-26 20:55:00+00:00,2019-06-26 22:55:00+00:00,0.0,40000.0,"POLYGON ((-80.29550089668525 40.184793964076796, -78.90241956319716 40.18641126497674, -79.43835595266572 39.41927494885524, -80.42132940057357 39.7126340684442, -80.29550089668525 40.184793964076796))"
35E,2019-06-26 20:55:00+00:00,2019-06-26 22:55:00+00:00,0.0,45000.0,"POLYGON ((-80.83729252560723 27.98624804290298, -80.25179776514963 26.67990834546578, -81.06393734637493 24.864833209594003, -82.07885964686697 26.640338216811248, -80.83729252560723 27.98624804290298))"
20C,2019-06-26 20:55:00+00:00,2019-06-26 22:55:00+00:00,0.0,41000.0,"POLYGON ((-104.48701900683295 36.7960702726046, -103.39256240138913 36.85912025750068, -104.81776435789757 32.939144731615464, -105.8195263124544 32.754135211976106, -104.48701900683295 36.7960702726046))"
19C,2019-06-26 20:55:00+00:00,2019-06-26 22:55:00+00:00,0.0,45000.0,"POLYGON ((-98.30631668906017 30.65433015930736, -97.44 28.333712818262683, -99.30487869750722 27.377725572938157, -100.65282494060628 29.257721711088298, -98.30631668906017 30.65433015930736))"
18C,2019-06-26 20:55:00+00:00,2019-06-26 22:55:00+00:00,0.0,45000.0,"POLYGON ((-93.99853795727286 31.771352613296923, -93.2382964493202 30.40706989376717, -96.77828790039614 29.168100877813117, -97.64862218004808 30.482173519292022, -93.99853795727286 31.771352613296923))"
36E,2019-06-26 20:55:00+00:00,2019-06-26 22:55:00+00:00,0.0,45000.0,"POLYGON ((-85.45843548416774 34.34478974454154, -84.72180666958262 33.394398975966475, -85.21 33.05, -86.33146879287571 34.139262809979385, -85.45843548416774 34.34478974454154))"
21C,2019-06-26 20:55:00+00:00,2019-06-26 22:55:00+00:00,0.0,36000.0,"POLYGON ((-106.35130989024002 41.808844772416705, -104.77 41.5427379114728, -105.72 40.840893132790825, -106.35130989024002 41.808844772416705))"
17C,2019-06-26 20:55:00+00:00,2019-06-26 22:55:00+00:00,0.0,45000.0,"POLYGON ((-89.63153295346623 40.32566082432472, -89.75831165430297 36.37212576384307, -93.83518326918599 35.74214405089515, -94.35825256352085 36.710878941177, -90.67770607071115 40.0394448562058, -89.63153295346623 40.32566082432472))"
26W,2019-06-26 20:55:00+00:00,2019-06-26 22:55:00+00:00,0.0,42000.0,"POLYGON ((-109.33601849548428 45.807763834091304, -108.3 44.29184477868196, -110.11 43.079106867209184, -110.65982910830269 45.23440868370886, -109.33601849548428 45.807763834091304))"
24W,2019-06-26 20:55:00+00:00,2019-06-26 22:55:00+00:00,0.0,36000.0,"POLYGON ((-121.18650323107741 48.5595589488915, -120.4027325056181 47.37580036537591, -121.30000000000001 43.91726208852722, -122.10487802645622 43.065401693484795, -122.03005561482692 46.978542538110126, -121.18650323107741 48.5595589488915))"
25W,2019-06-26 20:55:00+00:00,2019-06-26 22:55:00+00:00,0.0,41000.0,"POLYGON ((-117.91644645652673 46.40131336471739, -117.61055991747808 46.07432583505349, -117.47047133090469 43.92488312498937, -119.52873160815781 44.31770087561696, -119.60248024619429 45.88908995873702, -117.91644645652673 46.40131336471739))"
27W,2019-06-26 20:55:00+00:00,2019-06-26 22:55:00+00:00,0.0,38000.0,"POLYGON ((-112.39403948396344 47.44579005534763, -114.44420106214594 45.63424491728228, -115.66315566724184 45.69093846030251, -114.78964233951581 46.8685532115752, -112.39403948396344 47.44579005534763))"
39E,2019-06-26 21:55:00+00:00,2019-06-26 23:55:00+00:00,0.0,45000.0,"POLYGON ((-81.14301173964905 27.67846918322073, -80.15682081545293 26.06708033017096, -81.49414113928397 25.257520810066943, -82.07885964686697 26.640338216811248, -81.14301173964905 27.67846918322073))"
41E,2019-06-26 21:55:00+00:00,2019-06-26 23:55:00+00:00,0.0,42000.0,"POLYGON ((-72.72265625083196 44.88948555597128, -74.09879758094073 42.21534509498781, -76.54332075414982 40.46478218343496, -76.2 43.449141878841786, -72.72265625083196 44.88948555597128))"
40E,2019-06-26 21:55:00+00:00,2019-06-26 23:55:00+00:00,0.0,42000.0,"POLYGON ((-85.41828307393736 34.4254399134382, -84.07297694709685 33.32277618049275, -85.21 32.61628718173732, -87.14625195012803 33.87421016201342, -85.41828307393736 34.4254399134382))"
24C,2019-06-26 21:55:00+00:00,2019-06-26 23:55:00+00:00,0.0,45000.0,"POLYGON ((-98.76701120679249 29.52899664818102, -97.95079007084976 26.430015754052395, -99.99883715737353 27.989937262150494, -98.76701120679249 29.52899664818102))"
26C,2019-06-26 21:55:00+00:00,2019-06-26 23:55:00+00:00,0.0,45000.0,"POLYGON ((-105.2909242569205 42.107733040827185, -103.89212354702855 41.761929121484265, -106.18752693740394 40.98612927819978, -105.2909242569205 42.107733040827185))"
22C,2019-06-26 21:55:00+00:00,2019-06-26 23:55:00+00:00,0.0,45000.0,"POLYGON ((-89.39494944458234 40.14768449892137, -87.90079530799346 38.19704852763164, -89.49874465074404 36.01986738624127, -93.89237191587361 35.69609450133503, -95.06066543740388 37.42705082827455, -89.39494944458234 40.14768449892137))"
28W,2019-06-26 21:55:00+00:00,2019-06-26 23:55:00+00:00,0.0,36000.0,"POLYGON ((-120.03393205905986 48.815244376107195, -120.742182421371 44.082665564038244, -122.90999999999998 42.91371281826268, -123.6010410819023 43.45153155071887, -121.77008100829423 48.725855865405414, -120.03393205905986 48.815244376107195))"
29W,2019-06-26 21:55:00+00:00,2019-06-26 23:55:00+00:00,0.0,43000.0,"POLYGON ((-118.96970848021151 47.07243338405537, -117.22522025754111 46.891450787965105, -116.68417904711372 45.57042486674276, -117.3017898878506 43.876581454645134, -119.30530041167779 44.38759448554796, -118.96970848021151 47.07243338405537))"
25C,2019-06-26 21:55:00+00:00,2019-06-26 23:55:00+00:00,0.0,45000.0,"POLYGON ((-104.24919853283849 36.488392031447816, -103.44361848583843 35.48730937505223, -104.80710256962988 31.860389989425368, -105.90219634210935 32.587967010721286, -107.38187513789626 34.8477039959153, -104.24919853283849 36.488392031447816))"
23C,2019-06-26 21:55:00+00:00,2019-06-26 23:55:00+00:00,0.0,45000.0,"POLYGON ((-93.88893501327709 31.863176975348615, -93.11 30.805475822945567, -96.31 29.59184477868197, -97.49329124912282 31.19869088221955, -93.88893501327709 31.863176975348615))"
30W,2019-06-26 21:55:00+00:00,2019-06-26 23:55:00+00:00,0.0,45000.0,"POLYGON ((-113.05443313334794 45.601816285168425, -108.71108739743471 45.65625887105466, -108.3 44.29184477868196, -110.11 43.079106867209184, -113.05443313334794 45.601816285168425))"
31W,2019-06-26 21:55:00+00:00,2019-06-26 23:55:00+00:00,0.0,38000.0,"POLYGON ((-113.25283305890473 48.460952672189876, -111.86569001814523 47.57643210252569, -114.44420106214594 45.63424491728228, -115.75553556237563 45.53763123065735, -113.25283305890473 48.460952672189876))"
42E,2019-06-26 22:55:00+00:00,2019-06-27 00:55:00+00:00,0.0,45000.0,"POLYGON ((-81.46899570065575 27.197492708541496, -80.50670055515285 25.595370208214597, -81.49414113928397 25.257520810066943, -82.36372504069705 26.99917800025504, -81.46899570065575 27.197492708541496))"
27C,2019-06-26 22:55:00+00:00,2019-06-27 00:55:00+00:00,0.0,45000.0,"POLYGON ((-89.25706366998176 39.432640819219586, -87.76 38.50828375768358, -89.14125534925594 36.01986738624127, -93.38333448159365 35.38676079764235, -95.2 37.593712818262674, -89.25706366998176 39.432640819219586))"
33W,2019-06-26 22:55:00+00:00,2019-06-27 00:55:00+00:00,0.0,42000.0,"POLYGON ((-118.96443941127971 47.68578262799633, -117.03809737830866 47.39249920362644, -116.21 45.78199657594626, -117.3017898878506 43.876581454645134, -118.19566263289163 44.171515435969724, -118.96443941127971 47.68578262799633))"
32W,2019-06-26 22:55:00+00:00,2019-06-27 00:55:00+00:00,0.0,36000.0,"POLYGON ((-120.03393205905986 48.815244376107195, -119.33141402859023 45.03149566403496, -122.51410184345941 43.60667928436174, -123.503819347728 43.9151937187761, -121.77008100829423 48.725855865405414, -120.03393205905986 48.815244376107195))"
43E,2019-06-26 22:55:00+00:00,2019-06-27 00:55:00+00:00,0.0,42000.0,"POLYGON ((-87.06249919976571 34.35633065528978, -83.87813001962584 33.150908393169914, -84.19672664705433 32.49781391611565, -87.12828046576399 33.20867528053094, -87.06249919976571 34.35633065528978))"
44E,2019-06-26 22:55:00+00:00,2019-06-27 00:55:00+00:00,0.0,42000.0,"POLYGON ((-72.4419900236256 44.69751487357044, -74.19900447552574 41.68431957355361, -75.98869974751302 40.34430711508385, -75.36066325151259 42.90225786765227, -72.4419900236256 44.69751487357044))"
30C,2019-06-26 22:55:00+00:00,2019-06-27 00:55:00+00:00,0.0,40000.0,"POLYGON ((-102.57649637475797 36.432090705902894, -104.41536266726337 31.864594139421314, -106.20494728693745 31.97368285546437, -107.92997857611108 34.41404197188465, -107.21719683825211 36.03095807215375, -102.57649637475797 36.432090705902894))"
31C,2019-06-26 22:55:00+00:00,2019-06-27 00:55:00+00:00,0.0,45000.0,"POLYGON ((-105.23311731705421 42.7668798752431, -103.63831978426028 42.00753201068995, -104.2590758101115 39.936644065592645, -105.72 42.00547582294557, -105.23311731705421 42.7668798752431))"
28C,2019-06-26 22:55:00+00:00,2019-06-27 00:55:00+00:00,0.0,45000.0,"POLYGON ((-93.25330862272543 32.29820545222906, -93.11 30.805475822945567, -96.67584165608476 29.52803139761686, -97.4654571508087 31.65985105393622, -93.25330862272543 32.29820545222906))"
29C,2019-06-26 22:55:00+00:00,2019-06-27 00:55:00+00:00,0.0,45000.0,"POLYGON ((-99.13284259386923 29.050099161629138, -97.7735766993411 26.272389764600202, -99.49166375866672 27.326276785830725, -99.13284259386923 29.050099161629138))"
34W,2019-06-26 22:55:00+00:00,2019-06-27 00:55:00+00:00,0.0,45000.0,"POLYGON ((-111.27639978088541 46.79902811181233, -105.75081174337873 45.214553795015455, -110.11 43.079106867209184, -113.29699053420092 43.33874960230497, -111.27639978088541 46.79902811181233))"
35W,2019-06-26 22:55:00+00:00,2019-06-27 00:55:00+00:00,0.0,39000.0,"POLYGON ((-112.09265061723036 48.57631395951177, -112.04294266282632 46.76366731583988, -115.75553556237563 45.53763123065735, -115.83724030162716 47.152437205695826, -112.09265061723036 48.57631395951177))"
45E,2019-06-26 23:55:00+00:00,2019-06-27 01:55:00+00:00,0.0,45000.0,"POLYGON ((-81.46899570065575 27.197492708541496, -80.61975967462241 25.49292443151951, -81.6168826323132 24.99058746653026, -82.79807092486203 26.865516324116637, -81.46899570065575 27.197492708541496))"
47E,2019-06-26 23:55:00+00:00,2019-06-27 01:55:00+00:00,0.0,42000.0,"POLYGON ((-71.93621708941737 44.90276092296039, -73.46740363277767 41.937377958949845, -75.32 41.48171624231643, -73.19662117496912 44.30887435919582, -71.93621708941737 44.90276092296039))"
46E,2019-06-26 23:55:00+00:00,2019-06-27 01:55:00+00:00,0.0,42000.0,"POLYGON ((-87.11830496540793 34.40275374160239, -83.82177987649227 32.68988295053615, -84.772531624024 32.068001113887796, -87.0985084043336 33.26914275845335, -87.11830496540793 34.40275374160239))"
37W,2019-06-26 23:55:00+00:00,2019-06-27 01:55:00+00:00,0.0,45000.0,"POLYGON ((-111.01414038413458 47.5599695779923, -106.24525952902616 46.17516488074833, -106.15675121404999 43.795195188090844, -112.21 43.800858121158214, -111.01414038413458 47.5599695779923))"
36C,2019-06-26 23:55:00+00:00,2019-06-27 01:55:00+00:00,0.0,45000.0,"POLYGON ((-104.6854883517249 43.078929754179086, -103.14977090296587 41.40728547923866, -103.79148699236346 39.68782336505307, -106.54207774028315 41.5917482873729, -104.6854883517249 43.078929754179086))"
34C,2019-06-26 23:55:00+00:00,2019-06-27 01:55:00+00:00,0.0,45000.0,"POLYGON ((-98.67875758657176 29.178705907425243, -98.10198317606388 27.310217183571183, -99.0449465553207 27.47949747671944, -99.89097089581738 29.03878587607854, -98.67875758657176 29.178705907425243))"
35C,2019-06-26 23:55:00+00:00,2019-06-27 01:55:00+00:00,0.0,40000.0,"POLYGON ((-102.11954172767665 36.652443772251516, -104.21948059165639 31.86624586750035, -105.88841112764798 31.81940048805411, -107.92997857611108 34.41404197188465, -107.29192787341186 35.96131907435263, -102.11954172767665 36.652443772251516))"
33C,2019-06-26 23:55:00+00:00,2019-06-27 01:55:00+00:00,0.0,45000.0,"POLYGON ((-94.59863922706595 32.72731932141601, -91.91613269755433 31.258680358981128, -95.70436877194646 29.832192574955673, -98.63812988324219 31.65270216974135, -94.59863922706595 32.72731932141601))"
37C,2019-06-26 23:55:00+00:00,2019-06-27 01:55:00+00:00,0.0,45000.0,"POLYGON ((-88.3476686018801 41.989130373512396, -87.48723256563433 41.861926530555344, -86.19408633304766 40.55669237705705, -90.4738828877305 41.15662162883213, -88.3476686018801 41.989130373512396))"
32C,2019-06-26 23:55:00+00:00,2019-06-27 01:55:00+00:00,0.0,45000.0,"POLYGON ((-89.72540370294091 39.73678704337051, -87.25 38.824524177054435, -86.44486784829792 35.67865509373724, -88.61704676163279 35.08681842954281, -91.70855174868449 35.852939785534595, -89.72540370294091 39.73678704337051))"
38W,2019-06-26 23:55:00+00:00,2019-06-27 01:55:00+00:00,0.0,39000.0,"POLYGON ((-112.2827265360814 48.884528047598145, -111.60601005283928 46.84476731534492, -116.75684433275816 45.69093846030251, -119.13543475816002 47.84076473124895, -112.2827265360814 48.884528047598145))"
36W,2019-06-26 23:55:00+00:00,2019-06-27 01:55:00+00:00,0.0,36000.0,"POLYGON ((-119.98388333171015 48.73453146385207, -116.91300974222762 44.76784356271547, -121.7387018308983 43.480629136976894, -123.844440989054 44.51613048787147, -123.92909693209971 47.82729378953962, -119.98388333171015 48.73453146385207))"
ECHO 2,2019-06-27 00:30:00+00:00,2019-06-27 04:30:00+00:00,0.0,32000.0,"POLYGON ((-48.3 39.45, -48 37, -51.3 36.45, -52.3 39.15, -48.3 39.45))"
2E,2019-06-27 00:55:00+00:00,2019-06-27 02:55:00+00:00,0.0,42000.0,"POLYGON ((-87.35582926392215 34.44279412979339, -84.01315508843368 32.38279526219518, -84.15962817359359 31.927066021943354, -87.22983646086357 33.00173048046593, -87.35582926392215 34.44279412979339))"
1E,2019-06-27 00:55:00+00:00,2019-06-27 02:55:00+00:00,0.0,36000.0,"POLYGON ((-72.2126756903569 44.862498947753544, -71.54621829009464 44.76906201791453, -73.40181069929724 41.29724927082646, -75.46841119280208 41.79277189953394, -72.2126756903569 44.862498947753544))"
3E,2019-06-27 00:55:00+00:00,2019-06-27 02:55:00+00:00,0.0,45000.0,"POLYGON ((-82.09934661945864 27.233301449429366, -80.92230491173005 25.79858926089646, -82.02521424876477 24.794286539641377, -83.12308383512686 26.887694915387492, -82.09934661945864 27.233301449429366))"
6C,2019-06-27 00:55:00+00:00,2019-06-27 02:55:00+00:00,0.0,45000.0,"POLYGON ((-101.73227231346625 36.42419132010439, -103.04043439512105 34.09913772879655, -105.31219384556393 33.33808015740791, -108.0885059408504 34.415500891657715, -106.82 35.76285469710447, -101.73227231346625 36.42419132010439))"
3W,2019-06-27 00:55:00+00:00,2019-06-27 02:55:00+00:00,0.0,37000.0,"POLYGON ((-121.77008100829423 48.725855865405414, -118.78080867380127 45.96702208399816, -121.30000000000001 43.67171624231643, -123.87265705503647 44.524521876070864, -124.02020022728821 47.889470384298136, -121.77008100829423 48.725855865405414))"
2C,2019-06-27 00:55:00+00:00,2019-06-27 02:55:00+00:00,0.0,45000.0,"POLYGON ((-89.72540370294091 39.73678704337051, -87.44935008754486 39.55349651921816, -86.06197930338084 36.13841248372206, -88.61704676163279 35.08681842954281, -91.18781996206134 36.57088014937359, -89.72540370294091 39.73678704337051))"
1C,2019-06-27 00:55:00+00:00,2019-06-27 02:55:00+00:00,0.0,45000.0,"POLYGON ((-88.05856928308341 42.10753162832464, -85.19 40.48089313279081, -90.4034503182134 40.90246580203209, -88.05856928308341 42.10753162832464))"
3C,2019-06-27 00:55:00+00:00,2019-06-27 02:55:00+00:00,0.0,45000.0,"POLYGON ((-93.26043264071424 32.95980087922701, -91.03881430639228 31.29765030211519, -95.5275252727311 30.023547650836168, -98.47955100329553 32.472466311721895, -93.26043264071424 32.95980087922701))"
5C,2019-06-27 00:55:00+00:00,2019-06-27 02:55:00+00:00,0.0,45000.0,"POLYGON ((-104.79601298414597 43.526121465966824, -102.84319370598509 42.358811095969486, -103.38093083721878 40.09615961706571, -106.19262150876226 41.69195815133927, -104.79601298414597 43.526121465966824))"
4C,2019-06-27 00:55:00+00:00,2019-06-27 02:55:00+00:00,0.0,45000.0,"POLYGON ((-98.67875758657176 29.178705907425243, -98.10198317606388 27.310217183571183, -99.0449465553207 27.47949747671944, -99.89097089581738 29.03878587607854, -98.67875758657176 29.178705907425243))"
1W,2019-06-27 00:55:00+00:00,2019-06-27 02:55:00+00:00,0.0,45000.0,"POLYGON ((-112.11213693892783 47.91843305222093, -104.84250826851448 46.05629923413265, -106.11421238033269 43.764254759540286, -112.85406855717547 44.27919457369794, -112.11213693892783 47.91843305222093))"
2W,2019-06-27 00:55:00+00:00,2019-06-27 02:55:00+00:00,0.0,36000.0,"POLYGON ((-119.12673320907092 48.51976494777653, -112.68227517109172 48.20027236804019, -114.72262582893813 46.094155175177896, -117.62945961315197 45.147268032061184, -119.12673320907092 48.51976494777653))"
9C,2019-06-27 01:55:00+00:00,2019-06-27 03:55:00+00:00,,,"POLYGON ((-97.03863229337962 32.96999064645556, -93.87356459294017 32.74862087034683, -91.36356459294016 30.6818966450149, -97.04136770662039 32.77000935354444, -93.81136770662039 32.72582829721147, -91.23643540705983 30.8362927916553, -93.74643540705983 32.90301701698723, -93.80863229337962 32.92580959012259, -97.03863229337962 32.96999064645556))"
12C,2019-06-27 01:55:00+00:00,2019-06-27 03:55:00+00:00,,,"POLYGON ((-103.3251490733829 43.84190708399716, -102.9109648115419 43.68704774050226, -103.1733495208633 41.81187242395774, -103.3504507073954 43.64351397092039, -103.0226508170063 43.6017087251265, -103.3714198977795 41.839587506283, -103.1090351884581 43.71476282282752, -102.9973491829937 43.80010183820328, -103.3251490733829 43.84190708399716))"
4E,2019-06-27 01:55:00+00:00,2019-06-27 03:55:00+00:00,0.0,41000.0,"POLYGON ((-71.30156526611665 45.04961848138472, -71.12502901271134 44.95562406009487, -72.60173187329734 42.18214466819686, -72.77826812670266 42.27613908948671, -71.30156526611665 45.04961848138472))"
7E,2019-06-27 01:55:00+00:00,2019-06-27 03:55:00+00:00,0.0,45000.0,"POLYGON ((-79.60763753899025 25.637431811133265, -78.85120161207749 24.627013866039093, -79.01130632326937 24.507153608012658, -79.76774225018212 25.51757155310683, -79.60763753899025 25.637431811133265))"
7C,2019-06-27 01:55:00+00:00,2019-06-27 03:55:00+00:00,0.0,45000.0,"POLYGON ((-87.35948818589317 42.15470891840492, -84.97147251441622 40.57909459165586, -87.47553267406413 40.86597407700024, -89.0434585790391 41.567621272117705, -87.35948818589317 42.15470891840492))"
5E,2019-06-27 01:55:00+00:00,2019-06-27 03:55:00+00:00,0.0,33000.0,"POLYGON ((-87.3356739368137 34.40249285797874, -85.77380703960866 32.409826023812435, -86.50155548051643 32.156203592473645, -87.32233033273488 33.316359252353806, -87.3356739368137 34.40249285797874))"
6E,2019-06-27 01:55:00+00:00,2019-06-27 03:55:00+00:00,0.0,45000.0,"POLYGON ((-83.07808045824557 27.556506496066532, -82.03151578496121 27.20804198493829, -80.80060415984191 25.32851235785509, -82.05826317622365 24.354498769588655, -83.8612390655358 26.21748090730025, -83.07808045824557 27.556506496066532))"
10C,2019-06-27 01:55:00+00:00,2019-06-27 03:55:00+00:00,0.0,45000.0,"POLYGON ((-98.98952908502369 29.447948339967343, -98.2439503521684 28.603508537447617, -99.42 28.311844778681966, -98.98952908502369 29.447948339967343))"
11C,2019-06-27 01:55:00+00:00,2019-06-27 03:55:00+00:00,0.0,45000.0,"POLYGON ((-107.39806752623637 35.509194240131734, -102.55369938220261 34.734947616118234, -103.69671854591974 33.65492043788262, -107.81578033059156 34.212435222991964, -107.39806752623637 35.509194240131734))"
8C,2019-06-27 01:55:00+00:00,2019-06-27 03:55:00+00:00,0.0,45000.0,"POLYGON ((-89.18826847650142 39.12471611685555, -86.9228893491022 38.874720205563136, -86.06197930338084 36.13841248372206, -88.96429174333059 35.01576881035552, -90.63227640371761 36.72440131848143, -89.18826847650142 39.12471611685555))"
5W,2019-06-27 01:55:00+00:00,2019-06-27 03:55:00+00:00,0.0,36000.0,"POLYGON ((-116.65734938276965 48.57631395951177, -112.68227517109172 48.20027236804019, -114.28251596290453 46.51064158110234, -116.33981387450378 46.98735564428546, -116.65734938276965 48.57631395951177))"
4W,2019-06-27 01:55:00+00:00,2019-06-27 03:55:00+00:00,0.0,45000.0,"POLYGON ((-111.41000000000001 48.11547582294556, -104.18430244371159 45.856989196616375, -105.63065196629934 43.55873552507589, -111.89722830836627 45.05713665129762, -111.41000000000001 48.11547582294556))"
6W,2019-06-27 01:55:00+00:00,2019-06-27 03:55:00+00:00,0.0,39000.0,"POLYGON ((-119.42 48.04547582294556, -116.71017159764936 45.12183473025709, -120.65835103136398 44.05720044192729, -123.46706357726151 45.49196757514529, -123.29385247007055 47.43579152988767, -119.42 48.04547582294556))"
7W,2019-06-27 01:55:00+00:00,2019-06-27 03:55:00+00:00,0.0,43000.0,"POLYGON ((-113.70400029086787 43.18351446147855, -113.69987334010801 41.889068173965995, -115.28012665989199 41.889068173965995, -113.70400029086787 43.18351446147855))"
17C,2019-06-27 02:55:00+00:00,2019-06-27 04:55:00+00:00,,,"POLYGON ((-103.1334300525249 43.95277233707206, -102.7622159679055 43.72154721751106, -102.7751197182307 41.17838500277499, -103.2150221723686 43.77017243022814, -102.9030107406293 43.63075464754083, -102.9751171438345 41.17939976967845, -102.9622133935093 43.72256198441453, -102.8214186207856 43.81335455438475, -103.1334300525249 43.95277233707206))"
10E,2019-06-27 02:55:00+00:00,2019-06-27 04:55:00+00:00,0.0,45000.0,"POLYGON ((-79.45108041398322 25.567339099358474, -79.06528585424746 24.819246133482153, -79.24304076500516 24.72757720907741, -79.62883532474092 25.47567017495373, -79.45108041398322 25.567339099358474))"
8E,2019-06-27 02:55:00+00:00,2019-06-27 04:55:00+00:00,0.0,41000.0,"POLYGON ((-71.48188508376943 44.545661769134306, -71.30243662386731 44.45735406709901, -72.30024692107459 42.429722082781666, -72.47969538097671 42.51802978481696, -71.48188508376943 44.545661769134306))"
13C,2019-06-27 02:55:00+00:00,2019-06-27 04:55:00+00:00,0.0,45000.0,"POLYGON ((-87.35948818589317 42.15470891840492, -84.97147251441622 40.57909459165586, -87.47553267406413 40.86597407700024, -89.0434585790391 41.567621272117705, -87.35948818589317 42.15470891840492))"
15C,2019-06-27 02:55:00+00:00,2019-06-27 04:55:00+00:00,0.0,36000.0,"POLYGON ((-98.9202635831098 29.473230702257037, -98.14381325982137 28.971794441106947, -99.42 28.202854697104474, -98.9202635831098 29.473230702257037))"
11W,2019-06-27 02:55:00+00:00,2019-06-27 04:55:00+00:00,0.0,31000.0,"POLYGON ((-113.02812029775467 43.930025448856256, -112.87399026805528 43.8025737562631, -114.02088796389549 42.41560609561149, -114.17501799359488 42.54305778820464, -113.02812029775467 43.930025448856256))"
9E,2019-06-27 02:55:00+00:00,2019-06-27 04:55:00+00:00,0.0,45000.0,"POLYGON ((-82.21747515028663 28.85551202400023, -80.80060415984191 25.32851235785509, -82.47476600638134 24.33383181731258, -83.66981819575396 25.27875136274062, -83.07808045824557 27.556506496066532, -82.21747515028663 28.85551202400023))"
14C,2019-06-27 02:55:00+00:00,2019-06-27 04:55:00+00:00,0.0,45000.0,"POLYGON ((-86.76145450672361 38.566741806121556, -85.96996065873272 37.97202182445672, -86.06197930338084 36.13841248372206, -88.35605666873525 35.41278806580085, -89.1743337514479 36.1375525931231, -86.76145450672361 38.566741806121556))"
16C,2019-06-27 02:55:00+00:00,2019-06-27 04:55:00+00:00,0.0,45000.0,"POLYGON ((-107.68963213003379 35.74275021196774, -102.55369938220261 34.734947616118234, -102.60950977294848 34.03866862920351, -106.35736127977817 33.59492822241103, -107.68963213003379 35.74275021196774))"
9W,2019-06-27 02:55:00+00:00,2019-06-27 04:55:00+00:00,0.0,38000.0,"POLYGON ((-115.18507095421619 48.90831403297559, -112.68227517109172 48.20027236804019, -113.52903732306787 47.044866040072414, -117.24812134551931 48.17419112979427, -115.18507095421619 48.90831403297559))"
10W,2019-06-27 02:55:00+00:00,2019-06-27 04:55:00+00:00,0.0,39000.0,"POLYGON ((-119.07097596552201 47.61475323536116, -116.21 45.43547582294557, -120.43796901123353 44.50143433844656, -123.54364487085539 45.74603299523043, -119.07097596552201 47.61475323536116))"
8W,2019-06-27 02:55:00+00:00,2019-06-27 04:55:00+00:00,0.0,45000.0,"POLYGON ((-108.60199062061709 48.85245307744807, -104.18430244371159 45.856989196616375, -105.63065196629934 43.55873552507589, -111.13225836643295 45.24122918557745, -111.41000000000001 48.11547582294556, -108.60199062061709 48.85245307744807))"
21C,2019-06-27 03:55:00+00:00,2019-06-27 05:55:00+00:00,,,"POLYGON ((-102.8972700827589 44.09253022578158, -102.7522993357707 43.87101450977976, -102.7117930868944 41.37408299052375, -102.9793452515639 43.91014692976564, -102.6933500759073 43.78144488943533, -102.5118193983625 41.37732704585083, -102.5523256472389 43.87425856510684, -102.6112749071023 43.96382818545127, -102.8972700827589 44.09253022578158))"
13E,2019-06-27 03:55:00+00:00,2019-06-27 05:55:00+00:00,0.0,45000.0,"POLYGON ((-80.28 25.655429060579106, -79.2658955441542 24.876451759036772, -80.62904358868819 24.14288289400962, -80.28 25.655429060579106))"
11E,2019-06-27 03:55:00+00:00,2019-06-27 05:55:00+00:00,0.0,40000.0,"POLYGON ((-70.85562089419004 44.512517214648135, -70.6995407108182 44.38746132170977, -71.57804636013626 43.29101300874342, -71.7341265435081 43.41606890168178, -70.85562089419004 44.512517214648135))"
18C,2019-06-27 03:55:00+00:00,2019-06-27 05:55:00+00:00,0.0,45000.0,"POLYGON ((-86.49923948772089 41.82518568361527, -84.66056768946744 40.81281257039232, -87.47553267406413 40.86597407700024, -88.85679579677551 41.71472836234377, -86.49923948772089 41.82518568361527))"
14W,2019-06-27 03:55:00+00:00,2019-06-27 05:55:00+00:00,0.0,40000.0,"POLYGON ((-110.78415037230533 48.8121888511487, -107.84057013964735 48.54562523261584, -107.53968130196385 47.60301804587773, -110.99565722148363 48.11709117791574, -110.78415037230533 48.8121888511487))"
12W,2019-06-27 03:55:00+00:00,2019-06-27 05:55:00+00:00,0.0,30000.0,"POLYGON ((-115.30111219752952 48.98622942199688, -112.32772319594123 48.0597319299145, -112.85308606977433 47.21983795782144, -116.58291466144547 48.697499824512725, -115.30111219752952 48.98622942199688))"
12E,2019-06-27 03:55:00+00:00,2019-06-27 05:55:00+00:00,0.0,44000.0,"POLYGON ((-82.31716716770893 28.678048581685758, -82.00928316919587 24.12874107566225, -82.97904246070244 24.139753076510644, -83.92864455277763 26.88389790060833, -82.31716716770893 28.678048581685758))"
20C,2019-06-27 03:55:00+00:00,2019-06-27 05:55:00+00:00,0.0,45000.0,"POLYGON ((-106.07141903420853 34.78303231946541, -103.88702997061633 34.944379882662474, -104.31298660725815 33.95444245627896, -106.43479875594133 34.270865167322846, -106.07141903420853 34.78303231946541))"
22C,2019-06-27 03:55:00+00:00,2019-06-27 05:55:00+00:00,0.0,45000.0,"POLYGON ((-105.22654295311314 46.377718864005715, -103.4090211639174 45.78226306500693, -104.29983020489196 44.35477496333659, -106.22655451144004 43.93613455228577, -105.22654295311314 46.377718864005715))"
19C,2019-06-27 03:55:00+00:00,2019-06-27 05:55:00+00:00,0.0,45000.0,"POLYGON ((-86.56085112725785 38.41426465607478, -85.86459917321937 36.73761094631314, -86.92080207590162 34.23811184318737, -88.05919792409836 34.23811184318737, -87.67945108241909 37.776267649121856, -86.56085112725785 38.41426465607478))"
13W,2019-06-27 03:55:00+00:00,2019-06-27 05:55:00+00:00,0.0,39000.0,"POLYGON ((-119.88883105072782 48.58046538519593, -115.65 46.62815522131803, -118.74846605979631 44.83615702994761, -123.06683937950113 45.749008214013855, -119.88883105072782 48.58046538519593))"
ECHO 3,2019-06-27 04:15:00+00:00,2019-06-27 08:15:00+00:00,0.0,35000.0,"POLYGON ((-49.3 41, -47.3 38, -48.45 37.15, -50.45 40, -49.3 41))"
14E,2019-06-27 04:55:00+00:00,2019-06-27 06:55:00+00:00,0.0,32000.0,"POLYGON ((-70.70054317662496 44.484445759291305, -70.51945682337504 44.39954739260122, -71.09268455137797 43.17686522693919, -71.2737709046279 43.261763593629276, -70.70054317662496 44.484445759291305))"
27C,2019-06-27 04:55:00+00:00,2019-06-27 06:55:00+00:00,0.0,45000.0,"POLYGON ((-105.54404044698735 47.04711858885771, -101.72 45.658283757683584, -103.81361276629022 43.977183892853255, -106.25414818181896 44.055174372118074, -105.54404044698735 47.04711858885771))"
25C,2019-06-27 04:55:00+00:00,2019-06-27 06:55:00+00:00,0.0,43000.0,"POLYGON ((-102.52556904114559 35.28677275673162, -104.37584150978309 33.135306826254364, -106.55145968502744 34.50543903559577, -106.64342529578077 35.03987209699969, -102.52556904114559 35.28677275673162))"
16E,2019-06-27 04:55:00+00:00,2019-06-27 06:55:00+00:00,0.0,45000.0,"POLYGON ((-80.28 25.63363104426361, -78.73022793261835 24.380144620417656, -80.62095753929755 24.139753076510644, -80.28 25.63363104426361))"
15E,2019-06-27 04:55:00+00:00,2019-06-27 06:55:00+00:00,0.0,45000.0,"POLYGON ((-82.06385355345738 29.29661144503285, -82.11520154849487 27.908848520303266, -83.06848421503878 27.20804198493829, -83.54712498957396 27.588954191126884, -82.06385355345738 29.29661144503285))"
24C,2019-06-27 04:55:00+00:00,2019-06-27 06:55:00+00:00,0.0,45000.0,"POLYGON ((-86.33353634597987 38.685806022637635, -85.39941605801957 36.925461404494385, -86.92080207590162 34.23811184318737, -88.05919792409836 34.23811184318737, -87.33815475739594 37.92924705313033, -86.33353634597987 38.685806022637635))"
26C,2019-06-27 04:55:00+00:00,2019-06-27 06:55:00+00:00,0.0,45000.0,"POLYGON ((-102.0518370040725 44.84423697752512, -100.59972205132092 43.62062502360564, -100.62417737049861 42.097681064228084, -102.19237796281097 41.685534964096846, -102.79616816717495 44.04346739764671, -102.0518370040725 44.84423697752512))"
23C,2019-06-27 04:55:00+00:00,2019-06-27 06:55:00+00:00,0.0,45000.0,"POLYGON ((-85.69409595579432 42.34191398015517, -84.52889010362006 40.97811165055879, -87.94591366695231 40.55669237705705, -88.10700453467337 42.053480811150216, -85.69409595579432 42.34191398015517))"
17W,2019-06-27 04:55:00+00:00,2019-06-27 06:55:00+00:00,0.0,40000.0,"POLYGON ((-107.11508755524589 48.98751545986747, -107.31949294077114 48.02693314732605, -110.29934408740465 48.18585859849146, -110.30677686064764 48.8916806799559, -107.11508755524589 48.98751545986747))"
16W,2019-06-27 04:55:00+00:00,2019-06-27 06:55:00+00:00,0.0,39000.0,"POLYGON ((-120.66048016914354 48.888518886265175, -115.99644451030701 47.224195316108684, -118.51386323636159 44.83783828717643, -123.30524847868567 45.747768514151595, -120.66048016914354 48.888518886265175))"
15W,2019-06-27 04:55:00+00:00,2019-06-27 06:55:00+00:00,0.0,31000.0,"POLYGON ((-114.18 48.875475822945575, -111.79106186994086 48.064193567809596, -112.39403948396344 47.44579005534763, -114.87452030668871 48.39891412088235, -114.18 48.875475822945575))"
19E,2019-06-27 05:55:00+00:00,2019-06-27 07:55:00+00:00,0.0,44000.0,"POLYGON ((-80.28 25.36628718173732, -79.61218367772678 24.329256244296257, -81.24015940975418 24.07783217284944, -80.28 25.36628718173732))"
17E,2019-06-27 05:55:00+00:00,2019-06-27 07:55:00+00:00,0.0,32000.0,"POLYGON ((-70.31921199980813 44.13021331278326, -70.13043294879655 44.06416431658217, -70.51561047449421 42.96326268363676, -70.70438952550579 43.02931167983785, -70.31921199980813 44.13021331278326))"
28C,2019-06-27 05:55:00+00:00,2019-06-27 07:55:00+00:00,0.0,45000.0,"POLYGON ((-85.31815497697342 42.7345311624307, -84.61550745089905 40.97857405759703, -88.5699507423544 40.27390508621286, -88.67755909461545 41.66009654663128, -85.31815497697342 42.7345311624307))"
31C,2019-06-27 05:55:00+00:00,2019-06-27 07:55:00+00:00,0.0,45000.0,"POLYGON ((-101.87743843221837 45.34702445066886, -100.16000000000001 44.534570939420895, -100.21393543924962 42.169082742307175, -102.01992103667423 41.81162961441458, -102.47368409677321 44.85621539091875, -101.87743843221837 45.34702445066886))"
29C,2019-06-27 05:55:00+00:00,2019-06-27 07:55:00+00:00,0.0,45000.0,"POLYGON ((-86.18354258015238 37.134178821778875, -85.55906221760831 35.76071326955795, -87.11830496540793 34.40275374160239, -87.73810149567898 34.50529418749432, -86.82211790230741 36.622705729400245, -86.18354258015238 37.134178821778875))"
18E,2019-06-27 05:55:00+00:00,2019-06-27 07:55:00+00:00,0.0,39000.0,"POLYGON ((-82.21747515028663 28.85551202400023, -82.15120587910992 27.752354388125248, -83.58517661441802 27.014182684276577, -84.04905865282791 27.391987640929162, -82.21747515028663 28.85551202400023))"
30C,2019-06-27 05:55:00+00:00,2019-06-27 07:55:00+00:00,0.0,43000.0,"POLYGON ((-106.06673828390387 35.29234126996838, -102.68491975358293 34.807311886736734, -104.05975783915507 32.86817837655505, -106.24855268056002 34.56809549490238, -106.06673828390387 35.29234126996838))"
32C,2019-06-27 05:55:00+00:00,2019-06-27 07:55:00+00:00,0.0,45000.0,"POLYGON ((-105.413627067897 47.39002519700726, -101.35540839346649 45.694243703831056, -103.70359009285356 43.977902230126254, -105.79691568103354 44.18920025126826, -105.413627067897 47.39002519700726))"
19W,2019-06-27 05:55:00+00:00,2019-06-27 07:55:00+00:00,0.0,40000.0,"POLYGON ((-106.14491244475408 48.98751545986747, -106.86040666092313 48.15610297128134, -109.77000000000001 48.37363104426361, -110.06113418681633 49.00075009508705, -106.14491244475408 48.98751545986747))"
18W,2019-06-27 05:55:00+00:00,2019-06-27 07:55:00+00:00,0.0,35000.0,"POLYGON ((-114.18 49.04184477868196, -114.18 47.211786265581644, -118.46245238394837 45.029146572741645, -119.66569535719871 47.379737510269464, -118.7334168722227 48.892700831906275, -114.18 49.04184477868196))"
21E,2019-06-27 06:55:00+00:00,2019-06-27 08:55:00+00:00,0.0,45000.0,"POLYGON ((-85.13663579882285 42.67877517237771, -82.56488986190912 41.63909133554211, -87.60496653014745 40.149853786347286, -88.49862701811189 41.605186756435224, -85.13663579882285 42.67877517237771))"
36C,2019-06-27 06:55:00+00:00,2019-06-27 08:55:00+00:00,0.0,45000.0,"POLYGON ((-103.98930399437894 47.48143590011448, -100.84193544646931 45.69002271929518, -102.78088882482453 43.579071725175176, -105.31971594969994 44.326496091593604, -103.98930399437894 47.48143590011448))"
20E,2019-06-27 06:55:00+00:00,2019-06-27 08:55:00+00:00,0.0,45000.0,"POLYGON ((-80.28 25.13452417705443, -79.444141645063 23.953169938557586, -81.5212921797471 23.9749247783217, -80.28 25.13452417705443))"
33C,2019-06-27 06:55:00+00:00,2019-06-27 08:55:00+00:00,0.0,34000.0,"POLYGON ((-88.6463834178582 37.22081786509165, -88.55739457964997 36.27225553280849, -90.14276251395493 36.01719017602668, -90.23 36.83815522131805, -88.6463834178582 37.22081786509165))"
34C,2019-06-27 06:55:00+00:00,2019-06-27 08:55:00+00:00,0.0,41000.0,"POLYGON ((-105.89429417433416 35.402979000555284, -103.02636401777937 34.436191845769855, -104.33043514958486 32.247349795247345, -105.55443991928034 32.07260916537202, -105.89429417433416 35.402979000555284))"
35C,2019-06-27 06:55:00+00:00,2019-06-27 08:55:00+00:00,0.0,45000.0,"POLYGON ((-100.70788776518131 45.78141118654599, -99.79982604083459 45.00425750388746, -99.67172063870181 42.33427734129061, -100.82142473214184 42.31232057530748, -101.72 44.747262088527215, -100.70788776518131 45.78141118654599))"
21W,2019-06-27 06:55:00+00:00,2019-06-27 08:55:00+00:00,0.0,32000.0,"POLYGON ((-108.36665487702608 48.91351919821275, -105.55581208747374 48.920891508920796, -106.63 48.22, -108.38767069670583 48.149679231028976, -108.36665487702608 48.91351919821275))"
20W,2019-06-27 06:55:00+00:00,2019-06-27 08:55:00+00:00,0.0,39000.0,"POLYGON ((-119.42 48.54458269015475, -115.17855345410786 48.20567631917452, -115.18592712868316 46.69052965235469, -118.46245238394837 45.029146572741645, -119.59334660003023 47.262228512626706, -119.42 48.54458269015475))"
23E,2019-06-27 07:55:00+00:00,2019-06-27 09:55:00+00:00,0.0,39000.0,"POLYGON ((-69.36578203835302 47.11286510249975, -69.16866747050216 47.07901473852872, -69.38046377573463 45.845700461197865, -69.57757834358549 45.87955082516889, -69.36578203835302 47.11286510249975))"
22E,2019-06-27 07:55:00+00:00,2019-06-27 09:55:00+00:00,0.0,43000.0,"POLYGON ((-84.28613871464614 42.80272495090179, -82.20562579740411 41.30880213349559, -87.77090534784169 40.33657868272133, -87.96244090538454 41.66009654663128, -84.28613871464614 42.80272495090179))"
38C,2019-06-27 07:55:00+00:00,2019-06-27 09:55:00+00:00,0.0,45000.0,"POLYGON ((-104.11263448814388 48.50169766262356, -98.73682824092336 46.03423677804514, -98.43295190206968 42.00859694097121, -105.37737458027813 43.67672570028719, -104.11263448814388 48.50169766262356))"
37C,2019-06-27 07:55:00+00:00,2019-06-27 09:55:00+00:00,0.0,45000.0,"POLYGON ((-90.82074681221022 37.19796031819995, -88.58727546766781 36.60598089917474, -88.74850564720835 36.20964549582819, -89.88873082826868 35.82765630093168, -90.82074681221022 37.19796031819995))"
22W,2019-06-27 07:55:00+00:00,2019-06-27 09:55:00+00:00,0.0,32000.0,"POLYGON ((-108.36665487702608 48.91351919821275, -105.55581208747374 48.920891508920796, -106.39901952818516 48.28343553064362, -108.26254058814946 48.53015889595205, -108.36665487702608 48.91351919821275))"
FOXTROT 1,2019-06-27 08:45:00+00:00,2019-06-27 12:45:00+00:00,0.0,40000.0,"POLYGON ((-46.45 32.3, -44.45 32, -47.3 29, -49.3 29.3, -46.45 32.3))"
25E,2019-06-27 08:55:00+00:00,2019-06-27 10:55:00+00:00,0.0,41000.0,"POLYGON ((-68.78779424517167 47.20457526857504, -68.59535429838529 47.15010631520839, -68.99806971686823 45.72730435348844, -69.19050966365461 45.781773306855094, -68.78779424517167 47.20457526857504))"
24E,2019-06-27 08:55:00+00:00,2019-06-27 10:55:00+00:00,0.0,37000.0,"POLYGON ((-84.95544291934844 42.62273310431822, -81.71388965000901 41.317692631611195, -87.33829676780864 40.35523498092752, -87.74047096450107 41.54854515423504, -84.95544291934844 42.62273310431822))"
24W,2019-06-27 08:55:00+00:00,2019-06-27 10:55:00+00:00,0.0,42000.0,"POLYGON ((-116.78074706833483 47.05954603110623, -116.58504663542249 45.583568874970105, -116.78331145880495 45.55728085851542, -116.97901189171729 47.033258014651544, -116.78074706833483 47.05954603110623))"
40C,2019-06-27 08:55:00+00:00,2019-06-27 10:55:00+00:00,0.0,45000.0,"POLYGON ((-103.93427258190798 48.38473873449625, -97.82118874859658 46.74589194207449, -97.7182955302773 41.84884234280517, -104.28334283516341 43.59090038037705, -103.93427258190798 48.38473873449625))"
39C,2019-06-27 08:55:00+00:00,2019-06-27 10:55:00+00:00,0.0,45000.0,"POLYGON ((-90.82074681221022 37.19796031819995, -88.9225206448524 36.78787103439686, -88.56230734955713 35.762947663952644, -89.98 35.51910686720918, -90.82074681221022 37.19796031819995))"
23W,2019-06-27 08:55:00+00:00,2019-06-27 10:55:00+00:00,0.0,30000.0,"POLYGON ((-104.83437493373955 48.96674080204988, -105.93017489047317 47.7472997661736, -107.79060992254591 48.53251914529073, -107.88613908915497 49.036724003553964, -104.83437493373955 48.96674080204988))"
27E,2019-06-27 09:55:00+00:00,2019-06-27 11:55:00+00:00,0.0,36000.0,"POLYGON ((-68.79141383669499 47.18300305974855, -68.59173470686197 47.17167852403488, -68.65904759864216 45.98478839475641, -68.85872672847518 45.996112930470076, -68.79141383669499 47.18300305974855))"
26E,2019-06-27 09:55:00+00:00,2019-06-27 11:55:00+00:00,0.0,43000.0,"POLYGON ((-83.37 42.49914187884178, -83.07372252288019 41.675352375917036, -83.12821177867386 40.5576665198335, -85.20101297827496 42.2553445507194, -83.37 42.49914187884178))"
43C,2019-06-27 09:55:00+00:00,2019-06-27 11:55:00+00:00,0.0,42000.0,"POLYGON ((-98.50171986902927 28.28320361789678, -98.01565289792367 27.38766979279528, -99.26952290346979 27.4245942132814, -98.50171986902927 28.28320361789678))"
25W,2019-06-27 09:55:00+00:00,2019-06-27 11:55:00+00:00,0.0,41000.0,"POLYGON ((-107.88613908915497 49.036724003553964, -104.65268540330287 48.8509037935655, -105.93017489047317 47.7472997661736, -107.88613908915497 49.036724003553964))"
26W,2019-06-27 09:55:00+00:00,2019-06-27 11:55:00+00:00,0.0,40000.0,"POLYGON ((-116.1445656034559 47.627319304779206, -116.11287476901192 46.526520254374546, -116.31279194020594 46.520764851540136, -116.34448277464992 47.621563901944796, -116.1445656034559 47.627319304779206))"
42C,2019-06-27 09:55:00+00:00,2019-06-27 11:55:00+00:00,0.0,45000.0,"POLYGON ((-103.93427258190798 48.38473873449625, -96.47402293321785 47.364208842318156, -97.0084777869924 42.104224014909285, -103.01 43.31452417705443, -103.93427258190798 48.38473873449625))"
41C,2019-06-27 09:55:00+00:00,2019-06-27 11:55:00+00:00,0.0,45000.0,"POLYGON ((-90.82074681221022 37.19796031819995, -88.76129844305562 37.09464530839647, -88.56230734955713 35.762947663952644, -89.98 35.51910686720918, -90.82074681221022 37.19796031819995))"
28E,2019-06-27 10:55:00+00:00,2019-06-27 12:55:00+00:00,0.0,36000.0,"POLYGON ((-68.17897289400324 47.24936174084241, -68.00102710599677 47.158063895682965, -68.7242610721671 45.748431085637336, -68.90220686017356 45.83972893079678, -68.17897289400324 47.24936174084241))"
44C,2019-06-27 10:55:00+00:00,2019-06-27 12:55:00+00:00,0.0,45000.0,"POLYGON ((-91.43956807305895 38.194030970624766, -89.22208774342718 37.3337537480403, -88.66130169463467 35.79689759183511, -90.44647190274182 35.70003617399726, -91.43956807305895 38.194030970624766))"
27W,2019-06-27 10:55:00+00:00,2019-06-27 12:55:00+00:00,0.0,40000.0,"POLYGON ((-115.55000002392258 48.327494806703335, -115.55000002392258 46.88178541249439, -115.74999997607743 46.88164707213847, -115.74999997607743 48.32735646634742, -115.55000002392258 48.327494806703335))"
46C,2019-06-27 10:55:00+00:00,2019-06-27 12:55:00+00:00,0.0,45000.0,"POLYGON ((-98.46 28.641786265581647, -98.10198317606388 27.310217183571183, -99.15422762333819 27.71502876939057, -98.46 28.641786265581647))"
45C,2019-06-27 10:55:00+00:00,2019-06-27 12:55:00+00:00,0.0,45000.0,"POLYGON ((-103.93427258190798 48.38473873449625, -96.26754820998359 48.2009865401301, -95.48446381083471 41.63083337471376, -102.04061226692296 43.27002758203392, -103.93427258190798 48.38473873449625))"
47C,2019-06-27 10:55:00+00:00,2019-06-27 12:55:00+00:00,0.0,41000.0,"POLYGON ((-107.70418791252625 48.920891508920796, -104.06440741892322 48.917517965117064, -105.93017489047317 47.7472997661736, -107.70418791252625 48.920891508920796))"
48C,2019-06-27 10:55:00+00:00,2019-06-27 12:55:00+00:00,0.0,40000.0,"POLYGON ((-98.99794467051672 40.19467855642836, -97.62 39.92821373441836, -98.01588059931998 39.05666533792293, -98.99438979531452 38.47625077177771, -98.99794467051672 40.19467855642836))"
49C,2019-06-27 11:55:00+00:00,2019-06-27 13:55:00+00:00,0.0,45000.0,"POLYGON ((-91.07684679657402 37.94360218405091, -88.53120454260174 37.31411163621419, -88.33334647679762 35.68400362436325, -90.44647190274182 35.70003617399726, -91.07684679657402 37.94360218405091))"
28W,2019-06-27 11:55:00+00:00,2019-06-27 13:55:00+00:00,0.0,42000.0,"POLYGON ((-116.50021771359914 48.831400538118686, -113.97978802627465 48.15450115234831, -116.25013102503804 47.04951720282804, -116.50021771359914 48.831400538118686))"
53C,2019-06-27 11:55:00+00:00,2019-06-27 13:55:00+00:00,0.0,43000.0,"POLYGON ((-98.35000000000001 40.38178626558165, -97.21145648138393 39.87734114716339, -97.46852301157914 39.04754281768215, -98.68927808233695 38.92512254310652, -98.35000000000001 40.38178626558165))"
52C,2019-06-27 11:55:00+00:00,2019-06-27 13:55:00+00:00,0.0,45000.0,"POLYGON ((-107.11508755524589 48.98751545986747, -103.58 48.98184477868196, -105.17857186520034 47.69317892851356, -107.11508755524589 48.98751545986747))"
51C,2019-06-27 11:55:00+00:00,2019-06-27 13:55:00+00:00,0.0,39000.0,"POLYGON ((-98.82350442571193 28.870980160276076, -98.10198317606388 27.310217183571183, -99.27606985279296 27.78733569253447, -98.82350442571193 28.870980160276076))"
50C,2019-06-27 11:55:00+00:00,2019-06-27 13:55:00+00:00,0.0,45000.0,"POLYGON ((-102.43715419220507 47.935935526027805, -95.4768253602834 47.70642798074249, -95.13 43.63815522131805, -96.84789503391721 41.98821452767679, -100.62417737049861 42.097681064228084, -102.43715419220507 47.935935526027805))"
58C,2019-06-27 12:55:00+00:00,2019-06-27 14:55:00+00:00,0.0,38000.0,"POLYGON ((-97.91296302058817 40.577770741470815, -96.56031325841859 40.310122299247, -97.06247400248816 38.92867404192656, -98.23094569192958 38.25935103708534, -97.91296302058817 40.577770741470815))"
55C,2019-06-27 12:55:00+00:00,2019-06-27 14:55:00+00:00,0.0,45000.0,"POLYGON ((-98.78247479593598 47.49325646935719, -96.49377866813467 47.47731980251262, -94.92485565100938 46.601187669668604, -94.91845024204414 42.7992858034928, -97.64283490359577 42.78358170104823, -98.78247479593598 47.49325646935719))"
57C,2019-06-27 12:55:00+00:00,2019-06-27 14:55:00+00:00,0.0,45000.0,"POLYGON ((-102.99692595659302 49.070774411352, -104.95193607979292 47.759791875655615, -106.24311592414132 48.834176278521305, -102.99692595659302 49.070774411352))"
54C,2019-06-27 12:55:00+00:00,2019-06-27 14:55:00+00:00,0.0,45000.0,"POLYGON ((-90.81105039653666 37.47757326509065, -88.84207181843277 36.94128541037553, -87.92116445146783 35.06216346737892, -90.26812548498647 35.25494108293, -90.81105039653666 37.47757326509065))"
56C,2019-06-27 12:55:00+00:00,2019-06-27 14:55:00+00:00,0.0,40000.0,"POLYGON ((-99.16916960458767 29.892779967894022, -98.13731967478604 28.15291100184005, -99.05864037965829 28.248057168535688, -100.49941861497123 29.595008181510938, -99.16916960458767 29.892779967894022))"
29W,2019-06-27 12:55:00+00:00,2019-06-27 14:55:00+00:00,0.0,42000.0,"POLYGON ((-116.08000000000001 48.834524177054426, -113.0572734639186 48.884528047598145, -114.08474787112516 48.0562557004517, -116.08000000000001 48.834524177054426))"
62C,2019-06-27 13:55:00+00:00,2019-06-27 15:55:00+00:00,0.0,41000.0,"POLYGON ((-102.99692595659302 49.070774411352, -103.9310389599165 47.914182535515955, -105.55581208747374 48.920891508920796, -102.99692595659302 49.070774411352))"
30W,2019-06-27 13:55:00+00:00,2019-06-27 15:55:00+00:00,0.0,35000.0,"POLYGON ((-117.91555743005298 48.020762503475886, -116.71449659947416 47.81103670276304, -118.26052514655518 46.168560193104376, -117.91555743005298 48.020762503475886))"
29E,2019-06-27 13:55:00+00:00,2019-06-27 15:55:00+00:00,0.0,45000.0,"POLYGON ((-79.04467113617854 28.295818160973514, -78.90348325258024 28.154163716902627, -80.24863454243253 26.813442887567174, -80.38982242603082 26.95509733163806, -79.04467113617854 28.295818160973514))"
61C,2019-06-27 13:55:00+00:00,2019-06-27 15:55:00+00:00,0.0,45000.0,"POLYGON ((-99.14074932525928 30.226464592553956, -98.46 28.97452417705443, -99.39981812687665 28.81320377378853, -100.47601721315364 29.97449712472496, -99.14074932525928 30.226464592553956))"
59C,2019-06-27 13:55:00+00:00,2019-06-27 15:55:00+00:00,0.0,45000.0,"POLYGON ((-90.82074681221022 37.19796031819995, -88.01984939778161 36.578220932134634, -87.49 35.042737911472784, -90.98988053083652 34.04618363965997, -90.82074681221022 37.19796031819995))"
60C,2019-06-27 13:55:00+00:00,2019-06-27 15:55:00+00:00,0.0,45000.0,"POLYGON ((-95.02 47.58, -93.8070612071276 46.413450194546776, -93.24 44.038155221318036, -96.09011680739363 42.418260322893545, -97.29999159983579 42.72658098799276, -95.02 47.58))"
63C,2019-06-27 13:55:00+00:00,2019-06-27 15:55:00+00:00,0.0,43000.0,"POLYGON ((-96.46178382553904 40.660842879782464, -96.97841432909453 38.92824405714463, -97.86394708161087 38.46863072885516, -97.42421187667514 40.57567593551191, -96.46178382553904 40.660842879782464))"
68C,2019-06-27 14:55:00+00:00,2019-06-27 16:55:00+00:00,,,"POLYGON ((-96.50350912993852 40.26675928440496, -97.54179756554566 39.11527685743685, -97.56437522157533 39.0732340387059, -97.63464555580052 38.80018447038169, -97.39326414774808 38.98134469626049, -96.35497571214094 40.13282712322859, -97.4409568259436 38.75033794666722, -97.37068649171842 39.02338751499143, -96.50350912993852 40.26675928440496))"
30E,2019-06-27 14:55:00+00:00,2019-06-27 16:55:00+00:00,0.0,33000.0,"POLYGON ((-78.8725235858003 28.36465859538849, -78.77076207093056 28.19248253987724, -79.78610750291605 27.592381155465105, -79.88786901778579 27.764557210976356, -78.8725235858003 28.36465859538849))"
31E,2019-06-27 14:55:00+00:00,2019-06-27 16:55:00+00:00,0.0,41000.0,"POLYGON ((-78.80175057032277 25.792527561935092, -78.73022793261835 24.380144620417656, -80.28 24.136310442636074, -79.72563644247822 25.798949119323996, -78.80175057032277 25.792527561935092))"
64C,2019-06-27 14:55:00+00:00,2019-06-27 16:55:00+00:00,0.0,45000.0,"POLYGON ((-90.67375731303872 37.31624516759141, -87.25634542627029 35.17089199700512, -90.28 33.95910686720917, -91.18504381987486 35.64865534626332, -90.67375731303872 37.31624516759141))"
66C,2019-06-27 14:55:00+00:00,2019-06-27 16:55:00+00:00,0.0,45000.0,"POLYGON ((-98.85359623152716 30.59642894582137, -98.73007270315655 29.404445190405358, -99.26648289769064 28.931717304970032, -100.36405945635369 30.128305530125854, -98.85359623152716 30.59642894582137))"
67C,2019-06-27 14:55:00+00:00,2019-06-27 16:55:00+00:00,0.0,42000.0,"POLYGON ((-102.99692595659302 49.070774411352, -103.9310389599165 47.914182535515955, -105.55581208747374 48.920891508920796, -102.99692595659302 49.070774411352))"
65C,2019-06-27 14:55:00+00:00,2019-06-27 16:55:00+00:00,0.0,45000.0,"POLYGON ((-95.20766445439337 47.272436563471665, -93.58360483535046 46.476466180792755, -92.85545042836544 43.90163001205779, -95.74 42.00184477868196, -97.62609187862887 43.392204869410456, -95.20766445439337 47.272436563471665))"
GOLF 1,2019-06-27 15:35:00+00:00,2019-06-27 19:35:00+00:00,0.0,48000.0,"POLYGON ((-62.3 41, -60.3 38.3, -64.15 37.45, -66.15 39.15, -62.3 41))"
74C,2019-06-27 15:55:00+00:00,2019-06-27 17:55:00+00:00,,,"POLYGON ((-94.85534347261567 31.10875793913942, -95.46615958079614 29.72667789474803, -97.50834799247608 27.9430276156883, -94.68439774450344 31.00494292076455, -95.44646895935165 29.75008769138725, -97.63991247769931 28.09366222734162, -95.59772406601938 29.87731250640135, -95.61741468746388 29.85390270976212, -94.85534347261567 31.10875793913942))"
32E,2019-06-27 15:55:00+00:00,2019-06-27 17:55:00+00:00,0.0,35000.0,"POLYGON ((-83.72112899738113 40.040755185432005, -83.55838781683676 39.92449982789944, -84.24647018510362 38.96128110576752, -84.40921136564799 39.077536463300085, -83.72112899738113 40.040755185432005))"
70C,2019-06-27 15:55:00+00:00,2019-06-27 17:55:00+00:00,0.0,45000.0,"POLYGON ((-87.40437660198754 35.656742910646365, -87.21329312480051 35.597691198172335, -87.66194397734742 34.14591678967774, -87.85302745453444 34.20496850215177, -87.40437660198754 35.656742910646365))"
72C,2019-06-27 15:55:00+00:00,2019-06-27 17:55:00+00:00,0.0,38000.0,"POLYGON ((-99.58196453481914 30.804237557308944, -99.07604894312156 29.859875949310247, -100.10650008114291 29.358358334960215, -100.49183531423263 30.59827415449647, -99.58196453481914 30.804237557308944))"
31W,2019-06-27 15:55:00+00:00,2019-06-27 17:55:00+00:00,0.0,39000.0,"POLYGON ((-114.18 48.932854697104474, -112.24978228640087 48.831400538118686, -112.8784699314521 48.202654229701636, -114.18 48.932854697104474))"
33E,2019-06-27 15:55:00+00:00,2019-06-27 17:55:00+00:00,0.0,45000.0,"POLYGON ((-78.80175057032277 25.792527561935092, -78.85801633912979 24.49907333891924, -80.70225120345002 24.586020889740663, -80.28 25.8, -78.80175057032277 25.792527561935092))"
73C,2019-06-27 15:55:00+00:00,2019-06-27 17:55:00+00:00,0.0,34000.0,"POLYGON ((-102.99692595659302 49.070774411352, -104.32805758842176 48.14757299240134, -106.63 49.05184477868196, -102.99692595659302 49.070774411352))"
69C,2019-06-27 15:55:00+00:00,2019-06-27 17:55:00+00:00,0.0,45000.0,"POLYGON ((-90.80416629730107 36.22755230192825, -88.61704676163279 35.08681842954281, -89.42697066826867 34.1629287037221, -91.43005871587378 34.9323722435418, -90.80416629730107 36.22755230192825))"
71C,2019-06-27 15:55:00+00:00,2019-06-27 17:55:00+00:00,0.0,45000.0,"POLYGON ((-93.54037974602575 47.570484993081855, -91.02448128212005 45.66762713171728, -91.79788067398943 44.14481368011265, -95.48446381083471 41.63083337471376, -97.42528055796632 43.177613754538115, -93.54037974602575 47.570484993081855))"
36E,2019-06-27 16:55:00+00:00,2019-06-27 18:55:00+00:00,,,"POLYGON ((-82.25541813736274 31.4537435416061, -81.34270498025067 30.29920119922305, -80.88137555848914 29.25907436616169, -82.39471657581944 31.3102306674675, -81.32094211177501 30.26798893832733, -80.69855138308111 29.34016271850885, -81.15988080484264 30.38028955157021, -81.1816436733183 30.41150181246593, -82.25541813736274 31.4537435416061))"
80C,2019-06-27 16:55:00+00:00,2019-06-27 18:55:00+00:00,0.0,37000.0,"POLYGON ((-106.28648350546212 36.512966069903364, -104.85526621239143 36.299766743141866, -104.88473378760858 36.10194949917456, -106.31595108067927 36.315148825936056, -106.28648350546212 36.512966069903364))"
38E,2019-06-27 16:55:00+00:00,2019-06-27 18:55:00+00:00,0.0,39000.0,"POLYGON ((-70.79232562773215 46.163172872706944, -70.67780522453032 44.456685090756835, -70.87735638047792 44.44329344560107, -70.99187678367976 46.14978122755118, -70.79232562773215 46.163172872706944))"
34E,2019-06-27 16:55:00+00:00,2019-06-27 18:55:00+00:00,0.0,45000.0,"POLYGON ((-83.7877242483944 40.20165521355282, -83.59300687051251 40.15599185022068, -83.91713204073261 38.773859684621975, -84.1118494186145 38.819523047954114, -83.7877242483944 40.20165521355282))"
35E,2019-06-27 16:55:00+00:00,2019-06-27 18:55:00+00:00,0.0,42000.0,"POLYGON ((-79.4155458471524 38.68669922714113, -77.69913122081752 38.58455078504327, -78.15123426631126 38.10539765294067, -79.44781637771844 38.3970440977387, -79.4155458471524 38.68669922714113))"
37E,2019-06-27 16:55:00+00:00,2019-06-27 18:55:00+00:00,0.0,45000.0,"POLYGON ((-79.23229775313193 26.35909350890834, -78.60267983213524 24.261108945577764, -81.28443378291769 24.11856181931795, -81.1500602686632 25.176804459684146, -79.23229775313193 26.35909350890834))"
75C,2019-06-27 16:55:00+00:00,2019-06-27 18:55:00+00:00,0.0,45000.0,"POLYGON ((-89.08522039200069 35.55865610270538, -86.9 34.16910686720918, -89.54088228810181 33.71247523151669, -92.49201179707303 35.29442290760843, -89.08522039200069 35.55865610270538))"
76C,2019-06-27 16:55:00+00:00,2019-06-27 18:55:00+00:00,0.0,45000.0,"POLYGON ((-93.41000000000001 47.73815522131803, -90.78775706038387 46.004344653795975, -91.14211932601057 44.14481368011265, -93.65542221739128 42.137678612479895, -96.34558828971097 42.88064655251599, -93.41000000000001 47.73815522131803))"
78C,2019-06-27 16:55:00+00:00,2019-06-27 18:55:00+00:00,0.0,37000.0,"POLYGON ((-102.99692595659302 49.070774411352, -105.46939007745408 48.53251914529073, -106.63 49.05184477868196, -102.99692595659302 49.070774411352))"
79C,2019-06-27 16:55:00+00:00,2019-06-27 18:55:00+00:00,0.0,40000.0,"POLYGON ((-94.33354194588546 32.066392735164186, -95.35 29.12815522131804, -96.84921685976629 29.229491785461253, -96.31099318140777 30.832926542824385, -94.33354194588546 32.066392735164186))"
77C,2019-06-27 16:55:00+00:00,2019-06-27 18:55:00+00:00,0.0,37000.0,"POLYGON ((-99.59703277627032 31.06092458133462, -98.75481726216897 30.254493428529763, -99.52598656768501 29.984849906577576, -100.59312985355673 30.597714495710978, -99.59703277627032 31.06092458133462))"
HOTEL 1,2019-06-27 17:45:00+00:00,2019-06-27 21:45:00+00:00,0.0,46000.0,"POLYGON ((-79 27, -77 27, -76.45 25.15, -78 24, -79 24, -79 27))"
42E,2019-06-27 17:55:00+00:00,2019-06-27 19:55:00+00:00,,,"POLYGON ((-82.3399617614332 31.40509057872899, -81.42269888596915 30.23623544252907, -80.96549968667456 29.17478852900452, -82.47997164986278 31.26227170342906, -81.40086132772304 30.20438551374508, -80.78181468175275 29.25390754673648, -81.23901388104734 30.31535446026102, -81.26085143929346 30.34720438904501, -82.3399617614332 31.40509057872899))"
41E,2019-06-27 17:55:00+00:00,2019-06-27 19:55:00+00:00,0.0,45000.0,"POLYGON ((-77.80937651323727 40.16773704879358, -77.72706770108157 39.985459075792136, -78.78884559392215 39.5060063163948, -78.87115440607785 39.68828428939625, -77.80937651323727 40.16773704879358))"
44E,2019-06-27 17:55:00+00:00,2019-06-27 19:55:00+00:00,0.0,45000.0,"POLYGON ((-84.52845427755126 30.684915032549483, -83.15718164256018 29.680572139005786, -83.27535816992614 29.519220633342773, -84.64663080491722 30.52356352688647, -84.52845427755126 30.684915032549483))"
45E,2019-06-27 17:55:00+00:00,2019-06-27 19:55:00+00:00,0.0,39000.0,"POLYGON ((-69.36503214389677 47.11676573538963, -69.1694173649584 47.07511410563884, -69.70948703148386 44.53870414855474, -69.90510181042222 44.58035577830553, -69.36503214389677 47.11676573538963))"
83C,2019-06-27 17:55:00+00:00,2019-06-27 19:55:00+00:00,0.0,40000.0,"POLYGON ((-100.41705720893509 29.666216683326294, -98.10821711876123 29.332854579974452, -98.60809910268782 28.193231407031874, -100.31099862160859 29.193239711728566, -100.41705720893509 29.666216683326294))"
43E,2019-06-27 17:55:00+00:00,2019-06-27 19:55:00+00:00,0.0,45000.0,"POLYGON ((-79.06133213016837 26.294299452237617, -78.60267983213524 24.261108945577764, -81.28443378291769 24.11856181931795, -81.1500602686632 25.176804459684146, -79.06133213016837 26.294299452237617))"
40E,2019-06-27 17:55:00+00:00,2019-06-27 19:55:00+00:00,0.0,35000.0,"POLYGON ((-79.35028771308052 38.31939005602989, -77.54671996942044 38.02473389545863, -78.09760248033459 37.7521218765947, -79.64405812365678 38.01784094918022, -79.35028771308052 38.31939005602989))"
39E,2019-06-27 17:55:00+00:00,2019-06-27 19:55:00+00:00,0.0,45000.0,"POLYGON ((-81.97007102379331 40.61891570090371, -82.7904933681762 39.33574929142058, -83.90580578242958 39.27197892304491, -84.04 40.45636895573639, -81.97007102379331 40.61891570090371))"
84C,2019-06-27 17:55:00+00:00,2019-06-27 19:55:00+00:00,0.0,40000.0,"POLYGON ((-94.38634529539391 32.29214430580634, -94.58189559925312 29.957772380150647, -96.84921685976629 29.229491785461253, -96.0808613819834 31.152843948094596, -94.38634529539391 32.29214430580634))"
81C,2019-06-27 17:55:00+00:00,2019-06-27 19:55:00+00:00,0.0,45000.0,"POLYGON ((-88.76116858997545 35.01390720335377, -86.34470870315192 33.85975904923094, -88.98213197685651 32.44353573685236, -92.10272221204895 34.52627072868779, -88.76116858997545 35.01390720335377))"
82C,2019-06-27 17:55:00+00:00,2019-06-27 19:55:00+00:00,0.0,45000.0,"POLYGON ((-92.48143330642527 47.260771805847135, -89.90060044405621 45.75648774870214, -92.12761568404244 42.441078497441815, -95.33954149479143 42.92355826658565, -93.1499246405716 45.02366953418059, -92.48143330642527 47.260771805847135))"
85C,2019-06-27 17:55:00+00:00,2019-06-27 19:55:00+00:00,0.0,42000.0,"POLYGON ((-104.37509529838269 37.5121439079293, -104.761042193771 35.786740015485314, -107.13341196891312 35.65441754581724, -106.2947418945079 36.42681738449713, -104.37509529838269 37.5121439079293))"
49E,2019-06-27 18:55:00+00:00,2019-06-27 20:55:00+00:00,,,"POLYGON ((-83.66194443812964 35.98764116836625, -84.04278579233701 35.78163024383954, -84.06239104816136 35.76774388235214, -84.96574809656329 34.94836661614031, -83.94762850888921 35.60571807425815, -83.56678715468183 35.81172899878486, -84.8313803014668 34.80022716953372, -83.92802325306486 35.61960443574555, -83.66194443812964 35.98764116836625))"
48E,2019-06-27 18:55:00+00:00,2019-06-27 20:55:00+00:00,0.0,37000.0,"POLYGON ((-80.39613272437573 40.42362752556276, -77.652993531106 39.8168765472549, -77.69618724496522 39.62159648405579, -80.43932643823494 40.22834746236365, -80.39613272437573 40.42362752556276))"
53E,2019-06-27 18:55:00+00:00,2019-06-27 20:55:00+00:00,0.0,35000.0,"POLYGON ((-79.75807464500559 34.104957603971435, -79.5619253549944 34.06590051718677, -79.82032530934792 32.768185511845815, -80.01647459935911 32.80724259863048, -79.75807464500559 34.104957603971435))"
51E,2019-06-27 18:55:00+00:00,2019-06-27 20:55:00+00:00,0.0,40000.0,"POLYGON ((-84.52604723908352 30.683095654307433, -83.45010356314695 29.84403246133993, -83.57309416744839 29.686319712161016, -84.64903784338496 30.52538290512852, -84.52604723908352 30.683095654307433))"
52E,2019-06-27 18:55:00+00:00,2019-06-27 20:55:00+00:00,0.0,39000.0,"POLYGON ((-68.93766097529668 47.31209109493539, -68.74915418001167 47.24526903172738, -69.71304102331054 44.52611893182613, -69.90154781859555 44.59294099503414, -68.93766097529668 47.31209109493539))"
46E,2019-06-27 18:55:00+00:00,2019-06-27 20:55:00+00:00,0.0,42000.0,"POLYGON ((-81.63001918244842 41.01909137011609, -80.82 39.87542906057912, -83.14219414213609 38.744730389518956, -84.17381652441887 40.187695766164964, -81.63001918244842 41.01909137011609))"
88C,2019-06-27 18:55:00+00:00,2019-06-27 20:55:00+00:00,0.0,40000.0,"POLYGON ((-95.28584528801683 41.06362286416328, -95.20049700883483 39.29347284488781, -95.40026494204857 39.283840978012186, -95.48561322123057 41.053990997287656, -95.28584528801683 41.06362286416328))"
50E,2019-06-27 18:55:00+00:00,2019-06-27 20:55:00+00:00,0.0,45000.0,"POLYGON ((-79.05441703746935 27.05824119087265, -78.60267983213524 24.261108945577764, -81.28443378291769 24.11856181931795, -81.35641043642329 25.607146818438366, -79.05441703746935 27.05824119087265))"
47E,2019-06-27 18:55:00+00:00,2019-06-27 20:55:00+00:00,0.0,45000.0,"POLYGON ((-79.35028771308052 38.31939005602989, -78.61693891065627 38.04941308425337, -78.79454314466948 37.602089188954864, -79.83487803605058 37.71907851916679, -79.35028771308052 38.31939005602989))"
91C,2019-06-27 18:55:00+00:00,2019-06-27 20:55:00+00:00,0.0,45000.0,"POLYGON ((-103.53679195328591 38.19695890565211, -103.8350209710609 35.64088806605054, -107.38187513789626 34.8477039959153, -106.2947418945079 36.42681738449713, -103.53679195328591 38.19695890565211))"
89C,2019-06-27 18:55:00+00:00,2019-06-27 20:55:00+00:00,0.0,45000.0,"POLYGON ((-100.36365555039026 29.712306022433808, -97.57856898521712 29.318752834249235, -97.84064902514227 28.252342220654576, -99.92735731122193 28.555012644965775, -100.36365555039026 29.712306022433808))"
90C,2019-06-27 18:55:00+00:00,2019-06-27 20:55:00+00:00,0.0,45000.0,"POLYGON ((-93.81 32.10452417705443, -94.99563122805353 29.832192574955673, -97.12067642780897 29.463423173109778, -96.44697070473799 30.951513136209684, -93.81 32.10452417705443))"
87C,2019-06-27 18:55:00+00:00,2019-06-27 20:55:00+00:00,0.0,45000.0,"POLYGON ((-91.82366609323383 47.41420776479196, -88.78138822797912 46.09856510910995, -91.61113895519965 42.39647121414657, -94.91845024204414 42.7992858034928, -92.12881262215723 44.707159228286365, -91.82366609323383 47.41420776479196))"
86C,2019-06-27 18:55:00+00:00,2019-06-27 20:55:00+00:00,0.0,45000.0,"POLYGON ((-87.25921558958264 35.66804004464822, -85.15 34.627262088527225, -89.675885022439 31.298678281230448, -91.0776578338752 33.45744597813521, -87.25921558958264 35.66804004464822))"
32W,2019-06-27 18:55:00+00:00,2019-06-27 20:55:00+00:00,0.0,40000.0,"POLYGON ((-113.70935157967784 47.440504703306615, -112.84917974202044 46.86115580662738, -112.38324573278291 45.13223788816628, -113.89888680493485 45.32726713562242, -113.70935157967784 47.440504703306615))"
GOLF 2,2019-06-27 19:05:00+00:00,2019-06-27 23:05:00+00:00,0.0,46000.0,"POLYGON ((-62.3 40.45, -59.15 40.3, -61.15 37.3, -65 38.15, -62.3 40.45))"
57E,2019-06-27 19:55:00+00:00,2019-06-27 21:55:00+00:00,,,"POLYGON ((-82.1591855887471 36.42400834316923, -83.82183098854355 35.91666702281194, -83.857676748911 35.89698738781183, -84.9635955481296 34.95026348834018, -83.76345981104933 35.7253745618054, -82.10081441125288 36.23271588216269, -84.83353284990048 34.79833029733386, -83.72761405068188 35.74505419680551, -82.1591855887471 36.42400834316923))"
37W,2019-06-27 19:55:00+00:00,2019-06-27 21:55:00+00:00,,,"POLYGON ((-115.9849495474666 49.2519763529885, -115.4607579654607 47.58105206555815, -115.5558204642082 47.31474344169211, -116.1750504525334 49.18983421034128, -115.6499879537858 47.5835996652084, -115.7441795357918 47.38198078363981, -115.6491170370442 47.64828940750586, -115.459887048719 47.64574180785561, -115.9849495474666 49.2519763529885))"
54E,2019-06-27 19:55:00+00:00,2019-06-27 21:55:00+00:00,0.0,42000.0,"POLYGON ((-81.85 41.13085812115822, -80.96505419399088 40.28704202793695, -83.22233068809669 38.35665362712361, -84.11267424121486 40.42354342176776, -81.85 41.13085812115822))"
59E,2019-06-27 19:55:00+00:00,2019-06-27 21:55:00+00:00,0.0,45000.0,"POLYGON ((-80.49 27.53542906057911, -80.38867342740315 26.569037969393626, -82.55 26.821716242316427, -82.43496176548746 27.29772573430427, -80.49 27.53542906057911))"
60E,2019-06-27 19:55:00+00:00,2019-06-27 21:55:00+00:00,0.0,40000.0,"POLYGON ((-84.64911907587486 31.352815720410444, -83.24165069691357 30.000560721170046, -84.35 29.821716242316416, -86.0065606493468 30.82825830528209, -84.64911907587486 31.352815720410444))"
56E,2019-06-27 19:55:00+00:00,2019-06-27 21:55:00+00:00,0.0,45000.0,"POLYGON ((-80.17917239276181 40.635987814902954, -77.64376278079743 39.81436620940009, -77.70541799527379 39.6241068219106, -80.24082760723817 40.445728427413464, -80.17917239276181 40.635987814902954))"
61E,2019-06-27 19:55:00+00:00,2019-06-27 21:55:00+00:00,0.0,45000.0,"POLYGON ((-68.78558096318953 47.21143979436903, -68.59756758036742 47.143241789414404, -69.52655587884537 44.582137066260444, -69.71456926166748 44.65033507121507, -68.78558096318953 47.21143979436903))"
55E,2019-06-27 19:55:00+00:00,2019-06-27 21:55:00+00:00,0.0,40000.0,"POLYGON ((-79.42181818181818 38.01010193950176, -79.05818181818181 38.01010193950176, -79.05818181818181 37.6464655758654, -79.42181818181818 37.6464655758654, -79.42181818181818 38.01010193950176))"
62E,2019-06-27 19:55:00+00:00,2019-06-27 21:55:00+00:00,0.0,41000.0,"POLYGON ((-79.87798998333335 34.16042989497624, -79.68899820255118 34.0949920863578, -80.18842469221765 32.652591987017495, -80.37741647299983 32.718029795635935, -79.87798998333335 34.16042989497624))"
98C,2019-06-27 19:55:00+00:00,2019-06-27 21:55:00+00:00,0.0,42000.0,"POLYGON ((-104.671632291017 34.87487951610913, -104.48132437900662 34.81337424295103, -105.13311315446235 32.79662747377697, -105.32342106647273 32.85813274693508, -104.671632291017 34.87487951610913))"
94C,2019-06-27 19:55:00+00:00,2019-06-27 21:55:00+00:00,0.0,40000.0,"POLYGON ((-95.13260131605074 40.949960457576154, -94.93271885113771 40.943104786909316, -94.98575784496715 39.39671124814016, -95.18564030988018 39.403566918806995, -95.13260131605074 40.949960457576154))"
96C,2019-06-27 19:55:00+00:00,2019-06-27 21:55:00+00:00,0.0,45000.0,"POLYGON ((-94.88069367982149 32.152800244234754, -93.81 32.04714530289553, -95.54617583097527 29.03447644696247, -97.14832211082181 29.578048495073432, -94.88069367982149 32.152800244234754))"
34W,2019-06-27 19:55:00+00:00,2019-06-27 21:55:00+00:00,0.0,39000.0,"POLYGON ((-120.8714222935935 48.5475055856823, -120.00229958776785 48.31350754160087, -119.8702915197885 47.07243338405537, -120.88863889759907 46.875807841668994, -120.8714222935935 48.5475055856823))"
35W,2019-06-27 19:55:00+00:00,2019-06-27 21:55:00+00:00,0.0,35000.0,"POLYGON ((-116.8375980917414 45.77189733018543, -116.69144240568309 45.63537438181108, -118.12258478986247 44.10325396178255, -118.26874047592078 44.2397769101569, -116.8375980917414 45.77189733018543))"
36W,2019-06-27 19:55:00+00:00,2019-06-27 21:55:00+00:00,0.0,40000.0,"POLYGON ((-109.24726301718842 48.95202886707865, -109.04749249718422 48.94245080165551, -109.11190421962456 47.59901006307229, -109.31167473962876 47.608588128495434, -109.24726301718842 48.95202886707865))"
58E,2019-06-27 19:55:00+00:00,2019-06-27 21:55:00+00:00,0.0,45000.0,"POLYGON ((-78.97286876565066 26.675630616850057, -78.60267983213524 24.261108945577764, -81.28443378291769 24.11856181931795, -81.42654794100704 25.761040989273386, -78.97286876565066 26.675630616850057))"
92C,2019-06-27 19:55:00+00:00,2019-06-27 21:55:00+00:00,0.0,45000.0,"POLYGON ((-84.8425572950873 36.2145776418734, -89.45488213162677 30.319442990420686, -91.0776578338752 33.45744597813521, -88.21067442012458 35.296086248612134, -84.8425572950873 36.2145776418734))"
93C,2019-06-27 19:55:00+00:00,2019-06-27 21:55:00+00:00,0.0,45000.0,"POLYGON ((-90.49902006956764 46.78739834085871, -88.78138822797912 46.09856510910995, -91.1852470353202 42.046093408359944, -94.4501448664719 42.72752923037666, -90.33520080246274 45.37198160444486, -90.49902006956764 46.78739834085871))"
95C,2019-06-27 19:55:00+00:00,2019-06-27 21:55:00+00:00,0.0,45000.0,"POLYGON ((-97.75036516797682 29.918700474297374, -97.84064902514227 28.252342220654576, -100.35525054811127 28.300354481657774, -100.77000000000001 29.859106867209178, -97.75036516797682 29.918700474297374))"
97C,2019-06-27 19:55:00+00:00,2019-06-27 21:55:00+00:00,0.0,45000.0,"POLYGON ((-103.32510170134243 38.19828936038757, -103.8350209710609 35.64088806605054, -107.92997857611108 34.41404197188465, -106.05880619867027 36.888644746251835, -103.32510170134243 38.19828936038757))"
33W,2019-06-27 19:55:00+00:00,2019-06-27 21:55:00+00:00,0.0,40000.0,"POLYGON ((-113.135226543827 47.4993756847764, -111.86569001814523 47.57643210252569, -112.70431496902152 44.44186033636202, -113.89888680493485 45.32726713562242, -113.135226543827 47.4993756847764))"
YANKEE 1,2019-06-27 20:25:00+00:00,2019-06-28 00:25:00+00:00,0.0,58000.0,"POLYGON ((131.3 13.5, 135.3 13, 130.5 10.2, 131.3 13.5))"
64E,2019-06-27 20:55:00+00:00,2019-06-27 22:55:00+00:00,0.0,42000.0,"POLYGON ((-82.85668206253013 39.9452394489294, -81.03546587915912 39.619101475954615, -81.95919249458332 38.616412491018274, -83.05279709043673 38.413584187953354, -82.85668206253013 39.9452394489294))"
65E,2019-06-27 20:55:00+00:00,2019-06-27 22:55:00+00:00,0.0,45000.0,"POLYGON ((-80.64894869564573 41.90879046829309, -76.63435691604947 39.38883807236919, -77.38252305617844 38.74884961253526, -83.68921885772383 40.40012061479543, -80.64894869564573 41.90879046829309))"
66E,2019-06-27 20:55:00+00:00,2019-06-27 22:55:00+00:00,0.0,36000.0,"POLYGON ((-68.99582303097701 47.379818023216124, -68.54031998245571 47.075801687495016, -68.67887612546728 45.857022507733724, -69.47902105966006 45.86262564318338, -70.36600693780743 46.66304004012997, -68.99582303097701 47.379818023216124))"
39W,2019-06-27 20:55:00+00:00,2019-06-27 22:55:00+00:00,0.0,45000.0,"POLYGON ((-112.96966897394329 48.53562746414574, -110.17676477126672 47.06823538233356, -112.39356507421294 44.98276062519338, -113.28262180325858 45.758807831048124, -112.96966897394329 48.53562746414574))"
38W,2019-06-27 20:55:00+00:00,2019-06-27 22:55:00+00:00,0.0,43000.0,"POLYGON ((-106.58533903002295 36.73416377516058, -106.32305349738657 34.630076950865174, -107.75839328304667 33.113108712540445, -107.74776900456399 36.07167772444267, -106.58533903002295 36.73416377516058))"
63E,2019-06-27 20:55:00+00:00,2019-06-27 22:55:00+00:00,0.0,44000.0,"POLYGON ((-80.56179368939435 27.52627662910523, -78.89055775947249 26.229303019077314, -78.9860466174684 24.617894306950927, -81.41077795151206 24.94242079322325, -82.9247816404235 27.399499189432074, -80.56179368939435 27.52627662910523))"
05C,2019-06-27 20:55:00+00:00,2019-06-27 22:55:00+00:00,0.0,45000.0,"POLYGON ((-103.67445330677421 38.87578954720673, -102.34587274266667 37.25338585192899, -105.44288627311754 32.523107044169365, -106.44784207776178 37.348340980272916, -103.67445330677421 38.87578954720673))"
03C,2019-06-27 20:55:00+00:00,2019-06-27 22:55:00+00:00,0.0,45000.0,"POLYGON ((-94.0078578070473 32.769844516237846, -91.73913048246769 29.557034999705913, -96.04100374078246 28.99501483288552, -97.17319725084232 30.506848598371693, -94.0078578070473 32.769844516237846))"
01C,2019-06-27 20:55:00+00:00,2019-06-27 22:55:00+00:00,0.0,45000.0,"POLYGON ((-85.06863633778889 36.707804421097194, -81.9231970438698 36.439821660077484, -86.87911717164472 32.689333003984295, -86.68 30.164524177054425, -90.29545087551398 30.46449064253503, -90.84712562975027 33.92927312269615, -85.06863633778889 36.707804421097194))"
02C,2019-06-27 20:55:00+00:00,2019-06-27 22:55:00+00:00,0.0,45000.0,"POLYGON ((-88.97139565356122 46.784964293381584, -88.52155261614901 44.794802918041476, -88.91975519977423 42.64764707816552, -91.45259242323709 41.637533415067885, -94.4501448664719 42.72752923037666, -88.97139565356122 46.784964293381584))"
04C,2019-06-27 20:55:00+00:00,2019-06-27 22:55:00+00:00,0.0,45000.0,"POLYGON ((-98.06346327609431 30.187916502712135, -97.01304559912371 29.01284678973706, -100.22077112482648 28.183549718806965, -100.77 29.36, -98.06346327609431 30.187916502712135))"
99C,2019-06-27 20:55:00+00:00,2019-06-27 22:55:00+00:00,0.0,45000.0,"POLYGON ((-85.49207857834335 31.511455019267643, -84.29 31.160893132790832, -84.35 29.568155221318033, -85.99915682857404 30.240016139093544, -85.49207857834335 31.511455019267643))"
HOTEL 2,2019-06-27 21:30:00+00:00,2019-06-28 01:30:00+00:00,0.0,42000.0,"POLYGON ((-78.55 27, -77 27, -76.45 25.5, -78.5 25.5, -78.55 27))"
74E,2019-06-27 21:55:00+00:00,2019-06-27 23:55:00+00:00,0.0,45000.0,"POLYGON ((-84.83436162559225 37.02779856007968, -85.67920207933685 34.95885230078638, -86.63242377266263 34.20397670371736, -87.82926111612169 35.37736169956549, -84.83436162559225 37.02779856007968))"
68E,2019-06-27 21:55:00+00:00,2019-06-27 23:55:00+00:00,0.0,45000.0,"POLYGON ((-86.2017584822587 31.238030285347172, -84.09584017617053 31.259154555398418, -84.8576514431711 29.33048925226135, -86.08789322366032 30.317517752031666, -86.2017584822587 31.238030285347172))"
69E,2019-06-27 21:55:00+00:00,2019-06-27 23:55:00+00:00,0.0,41000.0,"POLYGON ((-81.85121494884763 36.634518975126284, -81.74372636415194 36.465858949749446, -85.49739441322076 34.07361179390828, -85.60488299791645 34.242271819285115, -81.85121494884763 36.634518975126284))"
72E,2019-06-27 21:55:00+00:00,2019-06-27 23:55:00+00:00,0.0,45000.0,"POLYGON ((-77.50053055175388 39.66481558678494, -76.66867958542578 38.859412152131846, -79.78485796132543 37.248751759077294, -80.44201018913189 37.99935986439306, -77.50053055175388 39.66481558678494))"
09C,2019-06-27 21:55:00+00:00,2019-06-27 23:55:00+00:00,0.0,45000.0,"POLYGON ((-97.68473749201115 30.32458393304762, -96.8959397971132 29.26987114650441, -98.46 28.91714530289553, -99.50080754022767 29.931779685033224, -97.68473749201115 30.32458393304762))"
70E,2019-06-27 21:55:00+00:00,2019-06-27 23:55:00+00:00,0.0,41000.0,"POLYGON ((-81.06773631675037 39.55862069634339, -81.78665912484816 38.2886323563011, -83.40097382900974 38.29630242707246, -82.63738286037945 39.21899598136912, -81.06773631675037 39.55862069634339))"
67E,2019-06-27 21:55:00+00:00,2019-06-27 23:55:00+00:00,0.0,45000.0,"POLYGON ((-80.56179368939435 27.52627662910523, -80.28 24.96815522131804, -81.46227388148101 24.46229031708794, -83.29955648896772 27.397996788231897, -80.56179368939435 27.52627662910523))"
71E,2019-06-27 21:55:00+00:00,2019-06-27 23:55:00+00:00,0.0,45000.0,"POLYGON ((-80.76243168732164 41.66610640290601, -78.17539618668795 40.31815515228495, -78.83 39.48815522131804, -82.92623152540136 40.7643356385174, -80.76243168732164 41.66610640290601))"
73E,2019-06-27 21:55:00+00:00,2019-06-27 23:55:00+00:00,0.0,36000.0,"POLYGON ((-69.13421193674417 47.47113919577267, -68.60866560439722 47.12175572242235, -68.70296331649637 45.89726425884551, -69.19812002030345 46.058567912655235, -70.17546595514108 46.66078325535315, -69.13421193674417 47.47113919577267))"
10C,2019-06-27 21:55:00+00:00,2019-06-27 23:55:00+00:00,0.0,45000.0,"POLYGON ((-104.10275279684106 38.904366804050824, -101.93683379707139 37.35441774730114, -103.31130352764696 35.414939055870995, -105.14 35.16089313279082, -104.10275279684106 38.904366804050824))"
08C,2019-06-27 21:55:00+00:00,2019-06-27 23:55:00+00:00,0.0,45000.0,"POLYGON ((-93.44492912534544 32.64213722871149, -92.75407257057805 30.266853240562227, -95.93044200102048 28.759469726378548, -96.7199410980242 31.188257217783516, -93.44492912534544 32.64213722871149))"
07C,2019-06-27 21:55:00+00:00,2019-06-27 23:55:00+00:00,0.0,45000.0,"POLYGON ((-87.32581048404666 34.02219254718492, -86.30029492453903 33.66855187122524, -86.68 29.831786265581645, -90.29545087551398 30.46449064253503, -90.3274581931953 32.89091044801956, -87.32581048404666 34.02219254718492))"
06C,2019-06-27 21:55:00+00:00,2019-06-27 23:55:00+00:00,0.0,45000.0,"POLYGON ((-88.80284687858554 45.43711182406513, -87.3683299698557 43.11638112630238, -89.59 41.659106867209175, -91.69523610459778 41.6736734493593, -93.07040670078894 42.628590639889815, -88.80284687858554 45.43711182406513))"
41W,2019-06-27 21:55:00+00:00,2019-06-27 23:55:00+00:00,0.0,45000.0,"POLYGON ((-110.93800937938292 48.85245307744807, -110.05475180747352 46.71591959814604, -112.27647347192692 45.710789976794196, -113.01961921856085 48.52252119643731, -110.93800937938292 48.85245307744807))"
40W,2019-06-27 21:55:00+00:00,2019-06-27 23:55:00+00:00,0.0,43000.0,"POLYGON ((-105.82 37.18363104426362, -105.28457721157832 35.542272938342144, -107.83707452040264 32.74091162802749, -107.83595676968059 35.035765667043, -105.82 37.18363104426362))"
11C,2019-06-27 22:55:00+00:00,2019-06-28 00:55:00+00:00,,,"POLYGON ((-88.17889042434281 44.64469241739231, -88.07494761213836 43.01687328723106, -88.42988846752915 41.58976159999624, -87.97922782379565 44.63308009881485, -88.07215988369175 43.03520310041213, -88.6239756111831 41.63803354493585, -88.2690347557923 43.06514523217067, -88.27182248423891 43.0468154189896, -88.17889042434281 44.64469241739231))"
81E,2019-06-27 22:55:00+00:00,2019-06-28 00:55:00+00:00,0.0,37000.0,"POLYGON ((-68.33414357696847 47.17044018135261, -67.87892607010936 46.769805974778315, -68.67887612546728 45.857022507733724, -69.96599064198541 45.58087771249295, -70.36600693780743 46.66304004012997, -68.33414357696847 47.17044018135261))"
80E,2019-06-27 22:55:00+00:00,2019-06-28 00:55:00+00:00,0.0,45000.0,"POLYGON ((-77.15295946879236 39.44454691412842, -76.77818774361069 38.655253165980845, -80.57079548926446 37.35705103506699, -79.75723675758711 38.79884871845307, -77.15295946879236 39.44454691412842))"
76E,2019-06-27 22:55:00+00:00,2019-06-28 00:55:00+00:00,0.0,38000.0,"POLYGON ((-86.2017584822587 31.238030285347172, -84.85284416624702 30.399036922623505, -84.8576514431711 29.33048925226135, -86.36006551529388 30.161776107662387, -86.2017584822587 31.238030285347172))"
13C,2019-06-27 22:55:00+00:00,2019-06-28 00:55:00+00:00,0.0,45000.0,"POLYGON ((-93.44652269758586 32.46279365383779, -92.5 31.26, -93.11 29.995429060579106, -95.18313119468836 29.959894864881214, -93.44652269758586 32.46279365383779))"
15C,2019-06-27 22:55:00+00:00,2019-06-28 00:55:00+00:00,0.0,45000.0,"POLYGON ((-91.70876311667048 42.89174114048747, -91.16330857121595 42.89174114048747, -91.16330857121595 42.34628659503292, -91.70876311667048 42.34628659503292, -91.70876311667048 42.89174114048747))"
43W,2019-06-27 22:55:00+00:00,2019-06-28 00:55:00+00:00,0.0,45000.0,"POLYGON ((-111.73726654573619 48.88285264566485, -109.303981040284 48.84574512202192, -109.14861070240521 46.95868255039576, -111.21290447017068 46.09648202051936, -111.73726654573619 48.88285264566485))"
75E,2019-06-27 22:55:00+00:00,2019-06-28 00:55:00+00:00,0.0,43000.0,"POLYGON ((-83.06848421503878 27.20804198493829, -81.0362111198932 26.52807065944123, -80.95267343652286 24.905958970233517, -82.30633174969883 24.398154296576635, -83.06848421503878 27.20804198493829))"
77E,2019-06-27 22:55:00+00:00,2019-06-28 00:55:00+00:00,0.0,43000.0,"POLYGON ((-85.58 37.26815522131805, -84.34781308735664 36.568647514169584, -85.21 33.54910686720919, -89.32 37.01821373441836, -85.58 37.26815522131805))"
78E,2019-06-27 22:55:00+00:00,2019-06-28 00:55:00+00:00,0.0,37000.0,"POLYGON ((-81.59475591639774 40.60563533291613, -80.51170862113061 40.25487352357875, -81.12 38.27910686720918, -82.27334087515185 38.2886323563011, -81.59475591639774 40.60563533291613))"
79E,2019-06-27 22:55:00+00:00,2019-06-28 00:55:00+00:00,0.0,43000.0,"POLYGON ((-81.76529787099429 41.26626402472676, -78.65050946405555 40.9181156410265, -78.07292034085923 39.97732584996259, -79.1079288584138 39.22414461483253, -81.76529787099429 41.26626402472676))"
12C,2019-06-27 22:55:00+00:00,2019-06-28 00:55:00+00:00,0.0,45000.0,"POLYGON ((-85.97314922680954 33.98487742775084, -86.68 29.665417309845242, -90.1 29.18, -92.75498991222597 30.01218912597088, -89.94965080096186 32.122500913341504, -85.97314922680954 33.98487742775084))"
14C,2019-06-27 22:55:00+00:00,2019-06-28 00:55:00+00:00,0.0,45000.0,"POLYGON ((-101.17953599684355 38.2720687547587, -103.4447969085326 34.87249114340129, -105.5280854558156 34.89085105100741, -106.40826241456749 36.87797725538051, -101.17953599684355 38.2720687547587))"
42W,2019-06-27 22:55:00+00:00,2019-06-28 00:55:00+00:00,0.0,43000.0,"POLYGON ((-107.21251678219875 35.807894320709636, -104.62 34.33821373441836, -107.83707452040264 32.74091162802749, -108.03912959361297 35.0339026771734, -107.21251678219875 35.807894320709636))"
YANKEE 2,2019-06-27 23:48:00+00:00,2019-06-28 03:50:00+00:00,0.0,53000.0,"POLYGON ((131.1 14.2, 134.5 14, 130.2 10.4, 131.1 14.2))"
82E,2019-06-27 23:55:00+00:00,2019-06-28 01:55:00+00:00,,,"POLYGON ((-84.1064005290024 30.5407053451763, -83.16914112590186 29.51597189221101, -82.67771080147438 28.08379016145039, -84.23462206437534 30.38721515699932, -83.13866533747066 29.47168266664885, -82.48853768923902 28.14870189850306, -82.97996801366651 29.58088362926367, -83.01044380209771 29.62517285482583, -84.1064005290024 30.5407053451763))"
16C,2019-06-27 23:55:00+00:00,2019-06-28 01:55:00+00:00,,,"POLYGON ((-87.87275312901892 44.62885498226979, -87.80173497109048 43.0910438301232, -88.27680234615829 41.48219837943783, -88.07250516829745 44.61889893867477, -87.99751718785546 43.11438543672869, -88.46861474040972 41.53883763624381, -87.99354736534191 43.14768308692918, -87.79776514857693 43.1243414803237, -87.87275312901892 44.62885498226979))"
84E,2019-06-27 23:55:00+00:00,2019-06-28 01:55:00+00:00,0.0,42000.0,"POLYGON ((-81.49316033681696 41.5300990729449, -78.18132603170275 40.91984189458572, -77.04 38.426287181737315, -79.24 37.97285469710447, -81.21867059942643 39.7126340684442, -81.49316033681696 41.5300990729449))"
18C,2019-06-27 23:55:00+00:00,2019-06-28 01:55:00+00:00,0.0,45000.0,"POLYGON ((-92.62981031167267 31.52706705297966, -91.49180279511282 30.0791612479224, -92.4935963116909 29.91726057531323, -94.46283254435365 30.625479815784193, -92.62981031167267 31.52706705297966))"
19C,2019-06-27 23:55:00+00:00,2019-06-28 01:55:00+00:00,0.0,45000.0,"POLYGON ((-100.75505319586048 38.84990939695654, -101.64 35.86828375768358, -107.97397670500487 32.58615957544185, -107.96734242438689 35.42188235790856, -100.75505319586048 38.84990939695654))"
85E,2019-06-27 23:55:00+00:00,2019-06-28 01:55:00+00:00,0.0,41000.0,"POLYGON ((-68.76561182893917 46.95901702163208, -68.09 46.77, -67.83 46.04, -69.94630121758334 45.58112447581779, -69.6737931926698 47.20480509937014, -68.76561182893917 46.95901702163208))"
83E,2019-06-27 23:55:00+00:00,2019-06-28 01:55:00+00:00,0.0,45000.0,"POLYGON ((-84.85256254912453 37.61589720573819, -84.40214356703616 34.703039140738355, -85.59314934811667 33.817939894501365, -87.7100097957465 36.13559036143849, -84.85256254912453 37.61589720573819))"
17C,2019-06-27 23:55:00+00:00,2019-06-28 01:55:00+00:00,0.0,45000.0,"POLYGON ((-92.04 32.52, -87.106593793031 32.21756446569643, -86.68 29.33267939837246, -90.86219487579237 29.177841928328096, -92.04 32.52))"
20C,2019-06-27 23:55:00+00:00,2019-06-28 01:55:00+00:00,0.0,45000.0,"POLYGON ((-94.97743252615817 32.880910526810865, -94.15874584632336 32.41861937193263, -95.83787866791457 32.03332276963507, -94.97743252615817 32.880910526810865))"
44W,2019-06-27 23:55:00+00:00,2019-06-28 01:55:00+00:00,0.0,45000.0,"POLYGON ((-109.0526208259624 49.008349436087784, -108.63302061555822 47.32109867023095, -110.09135202584264 46.14643173773451, -111.59863540257214 48.78915578496535, -109.0526208259624 49.008349436087784))"
7E,2019-06-28 00:55:00+00:00,2019-06-28 02:55:00+00:00,,,"POLYGON ((-80.90495523992706 35.28723890106784, -81.96735071711366 34.82794368013815, -83.48892619037714 34.60092533525484, -80.85844214699955 35.09272275215902, -81.95885078283973 34.82959082494278, -83.5184394147568 34.79873577377292, -81.99686394149332 35.02575411865622, -82.00536387576724 35.02410697385159, -80.90495523992706 35.28723890106784))"
1C,2019-06-28 00:55:00+00:00,2019-06-28 02:55:00+00:00,0.0,42000.0,"POLYGON ((-86.84184573936189 43.01581373044405, -86.69792469466644 42.87693704811842, -88.17426528892146 41.34697192299208, -88.31818633361691 41.48584860531771, -86.84184573936189 43.01581373044405))"
5C,2019-06-28 00:55:00+00:00,2019-06-28 02:55:00+00:00,0.0,45000.0,"POLYGON ((-98.59 32.99178626558165, -97.66652929708536 30.497569649501532, -99.43343051370515 30.599428614055693, -98.59 32.99178626558165))"
3C,2019-06-28 00:55:00+00:00,2019-06-28 02:55:00+00:00,0.0,45000.0,"POLYGON ((-93.03833641136431 31.067878012929807, -91.22624047802472 30.326274371675705, -92.11315947382785 29.771633406869384, -94.35096847175011 30.39094910831151, -93.03833641136431 31.067878012929807))"
4C,2019-06-28 00:55:00+00:00,2019-06-28 02:55:00+00:00,0.0,45000.0,"POLYGON ((-100.68352390859276 38.90619643610983, -101.92741607468848 35.05437850051448, -108.0290712728259 32.63223032172754, -108.27703768166174 35.122821076200836, -105.60482743269898 34.7368741775676, -100.68352390859276 38.90619643610983))"
6C,2019-06-28 00:55:00+00:00,2019-06-28 02:55:00+00:00,0.0,41000.0,"POLYGON ((-104.32547391752873 40.42434146314661, -103.18 39.82726208852721, -103.67445330677421 38.87578954720673, -105.56953776646681 39.100587063846106, -104.32547391752873 40.42434146314661))"
2C,2019-06-28 00:55:00+00:00,2019-06-28 02:55:00+00:00,0.0,45000.0,"POLYGON ((-92.04 32.353631044263615, -87.22523196645838 31.898439406737257, -87.33793374546323 29.444992833966868, -89.74834382435752 29.052207378927378, -92.04 32.353631044263615))"
1W,2019-06-28 01:02:00+00:00,2019-06-28 02:55:00+00:00,0.0,45000.0,"POLYGON ((-110.93800937938292 48.85245307744807, -108.36665487702608 48.91351919821275, -107.77626776360904 47.89594353686812, -108.62000000000002 46.47547582294557, -109.90964981238278 46.45458101485334, -110.93800937938292 48.85245307744807))"
13E,2019-06-28 01:12:00+00:00,2019-06-28 03:55:00+00:00,,,"POLYGON ((-80.90495523992706 35.28723890106784, -81.96735071711366 34.82794368013815, -83.48892619037714 34.60092533525484, -80.85844214699955 35.09272275215902, -81.95885078283973 34.82959082494278, -83.5184394147568 34.79873577377292, -81.99686394149332 35.02575411865622, -82.00536387576724 35.02410697385159, -80.90495523992706 35.28723890106784))"
11E,2019-06-28 01:12:00+00:00,2019-06-28 03:55:00+00:00,0.0,39000.0,"POLYGON ((-68.673215782035 46.60254073858651, -67.83 46.04, -69.13976508373013 45.58832433110383, -69.67194585539133 45.91618361885035, -68.673215782035 46.60254073858651))"
10E,2019-06-28 01:12:00+00:00,2019-06-28 03:55:00+00:00,0.0,41000.0,"POLYGON ((-80.61719736081176 41.135967286279325, -77.99 40.63085812115822, -77.32 37.933712818262684, -80.82 39.87542906057912, -80.61719736081176 41.135967286279325))"
12E,2019-06-28 01:12:00+00:00,2019-06-28 03:55:00+00:00,0.0,44000.0,"POLYGON ((-82.30380527474698 26.058482039171153, -80.67317108164602 26.1523925928314, -80.70225120345002 24.586020889740663, -82.81730934868862 24.96857646578228, -82.30380527474698 26.058482039171153))"
6E,2019-06-28 01:15:00+00:00,2019-06-28 02:55:00+00:00,,,"POLYGON ((-80.90495523992706 35.28723890106784, -81.96735071711366 34.82794368013815, -83.48892619037714 34.60092533525484, -80.85844214699955 35.09272275215902, -81.95885078283973 34.82959082494278, -83.5184394147568 34.79873577377292, -81.99686394149332 35.02575411865622, -82.00536387576724 35.02410697385159, -80.90495523992706 35.28723890106784))"
3E,2019-06-28 01:15:00+00:00,2019-06-28 02:55:00+00:00,0.0,41000.0,"POLYGON ((-80.61719736081176 41.135967286279325, -77.99 40.63085812115822, -77.32 37.933712818262684, -80.82 39.87542906057912, -80.61719736081176 41.135967286279325))"
4E,2019-06-28 01:15:00+00:00,2019-06-28 02:55:00+00:00,0.0,39000.0,"POLYGON ((-68.673215782035 46.60254073858651, -67.83 46.04, -69.13976508373013 45.58832433110383, -69.67194585539133 45.91618361885035, -68.673215782035 46.60254073858651))"
1E,2019-06-28 01:15:00+00:00,2019-06-28 02:55:00+00:00,0.0,44000.0,"POLYGON ((-83.95941903045642 30.56958887349395, -82.96948361007668 29.225592417203647, -83.13051638992332 29.106981946271002, -84.12045181030305 30.450978402561304, -83.95941903045642 30.56958887349395))"
2E,2019-06-28 01:15:00+00:00,2019-06-28 02:55:00+00:00,0.0,43000.0,"POLYGON ((-85.33880365827855 37.63863816680658, -84.72121618034382 34.60632367559116, -85.53483547945474 34.19086697356401, -87.82751932455459 36.516536783670084, -85.33880365827855 37.63863816680658))"
5E,2019-06-28 01:15:00+00:00,2019-06-28 02:55:00+00:00,0.0,44000.0,"POLYGON ((-82.30380527474698 26.058482039171153, -80.67317108164602 26.1523925928314, -80.70225120345002 24.586020889740663, -82.81730934868862 24.96857646578228, -82.30380527474698 26.058482039171153))"
10C,2019-06-28 01:55:00+00:00,2019-06-28 03:55:00+00:00,,,"POLYGON ((-103.2053721544049 40.25672773015455, -104.5400429579868 39.90663708237307, -104.6146534147458 39.81177414840715, -104.6391551289746 38.49809419693481, -104.4892986491769 39.71318162206396, -103.1546278455951 40.06327226984544, -104.4391899066465 38.49436460455755, -104.4146881924178 39.80804455602989, -103.2053721544049 40.25672773015455))"
2W,2019-06-28 01:55:00+00:00,2019-06-28 03:55:00+00:00,,,"POLYGON ((-109.2762331997487 48.76397624833189, -107.0129326833027 48.03131388008321, -108.5396927026386 45.97368770547206, -109.3267381868175 48.57045817093036, -107.1184924741984 47.99414291057847, -108.7003072973614 46.09286384386411, -107.1735472780254 48.15049001847526, -107.0679874871297 48.18766098798, -109.2762331997487 48.76397624833189))"
7E,2019-06-28 01:55:00+00:00,2019-06-28 03:55:00+00:00,0.0,45000.0,"POLYGON ((-80.77654521196041 26.42368438524639, -80.95267343652286 24.905958970233517, -82.64302907886804 24.269323624401174, -82.84290201139846 25.527518179151137, -82.46565559203661 26.273695139628867, -80.77654521196041 26.42368438524639))"
9E,2019-06-28 01:55:00+00:00,2019-06-28 03:55:00+00:00,0.0,44000.0,"POLYGON ((-69.13421193674417 47.47113919577267, -67.83 46.20636895573639, -67.80679301152168 45.58778094529472, -71.12813963889283 44.97714183602325, -69.13421193674417 47.47113919577267))"
8E,2019-06-28 01:55:00+00:00,2019-06-28 03:55:00+00:00,0.0,44000.0,"POLYGON ((-85.33880365827855 37.63863816680658, -84.46062062565694 36.08965145603708, -86.24494188853008 35.78629015129647, -86.14475472681085 37.16491634055651, -85.33880365827855 37.63863816680658))"
7C,2019-06-28 01:55:00+00:00,2019-06-28 03:55:00+00:00,0.0,45000.0,"POLYGON ((-91.34694045296891 31.92989469933052, -86.12929338804406 31.299398184331373, -87.33793374546323 29.444992833966868, -90.02718805080252 29.02627543496519, -93.79425429127488 30.726429120294984, -91.34694045296891 31.92989469933052))"
9C,2019-06-28 01:55:00+00:00,2019-06-28 03:55:00+00:00,0.0,45000.0,"POLYGON ((-100.73 38.252737911472785, -101.64 35.29, -105.91447328859199 33.77896026488088, -104.35456901420822 35.432329150294336, -103.02092114203982 35.64918710232253, -100.73 38.252737911472785))"
8C,2019-06-28 01:55:00+00:00,2019-06-28 03:55:00+00:00,0.0,45000.0,"POLYGON ((-98.59 32.99178626558165, -97.82565865872743 32.12935950199946, -98.21596814226127 30.966411962913288, -99.67159344348612 30.907325547131478, -98.59 32.99178626558165))"
3W,2019-06-28 01:55:00+00:00,2019-06-28 03:55:00+00:00,0.0,42000.0,"POLYGON ((-107.00787707184948 35.1035218785522, -106.28269290877822 33.96287681529223, -106.28 32.651844778681955, -108.16949345957063 32.74933014527294, -108.0169316652776 34.79687433510863, -107.00787707184948 35.1035218785522))"
4W,2019-06-28 02:55:00+00:00,2019-06-28 04:55:00+00:00,,,"POLYGON ((-106.8895221150747 48.49551307378888, -106.7880363316132 47.99954343752279, -108.4187678744378 45.95387981875344, -106.6927070904807 48.4599624606569, -106.7678237191522 48.04410237226637, -108.5751576741098 46.07854830137257, -106.9444261312852 48.12421192014192, -106.9646387437462 48.07965298539834, -106.8895221150747 48.49551307378888))"
11E,2019-06-28 02:55:00+00:00,2019-06-28 04:55:00+00:00,0.0,45000.0,"POLYGON ((-82.542697948138 35.188927539457055, -81.81542522086528 35.188927539457055, -81.81542522086528 34.46165481218432, -82.542697948138 34.46165481218432, -82.542697948138 35.188927539457055))"
5W,2019-06-28 02:55:00+00:00,2019-06-28 04:55:00+00:00,0.0,45000.0,"POLYGON ((-106.98324436758186 35.09521560710705, -106.93413734138517 33.27952112623668, -108.06343340371255 31.344225722359226, -109.64917448372418 31.46800574395262, -108.26374534748193 34.41687557529103, -106.98324436758186 35.09521560710705))"
10E,2019-06-28 02:55:00+00:00,2019-06-28 04:55:00+00:00,0.0,45000.0,"POLYGON ((-81.43679152679195 26.402256074635797, -81.29212108592688 24.780147440348717, -82.89774879654998 24.586020889740663, -83.14827054507217 26.0141478377521, -81.43679152679195 26.402256074635797))"
12E,2019-06-28 02:55:00+00:00,2019-06-28 04:55:00+00:00,0.0,44000.0,"POLYGON ((-69.13421193674417 47.47113919577267, -68.42877009169999 45.74366863304748, -69.7408898695657 45.091366878356176, -70.29557219654612 46.28020449251588, -69.13421193674417 47.47113919577267))"
14C,2019-06-28 02:59:00+00:00,2019-06-28 04:55:00+00:00,0.0,44000.0,"POLYGON ((-103.0460363157005 40.26214996308212, -104.07427251468762 38.95729593751739, -104.79288086502636 39.707697066133655, -103.0460363157005 40.26214996308212))"
15C,2019-06-28 02:59:00+00:00,2019-06-28 04:55:00+00:00,0.0,45000.0,"POLYGON ((-89.92933547022085 45.4168274779365, -89.86301401711899 45.22814397346816, -93.20683927344906 44.052803550661345, -93.27316072655093 44.24148705512969, -89.92933547022085 45.4168274779365))"
13C,2019-06-28 02:59:00+00:00,2019-06-28 04:55:00+00:00,0.0,45000.0,"POLYGON ((-102.9893644098633 35.17846766053683, -102.99394073140549 34.19249361784232, -106.85954103094922 32.92636980010632, -106.35860734962722 34.11689442957199, -102.9893644098633 35.17846766053683))"
11C,2019-06-28 02:59:00+00:00,2019-06-28 04:55:00+00:00,0.0,45000.0,"POLYGON ((-92.08558675059669 31.612257300462456, -90.03755077957554 30.838693605713566, -89.52835033643807 29.178786073129128, -90.45165617564247 29.052207378927378, -93.40633691813858 30.754486775385548, -92.08558675059669 31.612257300462456))"
12C,2019-06-28 02:59:00+00:00,2019-06-28 04:55:00+00:00,0.0,45000.0,"POLYGON ((-86.68 31.49547582294556, -85.1483644234394 28.706818749071704, -88.69861320022164 28.6633742230678, -88.76619753622238 29.173391202068682, -86.68 31.49547582294556))"
6W,2019-06-28 03:55:00+00:00,2019-06-28 05:55:00+00:00,,,"POLYGON ((-106.5313724857322 48.51560572767286, -106.4923865398379 48.04916742221847, -108.4233413346097 45.94853922262855, -106.7286275142678 48.48258370899734, -106.6646354937699 48.10033125031516, -108.570584213938 46.08388889749746, -106.6396294191662 48.18451709708738, -106.4673804652343 48.13335326899069, -106.5313724857322 48.51560572767286))"
14E,2019-06-28 03:55:00+00:00,2019-06-28 05:55:00+00:00,0.0,45000.0,"POLYGON ((-83.13610247072496 35.06249971959283, -82.40882974345224 35.06249971959283, -82.40882974345224 34.335226992320095, -83.13610247072496 34.335226992320095, -83.13610247072496 35.06249971959283))"
16C,2019-06-28 03:55:00+00:00,2019-06-28 05:55:00+00:00,0.0,45000.0,"POLYGON ((-89.93642063753028 45.41402952957447, -89.85592884980956 45.23094192183019, -93.28975410613964 43.72131089323234, -93.37024589386036 43.904398500976626, -89.93642063753028 45.41402952957447))"
13E,2019-06-28 03:55:00+00:00,2019-06-28 05:55:00+00:00,0.0,45000.0,"POLYGON ((-82.55 27.4, -81.29212108592688 24.780147440348717, -82.71479658550999 24.587236694214244, -83.0471972567871 26.323186756123533, -82.55 27.4))"
18C,2019-06-28 03:55:00+00:00,2019-06-28 05:55:00+00:00,0.0,43000.0,"POLYGON ((-85.69781876556978 29.216673780951727, -85.15524892107487 28.819394536320978, -89.03180928940711 28.23463979765442, -87.6307966136423 29.190912175467794, -85.69781876556978 29.216673780951727))"
17C,2019-06-28 03:55:00+00:00,2019-06-28 05:55:00+00:00,0.0,45000.0,"POLYGON ((-90.03755077957554 30.838693605713566, -89.56349146831214 28.708368653238324, -90.67164966356192 29.178786073129128, -91.49304662673721 30.479857834868557, -90.03755077957554 30.838693605713566))"
19C,2019-06-28 03:55:00+00:00,2019-06-28 05:55:00+00:00,0.0,45000.0,"POLYGON ((-102.9893644098633 35.17846766053683, -102.84 34.00089313279083, -105.71906091768653 32.953155243351134, -105.16019368043676 34.41476845635759, -102.9893644098633 35.17846766053683))"
7W,2019-06-28 03:55:00+00:00,2019-06-28 05:55:00+00:00,0.0,43000.0,"POLYGON ((-107.28 34.11184477868197, -106.17203034107841 33.657090368696416, -106.82288637250937 32.277558807773445, -109.70727149407455 31.346981460766365, -109.67577755834849 31.916396691069647, -107.28 34.11184477868197))"
8W,2019-06-28 04:55:00+00:00,2019-06-28 06:55:00+00:00,,,"POLYGON ((-106.5686276211006 48.4849133352013, -106.4284502204612 47.94619339270982, -108.2620456332094 45.93954276403224, -106.369143173344 48.47056219924448, -106.402530232312 48.0064735695717, -108.4096901046676 46.07445425371282, -106.5760946919194 48.08110488239039, -106.6020146800686 48.02082470552851, -106.5686276211006 48.4849133352013))"
20C,2019-06-28 04:55:00+00:00,2019-06-28 06:55:00+00:00,,,"POLYGON ((-89.42846454530573 45.55536388791739, -91.27435392782857 43.93320456243844, -93.29904154742064 43.27400752564392, -89.30875931737006 45.39514323255463, -91.24545976644009 43.94818142744825, -93.36095845257935 43.46418191102631, -91.33627083298728 44.12337894782083, -91.36516499437576 44.10840208281102, -89.42846454530573 45.55536388791739))"
20E,2019-06-28 04:55:00+00:00,2019-06-28 06:55:00+00:00,0.0,45000.0,"POLYGON ((-83.85458163460214 36.8252718015794, -83.02851134315672 36.436633399136085, -84.06847326783159 35.89986796929898, -84.55139429602954 36.119488240244166, -83.85458163460214 36.8252718015794))"
19E,2019-06-28 04:55:00+00:00,2019-06-28 06:55:00+00:00,0.0,45000.0,"POLYGON ((-82.80015726709782 35.107889491565004, -82.09300353703725 34.974566089009535, -83.09908957585318 34.299136502125464, -83.62448685403623 34.58891997193702, -82.80015726709782 35.107889491565004))"
18E,2019-06-28 04:55:00+00:00,2019-06-28 06:55:00+00:00,0.0,45000.0,"POLYGON ((-79.67373961519705 27.67760811963143, -78.73878081580237 27.171523100524404, -79.2810215785833 26.67770868792275, -79.96587361310456 26.947078280936704, -79.67373961519705 27.67760811963143))"
17E,2019-06-28 04:55:00+00:00,2019-06-28 06:55:00+00:00,0.0,45000.0,"POLYGON ((-79.83431353507281 25.965295068905352, -79.39236382942472 25.465359627785652, -79.37781420275081 24.97940855469039, -80.05329944484717 25.595370208214597, -79.83431353507281 25.965295068905352))"
24E,2019-06-28 04:55:00+00:00,2019-06-28 06:55:00+00:00,0.0,45000.0,"POLYGON ((-67.67136409526094 45.772757639308864, -66.81528939550013 45.04946384133937, -68.29738798503902 44.42965428388199, -69.4816453162203 44.838367631930005, -68.90097966269444 45.47871615875073, -67.67136409526094 45.772757639308864))"
22E,2019-06-28 04:55:00+00:00,2019-06-28 06:55:00+00:00,0.0,38000.0,"POLYGON ((-72.83955131810886 44.757173731845846, -72.45 44.52371281826269, -72.60475510589156 44.35702812428521, -73.19662117496912 44.30887435919582, -73.90349241978232 44.9070909558987, -72.83955131810886 44.757173731845846))"
25E,2019-06-28 04:55:00+00:00,2019-06-28 06:55:00+00:00,0.0,43000.0,"POLYGON ((-84.35 29.38800342405374, -83.05 29.02171624231643, -83.02803775128177 28.216243808698113, -84.42570040596127 29.094984097775058, -84.35 29.38800342405374))"
16E,2019-06-28 04:55:00+00:00,2019-06-28 06:55:00+00:00,0.0,40000.0,"POLYGON ((-82.8312242657865 27.965242346541427, -82.4263378443648 26.52854310447793, -82.9696886330886 26.082471363350162, -82.87567718941331 27.399621826189723, -82.8312242657865 27.965242346541427))"
23E,2019-06-28 04:55:00+00:00,2019-06-28 06:55:00+00:00,0.0,30000.0,"POLYGON ((-74.53122354702951 44.96516950958999, -74.15585153989367 44.74263393097822, -74.28926510380282 44.602506327935956, -74.8755153787897 44.64276188501165, -75.12826412126255 44.90927272054142, -74.53122354702951 44.96516950958999))"
23C,2019-06-28 04:55:00+00:00,2019-06-28 06:55:00+00:00,0.0,40000.0,"POLYGON ((-104.08238379833499 37.93324125511837, -103.53692925288046 37.93324125511837, -103.53692925288046 37.38778670966382, -104.08238379833499 37.38778670966382, -104.08238379833499 37.93324125511837))"
22C,2019-06-28 04:55:00+00:00,2019-06-28 06:55:00+00:00,0.0,45000.0,"POLYGON ((-103.00217753945152 34.55521778451944, -102.77884315019519 33.69695906042214, -105.88589295344161 32.62079033129134, -105.11177578802241 33.74794040362666, -103.00217753945152 34.55521778451944))"
21E,2019-06-28 04:55:00+00:00,2019-06-28 06:55:00+00:00,0.0,45000.0,"POLYGON ((-85.1483644234394 28.706818749071704, -85.50300930191601 28.686123546239266, -86.68 28.168096708217718, -86.68 28.833572531163288, -85.1483644234394 28.706818749071704))"
15E,2019-06-28 04:55:00+00:00,2019-06-28 06:55:00+00:00,0.0,45000.0,"POLYGON ((-81.8 25.421844778681965, -81.29212108592688 24.780147440348717, -82.64302907886804 24.269323624401174, -82.81730934868862 24.96857646578228, -81.8 25.421844778681965))"
21C,2019-06-28 04:55:00+00:00,2019-06-28 06:55:00+00:00,0.0,45000.0,"POLYGON ((-90.93349366334407 29.710963116014522, -90.1 29.18, -89.73808595835003 28.410989377318607, -90.9029456318347 28.471762673224408, -90.93349366334407 29.710963116014522))"
9W,2019-06-28 04:55:00+00:00,2019-06-28 06:55:00+00:00,0.0,43000.0,"POLYGON ((-108.07600928541098 33.27746338515003, -106.18168401683161 32.89316627426951, -106.86738013057055 31.818651108334038, -109.26 31.27178626558165, -109.62305526954752 32.14214732211654, -108.07600928541098 33.27746338515003))"
35E,2019-06-28 05:55:00+00:00,2019-06-28 07:55:00+00:00,0.0,38000.0,"POLYGON ((-84.35 29.38800342405374, -83.63489973265716 29.087582626547857, -83.98304324867652 28.77892172343281, -84.42570040596127 29.094984097775058, -84.35 29.38800342405374))"
28E,2019-06-28 05:55:00+00:00,2019-06-28 07:55:00+00:00,0.0,37000.0,"POLYGON ((-80.09 26.24628718173732, -79.15598479856006 25.79567974016229, -79.82737390442078 25.390392131449328, -80.28 25.8, -80.09 26.24628718173732))"
30E,2019-06-28 05:55:00+00:00,2019-06-28 07:55:00+00:00,0.0,39000.0,"POLYGON ((-83.3 34.989141878841785, -82.8116406732338 34.86500121363708, -83.43415468025522 34.432794157208384, -83.65169105117165 34.699494821601824, -83.3 34.989141878841785))"
29E,2019-06-28 05:55:00+00:00,2019-06-28 07:55:00+00:00,0.0,42000.0,"POLYGON ((-79.67373961519705 27.67760811963143, -78.85755071241029 27.670433173407712, -79.34077652180247 26.954657702447616, -79.90358992038874 27.080576602942866, -79.67373961519705 27.67760811963143))"
33E,2019-06-28 05:55:00+00:00,2019-06-28 07:55:00+00:00,0.0,33000.0,"POLYGON ((-72.83955131810886 44.757173731845846, -72.02078887303124 44.39588055375202, -72.45 44.234570939420905, -73.00944614669271 44.25461222275232, -73.69938489357926 44.9054547049903, -72.83955131810886 44.757173731845846))"
31E,2019-06-28 05:55:00+00:00,2019-06-28 07:55:00+00:00,0.0,42000.0,"POLYGON ((-84.1791800920604 36.8964137740823, -83.44271605614453 36.80682998104681, -84.01636306542177 36.00216093648139, -84.61947180838571 36.62000022929052, -84.1791800920604 36.8964137740823))"
27C,2019-06-28 05:55:00+00:00,2019-06-28 07:55:00+00:00,0.0,37000.0,"POLYGON ((-104.01224840748002 37.79977780491221, -103.46679386202548 37.79977780491221, -103.46679386202548 37.254323259457664, -104.01224840748002 37.254323259457664, -104.01224840748002 37.79977780491221))"
26C,2019-06-28 05:55:00+00:00,2019-06-28 07:55:00+00:00,0.0,45000.0,"POLYGON ((-103.1637096472591 34.388923171608894, -103.24000000000001 32.737425636525366, -104.81776435789757 32.939144731615464, -105.26113732529376 33.559653522809604, -103.1637096472591 34.388923171608894))"
10W,2019-06-28 05:55:00+00:00,2019-06-28 07:55:00+00:00,0.0,40000.0,"POLYGON ((-107.97171772806092 33.27808453290371, -105.65827169731206 33.33568045950994, -106.62028242166295 31.819547294354663, -109.26 31.836287181737326, -109.39124993968944 32.53706443219259, -107.97171772806092 33.27808453290371))"
34E,2019-06-28 05:55:00+00:00,2019-06-28 07:55:00+00:00,0.0,40000.0,"POLYGON ((-67.42802496264883 45.26644473914256, -67.1729245279079 44.94055929377048, -68.04885060749847 44.24883502918434, -68.37531107734621 44.48600606451449, -67.42802496264883 45.26644473914256))"
26E,2019-06-28 05:55:00+00:00,2019-06-28 07:55:00+00:00,0.0,43000.0,"POLYGON ((-82.31945621823733 25.05966952607401, -82.16592315664077 24.58955786045237, -83.14679317876859 24.07469221014595, -83.26364094710507 24.582926252780663, -82.31945621823733 25.05966952607401))"
27E,2019-06-28 05:55:00+00:00,2019-06-28 07:55:00+00:00,0.0,44000.0,"POLYGON ((-83.05 28.93452417705443, -82.5237888801068 26.52807065944123, -83.25744081452612 25.8611736669716, -83.98945761020958 28.77320915271947, -83.05 28.93452417705443))"
32E,2019-06-28 05:55:00+00:00,2019-06-28 07:55:00+00:00,0.0,39000.0,"POLYGON ((-85.36157341431154 28.24423513939324, -85.50268625680327 27.935663335414795, -86.79444525573905 27.92978456541703, -86.68 28.334465663954106, -85.36157341431154 28.24423513939324))"
28C,2019-06-28 05:55:00+00:00,2019-06-28 07:55:00+00:00,0.0,45000.0,"POLYGON ((-104.65268540330287 48.8509037935655, -104.62358149929328 47.43938564828709, -106.91458850202353 46.37594473294722, -107.59437687206025 46.51129577722362, -106.63 48.88547582294557, -104.65268540330287 48.8509037935655))"
25C,2019-06-28 05:55:00+00:00,2019-06-28 07:55:00+00:00,0.0,45000.0,"POLYGON ((-91.05273608073787 29.176628054280616, -90.27593729917037 29.116218375435974, -90.1 28.348155221318038, -91.03571626812398 28.35326538449789, -91.05273608073787 29.176628054280616))"
24C,2019-06-28 05:55:00+00:00,2019-06-28 07:55:00+00:00,0.0,45000.0,"POLYGON ((-88.50839856540391 45.626049581068806, -89.27019042825516 43.90188024953338, -92.84393030545279 43.44189692972724, -93.5955518886103 44.254625043236224, -88.50839856540391 45.626049581068806))"
ZULU 1,2019-06-28 06:05:00+00:00,2019-06-28 10:05:00+00:00,0.0,53000.0,"POLYGON ((-160.3 24.2, -157.4 24.2, -159.3 20.3, -161.2 20.3, -160.3 24.2))"
37E,2019-06-28 06:55:00+00:00,2019-06-28 08:55:00+00:00,0.0,45000.0,"POLYGON ((-84.65327581176757 37.02876167759472, -83.56672418823243 37.02876167759472, -84.02706115752517 36.16705449293148, -84.65327581176757 37.02876167759472))"
36E,2019-06-28 06:55:00+00:00,2019-06-28 08:55:00+00:00,0.0,45000.0,"POLYGON ((-83.454481077942 29.246465056446542, -82.5237888801068 26.52807065944123, -83.99087710633145 26.098574124334636, -84.45706232193841 29.083248092671557, -83.454481077942 29.246465056446542))"
29C,2019-06-28 06:55:00+00:00,2019-06-28 08:55:00+00:00,0.0,45000.0,"POLYGON ((-87.85481183863587 45.58056533328497, -88.90813276955738 43.801512627072945, -92.84393030545279 43.44189692972724, -93.50736668965507 44.40857182616039, -87.85481183863587 45.58056533328497))"
31C,2019-06-28 06:55:00+00:00,2019-06-28 08:55:00+00:00,0.0,45000.0,"POLYGON ((-104.06440741892322 48.917517965117064, -104.05011255098735 47.38050672526364, -106.04254829133764 46.533667617164646, -106.81190755296451 46.96498981535245, -105.55581208747374 48.920891508920796, -104.06440741892322 48.917517965117064))"
30C,2019-06-28 06:55:00+00:00,2019-06-28 08:55:00+00:00,0.0,45000.0,"POLYGON ((-103.54874212777925 33.90974659870893, -103.22608089287773 33.33221428672662, -104.62 32.67452417705444, -104.98743047660969 33.212125583609, -103.54874212777925 33.90974659870893))"
11W,2019-06-28 06:55:00+00:00,2019-06-28 08:55:00+00:00,0.0,40000.0,"POLYGON ((-105.5365572684907 33.018297884250586, -105.49683242450126 31.81760199578816, -107.83477736903097 31.818686142728733, -107.88901638266013 32.51497461962418, -105.5365572684907 33.018297884250586))"
40E,2019-06-28 07:55:00+00:00,2019-06-28 09:55:00+00:00,0.0,45000.0,"POLYGON ((-81.30693627622297 31.020774539592576, -80.76148173076844 31.020774539592576, -80.76148173076844 30.47531999413803, -81.30693627622297 30.47531999413803, -81.30693627622297 31.020774539592576))"
39E,2019-06-28 07:55:00+00:00,2019-06-28 09:55:00+00:00,0.0,41000.0,"POLYGON ((-79.34725147514553 27.675312023443272, -77.98681835088436 26.66451280972067, -79.0400697088157 27.06341073210027, -79.83698826035092 27.67846918322073, -79.34725147514553 27.675312023443272))"
34C,2019-06-28 07:55:00+00:00,2019-06-28 09:55:00+00:00,0.0,45000.0,"POLYGON ((-103.75476484491301 33.33700027887002, -103.56812030594251 32.53740983126536, -104.29138727300263 32.67173592822791, -104.62 33.195429060579116, -103.75476484491301 33.33700027887002))"
33C,2019-06-28 07:55:00+00:00,2019-06-28 09:55:00+00:00,0.0,45000.0,"POLYGON ((-95.74 41.17, -95.20015466930629 40.75982695520589, -95.86082827781537 40.08882520536087, -96.3847287175377 40.144543692167474, -95.74 41.17))"
12W,2019-06-28 07:55:00+00:00,2019-06-28 09:55:00+00:00,0.0,43000.0,"POLYGON ((-107.59913147401255 33.16894236606874, -105.107179528051 32.93013962753915, -105.76957845285698 31.818981418121204, -107.1285070804522 31.87017749639479, -107.59913147401255 33.16894236606874))"
38E,2019-06-28 07:55:00+00:00,2019-06-28 09:55:00+00:00,0.0,45000.0,"POLYGON ((-84.35 29.069048354108855, -83.454481077942 29.246465056446542, -82.90610239511581 26.63102431175889, -84.1202517009255 25.97955169702576, -84.35 29.069048354108855))"
35C,2019-06-28 07:55:00+00:00,2019-06-28 09:55:00+00:00,0.0,45000.0,"POLYGON ((-103.09559258107677 48.91751796511705, -103.44675097191735 47.04901075422126, -105.95 47.045475822945576, -104.65268540330287 48.8509037935655, -103.09559258107677 48.91751796511705))"
32C,2019-06-28 07:55:00+00:00,2019-06-28 09:55:00+00:00,0.0,45000.0,"POLYGON ((-87.35603911808695 45.14518903013091, -88.01633702160595 43.58081336797352, -92.27218011278566 43.4034771032289, -93.5955518886103 44.254625043236224, -87.35603911808695 45.14518903013091))"
NOVEMBER 1,2019-06-28 08:38:00+00:00,2019-06-28 12:35:00+00:00,0.0,57000.0,"POLYGON ((130 16.5, 133.1 16.5, 132.4 11.2, 130 11.1, 130 16.5))"
42E,2019-06-28 08:55:00+00:00,2019-06-28 10:55:00+00:00,0.0,44000.0,"POLYGON ((-79.34725147514553 27.675312023443272, -77.82506789589993 26.66203897694549, -79.0400697088157 27.06341073210027, -79.83698826035092 27.67846918322073, -79.34725147514553 27.675312023443272))"
38C,2019-06-28 08:55:00+00:00,2019-06-28 10:55:00+00:00,0.0,45000.0,"POLYGON ((-104.19780804399961 48.557262682985396, -102.09596191909637 48.47849251551962, -102.77 46.86, -105.46163110454383 47.18036808858877, -104.19780804399961 48.557262682985396))"
40C,2019-06-28 08:55:00+00:00,2019-06-28 10:55:00+00:00,0.0,41000.0,"POLYGON ((-90.67419270826653 36.64394928571898, -89.59548574252582 36.55395032724735, -90.03496657159265 36.01787822352528, -90.78455583926491 36.16521120589164, -90.67419270826653 36.64394928571898))"
41C,2019-06-28 08:55:00+00:00,2019-06-28 10:55:00+00:00,0.0,45000.0,"POLYGON ((-91.08649863461345 35.84279022502333, -90.57186565256244 35.802723774765916, -90.68611497728702 35.0179551114764, -91.36518207826103 34.95391627588608, -91.08649863461345 35.84279022502333))"
39C,2019-06-28 08:55:00+00:00,2019-06-28 10:55:00+00:00,0.0,42000.0,"POLYGON ((-107.21392279892775 33.1464163831096, -104.88328695402953 32.8054573396795, -105.42930854266149 31.817170657651978, -107.1285070804522 31.87017749639479, -107.21392279892775 33.1464163831096))"
37C,2019-06-28 08:55:00+00:00,2019-06-28 10:55:00+00:00,0.0,45000.0,"POLYGON ((-95.54794574179364 41.169840495446365, -94.85657693717796 40.8899924823604, -95.64216920969284 40.19861281062765, -96.21 40.2, -95.54794574179364 41.169840495446365))"
41E,2019-06-28 08:55:00+00:00,2019-06-28 10:55:00+00:00,0.0,45000.0,"POLYGON ((-84.12244060010649 28.6545665186507, -82.76424539193869 26.93872189329305, -83.73133591168641 26.336271200575712, -84.5625264528548 27.89720728744805, -84.12244060010649 28.6545665186507))"
36C,2019-06-28 08:55:00+00:00,2019-06-28 10:55:00+00:00,0.0,45000.0,"POLYGON ((-86.88721010774728 44.934626529224666, -87.6303284141432 43.58873359749449, -89.27589307799182 43.19605311331964, -93.33 43.09, -94.27221510445922 44.21211423112328, -86.88721010774728 44.934626529224666))"
ZULU 2,2019-06-28 09:54:00+00:00,2019-06-28 13:55:00+00:00,0.0,51000.0,"POLYGON ((-160.2 23.3, -158.4 23.3, -159.4 19.5, -160.4 19.5, -160.2 23.3))"
46E,2019-06-28 09:55:00+00:00,2019-06-28 11:55:00+00:00,0.0,40000.0,"POLYGON ((-87.25277072908092 29.626644268814356, -86.68 29.528861545211946, -86.68 29.095148726949265, -87.25277072908092 29.626644268814356))"
44E,2019-06-28 09:55:00+00:00,2019-06-28 11:55:00+00:00,0.0,45000.0,"POLYGON ((-79.73395160862685 27.954571432919824, -77.5015893220969 26.656542016532622, -78.88949804712256 27.117547263438386, -80.0002391933015 27.679138909723793, -79.73395160862685 27.954571432919824))"
44C,2019-06-28 09:55:00+00:00,2019-06-28 11:55:00+00:00,0.0,36000.0,"POLYGON ((-106.91443824443925 32.972783332743006, -105.88589295344161 32.62079033129134, -105.9659957704841 31.708964647066097, -106.97652822889748 32.499719088959665, -106.91443824443925 32.972783332743006))"
48C,2019-06-28 09:55:00+00:00,2019-06-28 11:55:00+00:00,0.0,29000.0,"POLYGON ((-89.1844989679886 34.563477334956815, -88.63904442253407 34.563477334956815, -88.63904442253407 34.01802278950227, -89.1844989679886 34.01802278950227, -89.1844989679886 34.563477334956815))"
43C,2019-06-28 09:55:00+00:00,2019-06-28 11:55:00+00:00,0.0,45000.0,"POLYGON ((-103.91518982624594 48.683781000521215, -101.59833570452442 48.464043253261146, -102.47213010808494 46.65515845105206, -104.89895361624849 47.09081928474057, -103.91518982624594 48.683781000521215))"
45C,2019-06-28 09:55:00+00:00,2019-06-28 11:55:00+00:00,0.0,45000.0,"POLYGON ((-90.56890117115753 36.41607871991356, -89.9824081172931 36.239480232928884, -90.29055390065137 35.886891637570486, -90.78478874786175 36.054561659464404, -90.56890117115753 36.41607871991356))"
47C,2019-06-28 09:55:00+00:00,2019-06-28 11:55:00+00:00,0.0,43000.0,"POLYGON ((-90.50959009576376 35.018849739641084, -89.98 34.875429060579116, -89.94583556249304 34.127383281648946, -90.60026489943026 34.50728358549704, -90.50959009576376 35.018849739641084))"
45E,2019-06-28 09:55:00+00:00,2019-06-28 11:55:00+00:00,0.0,45000.0,"POLYGON ((-81.78 25.531786265581648, -81.15613847231714 24.00043193986088, -83.14679317876859 24.07469221014595, -83.26364094710507 24.582926252780663, -81.78 25.531786265581648))"
43E,2019-06-28 09:55:00+00:00,2019-06-28 11:55:00+00:00,0.0,45000.0,"POLYGON ((-83.80957285597897 27.9053942421262, -82.76424539193869 26.93872189329305, -83.73133591168641 26.336271200575712, -84.40914502331523 27.262553444255794, -83.80957285597897 27.9053942421262))"
46C,2019-06-28 09:55:00+00:00,2019-06-28 11:55:00+00:00,0.0,41000.0,"POLYGON ((-91.10699962723201 35.802487692064524, -90.55792362000294 35.48919525778554, -90.9147676044338 34.6980786917871, -91.43005871587378 34.9323722435418, -91.10699962723201 35.802487692064524))"
42C,2019-06-28 09:55:00+00:00,2019-06-28 11:55:00+00:00,0.0,45000.0,"POLYGON ((-86.0492972175805 45.02183853390176, -85.55328624958685 43.52189404712886, -88.963764317233 43.11796434719761, -92.64657065498042 43.08796648240902, -94.27221510445922 44.21211423112328, -86.0492972175805 45.02183853390176))"
47E,2019-06-28 10:55:00+00:00,2019-06-28 12:55:00+00:00,0.0,39000.0,"POLYGON ((-83.60712215007146 28.181181486438227, -83.06166760461693 28.181181486438227, -83.06166760461693 27.63572694098368, -83.60712215007146 27.63572694098368, -83.60712215007146 28.181181486438227))"
53E,2019-06-28 10:55:00+00:00,2019-06-28 12:55:00+00:00,0.0,45000.0,"POLYGON ((-82.12186423526543 26.222911517540677, -81.6168826323132 24.99058746653026, -82.09403486960629 24.700364177046957, -82.52463188490344 26.251443369981946, -82.12186423526543 26.222911517540677))"
51E,2019-06-28 10:55:00+00:00,2019-06-28 12:55:00+00:00,0.0,45000.0,"POLYGON ((-84.35 29.53257436347463, -83.54880698580664 29.59906748335844, -83.51838908975586 29.190269519176454, -84.12116735816986 29.208425934070505, -84.35 29.53257436347463))"
48E,2019-06-28 10:55:00+00:00,2019-06-28 12:55:00+00:00,0.0,45000.0,"POLYGON ((-80.11235710151831 28.480884096344056, -79.34725147514553 27.675312023443272, -80.49 27.969141878841786, -80.68173178405583 28.538412880935688, -80.11235710151831 28.480884096344056))"
53C,2019-06-28 10:55:00+00:00,2019-06-28 12:55:00+00:00,0.0,31000.0,"POLYGON ((-88.9427796092108 33.70729948033491, -88.39732506375627 33.70729948033491, -88.39732506375627 33.161844934880364, -88.9427796092108 33.161844934880364, -88.9427796092108 33.70729948033491))"
50C,2019-06-28 10:55:00+00:00,2019-06-28 12:55:00+00:00,0.0,45000.0,"POLYGON ((-101.59833570452442 48.464043253261146, -101.25310816279271 46.59254125655028, -103.1598618178984 46.74868743085881, -103.97952390614428 48.03865683028873, -101.59833570452442 48.464043253261146))"
52C,2019-06-28 10:55:00+00:00,2019-06-28 12:55:00+00:00,0.0,45000.0,"POLYGON ((-90.46828835690982 34.85304681603906, -89.98 34.730858121158214, -90.28 34.03828375768358, -90.60026489943026 34.50728358549704, -90.46828835690982 34.85304681603906))"
51C,2019-06-28 10:55:00+00:00,2019-06-28 12:55:00+00:00,0.0,45000.0,"POLYGON ((-90.2868275635228 36.32947421129509, -90.63060923258503 34.79696286050115, -91.36518207826103 34.95391627588608, -90.95 36.11, -90.2868275635228 36.32947421129509))"
50E,2019-06-28 10:55:00+00:00,2019-06-28 12:55:00+00:00,0.0,44000.0,"POLYGON ((-87.70271283051545 29.344999420502862, -86.68 29.16631044263607, -86.68 28.00172775248132, -88.00314972877277 28.399676889285463, -87.70271283051545 29.344999420502862))"
49E,2019-06-28 10:55:00+00:00,2019-06-28 12:55:00+00:00,0.0,45000.0,"POLYGON ((-82.29452713152386 26.33807733320986, -81.41077795151206 24.94242079322325, -83.14679317876859 24.07469221014595, -83.26364094710507 24.582926252780663, -82.29452713152386 26.33807733320986))"
52E,2019-06-28 10:55:00+00:00,2019-06-28 12:55:00+00:00,0.0,45000.0,"POLYGON ((-79.89775140197627 30.903112759593455, -79.5148168257957 29.863520091530443, -80.43158422428436 29.88648850803795, -80.82431893136628 30.92641482844762, -79.89775140197627 30.903112759593455))"
54E,2019-06-28 10:55:00+00:00,2019-06-28 12:55:00+00:00,0.0,37000.0,"POLYGON ((-82.89261038274825 44.80184685536074, -83.06173297273367 44.21424742971794, -83.88141489918596 44.096020504402276, -83.82156676873487 44.5765219204252, -82.89261038274825 44.80184685536074))"
49C,2019-06-28 10:55:00+00:00,2019-06-28 12:55:00+00:00,0.0,45000.0,"POLYGON ((-85.11869030076903 44.54185388754122, -84.71399039390894 43.33724505082592, -88.44085911295743 43.00224658831417, -92.07506109952874 42.70111697496717, -93.5955518886103 44.254625043236224, -85.11869030076903 44.54185388754122))"
NOVEMBER 2,2019-06-28 11:36:00+00:00,2019-06-28 15:35:00+00:00,0.0,59000.0,"POLYGON ((130 14.5, 133.3 14.5, 132.5 11.1, 130 11.1, 130 14.5))"
60E,2019-06-28 11:55:00+00:00,2019-06-28 13:55:00+00:00,0.0,38000.0,"POLYGON ((-80.42238148341836 30.72277461805062, -80.16459531015516 30.114486833125035, -80.89235195713002 30.117248978038266, -81.0342090034957 30.748047266865303, -80.42238148341836 30.72277461805062))"
59E,2019-06-28 11:55:00+00:00,2019-06-28 13:55:00+00:00,0.0,37000.0,"POLYGON ((-84.73175354494207 29.59804805122651, -84.7947855299627 29.464283461005582, -85.29034616553308 29.578814822750168, -84.73175354494207 29.59804805122651))"
58C,2019-06-28 11:55:00+00:00,2019-06-28 13:55:00+00:00,0.0,30000.0,"POLYGON ((-88.90544929287951 33.86489389978417, -88.35999474742498 33.86489389978417, -88.35999474742498 33.319439354329624, -88.90544929287951 33.319439354329624, -88.90544929287951 33.86489389978417))"
57C,2019-06-28 11:55:00+00:00,2019-06-28 13:55:00+00:00,0.0,45000.0,"POLYGON ((-90.68611497728702 35.0179551114764, -89.64494390860442 34.35170775916017, -90.52564918042663 33.66421209681928, -91.20938101294027 34.34419905509288, -90.68611497728702 35.0179551114764))"
55E,2019-06-28 11:55:00+00:00,2019-06-28 13:55:00+00:00,0.0,45000.0,"POLYGON ((-82.17325249751944 26.17653939656358, -81.28054378176266 25.05966952607401, -82.53184114465463 24.588231466088477, -82.80734252391953 26.144323595407585, -82.17325249751944 26.17653939656358))"
58E,2019-06-28 11:55:00+00:00,2019-06-28 13:55:00+00:00,0.0,44000.0,"POLYGON ((-86.68 29.499048354108847, -86.68 27.83535879674493, -88.00314972877277 28.399676889285463, -87.70271283051545 29.344999420502862, -86.68 29.499048354108847))"
57E,2019-06-28 11:55:00+00:00,2019-06-28 13:55:00+00:00,0.0,40000.0,"POLYGON ((-82.81730934868862 24.96857646578228, -82.07870782025289 23.9749247783217, -83.14679317876859 24.07469221014595, -83.26364094710507 24.582926252780663, -82.81730934868862 24.96857646578228))"
61E,2019-06-28 11:55:00+00:00,2019-06-28 13:55:00+00:00,0.0,43000.0,"POLYGON ((-84.24749375777088 44.192116471680194, -84.08 43.363631044263606, -86.95241587472975 43.16637479174858, -86.90420150974197 44.17075575465818, -84.24749375777088 44.192116471680194))"
56E,2019-06-28 11:55:00+00:00,2019-06-28 13:55:00+00:00,0.0,45000.0,"POLYGON ((-80.05492341585561 28.601548608159696, -79.16163806758793 27.500460269641966, -80.0927484647581 27.32651203576478, -80.58248234497415 28.53789820755231, -80.05492341585561 28.601548608159696))"
56C,2019-06-28 11:55:00+00:00,2019-06-28 13:55:00+00:00,0.0,45000.0,"POLYGON ((-90.95 36.609106867209185, -90.36402257489783 36.5791390401417, -90.9661929321888 34.67398381205481, -91.60450117321743 35.14921248092541, -90.95 36.609106867209185))"
54C,2019-06-28 11:55:00+00:00,2019-06-28 13:55:00+00:00,0.0,45000.0,"POLYGON ((-87.1173132571202 44.23662848234986, -86.95241587472975 43.16637479174858, -92.04029965312996 42.28772797909161, -93.33 43.09, -93.97934803370066 43.55873552507589, -87.1173132571202 44.23662848234986))"
55C,2019-06-28 11:55:00+00:00,2019-06-28 13:55:00+00:00,0.0,45000.0,"POLYGON ((-100.82940352116837 48.131745334335754, -100.44589694383863 46.696114452099444, -102.49304558183955 46.39854938706841, -102.48824723586094 47.320771081213124, -100.82940352116837 48.131745334335754))"
INDIA 1,2019-06-28 12:30:00+00:00,2019-06-28 16:30:00+00:00,,,"POLYGON ((-76.15 29.15, -74.15 23.3, -74.45 21.45, -78 24, -79 24.15, -79 28.15, -76.15 29.15))"
HOTEL 1,2019-06-28 12:45:00+00:00,2019-06-28 16:45:00+00:00,0.0,49000.0,"POLYGON ((-129.45 11.3, -127 8, -130.45 5, -136.45 6, -138 9.45, -129.45 11.3))"
66E,2019-06-28 12:55:00+00:00,2019-06-28 14:55:00+00:00,0.0,40000.0,"POLYGON ((-80.42238148341836 30.72277461805062, -79.92582316061981 30.317046363722408, -80.67245023142877 30.33733124562165, -81.0342090034957 30.748047266865303, -80.42238148341836 30.72277461805062))"
65E,2019-06-28 12:55:00+00:00,2019-06-28 14:55:00+00:00,0.0,45000.0,"POLYGON ((-84.66855417654253 29.73178278237163, -84.8576514431711 29.33048925226135, -85.40680506073709 29.47570172355367, -85.17364922592283 29.681826095438794, -84.66855417654253 29.73178278237163))"
63E,2019-06-28 12:55:00+00:00,2019-06-28 14:55:00+00:00,0.0,45000.0,"POLYGON ((-80.15614644654264 29.29661144503285, -79.44494193474968 28.058076368529584, -80.49 28.012737911472787, -80.91922523731823 29.299864453356463, -80.15614644654264 29.29661144503285))"
64E,2019-06-28 12:55:00+00:00,2019-06-28 14:55:00+00:00,0.0,44000.0,"POLYGON ((-86.68 29.499048354108847, -86.68 27.83535879674493, -88.00314972877277 28.399676889285463, -87.6307966136423 29.190912175467794, -86.68 29.499048354108847))"
62E,2019-06-28 12:55:00+00:00,2019-06-28 14:55:00+00:00,0.0,45000.0,"POLYGON ((-82.29452713152386 26.33807733320986, -81.1500602686632 25.176804459684146, -82.47476600638134 24.33383181731258, -83.14827054507217 26.0141478377521, -82.29452713152386 26.33807733320986))"
67E,2019-06-28 12:55:00+00:00,2019-06-28 14:55:00+00:00,0.0,39000.0,"POLYGON ((-83.22553659030642 44.33224122970547, -82.88185122183155 43.37752666437165, -85.14947792544353 43.40428826588758, -85.28354278663856 44.20857399630089, -83.22553659030642 44.33224122970547))"
59C,2019-06-28 12:55:00+00:00,2019-06-28 14:55:00+00:00,0.0,45000.0,"POLYGON ((-87.21123574979636 43.84994376920952, -87.01214588991203 42.46646254687813, -93.47933300322434 41.747283978816064, -93.87145886118078 42.73657253225889, -87.21123574979636 43.84994376920952))"
60C,2019-06-28 12:55:00+00:00,2019-06-28 14:55:00+00:00,0.0,45000.0,"POLYGON ((-100.38877909206144 47.22077228802461, -100.12172747863647 45.83644601044437, -102.17699048678249 45.84762142472055, -102.31936364138934 46.98645055533769, -100.38877909206144 47.22077228802461))"
61C,2019-06-28 12:55:00+00:00,2019-06-28 14:55:00+00:00,0.0,45000.0,"POLYGON ((-90.36402257489783 36.5791390401417, -89.24504041496903 33.23316220099817, -90.83047457671236 32.682559925262055, -91.56778457425219 36.10841422826572, -90.36402257489783 36.5791390401417))"
OSCAR 1,2019-06-28 13:02:00+00:00,2019-06-28 17:00:00+00:00,0.0,56000.0,"POLYGON ((142.1 7, 147.3 6.4, 143.1 1.4, 142.1 7))"
74E,2019-06-28 13:55:00+00:00,2019-06-28 15:55:00+00:00,0.0,42000.0,"POLYGON ((-82.37745421324198 44.44552710575905, -82.33592498900524 43.927192645120236, -82.72 42.826287181737314, -84.26439452543944 43.58517682531372, -82.37745421324198 44.44552710575905))"
71E,2019-06-28 13:55:00+00:00,2019-06-28 15:55:00+00:00,0.0,45000.0,"POLYGON ((-79.48992032485253 25.082281525829057, -79.61218367772678 24.329256244296257, -80.92100717548469 24.255503404830634, -80.28 24.93257436347464, -79.48992032485253 25.082281525829057))"
73E,2019-06-28 13:55:00+00:00,2019-06-28 15:55:00+00:00,0.0,40000.0,"POLYGON ((-84.04904378071899 29.06372628926656, -83.68540741708262 29.06372628926656, -83.68540741708262 28.700089925630195, -84.04904378071899 28.700089925630195, -84.04904378071899 29.06372628926656))"
62C,2019-06-28 13:55:00+00:00,2019-06-28 15:55:00+00:00,0.0,45000.0,"POLYGON ((-86.95981678805786 43.44295067865922, -86.38808530876686 42.674118738984895, -92.32112213134106 41.29650580853327, -93.89713576607369 42.609328892281425, -86.95981678805786 43.44295067865922))"
63C,2019-06-28 13:55:00+00:00,2019-06-28 15:55:00+00:00,0.0,45000.0,"POLYGON ((-99.69015663807818 47.03245820485921, -99.10486388925543 45.92879389133504, -101.40363134529048 45.613830561331945, -101.51410862300115 46.75689679043577, -99.69015663807818 47.03245820485921))"
69E,2019-06-28 13:55:00+00:00,2019-06-28 15:55:00+00:00,0.0,45000.0,"POLYGON ((-80.15614644654264 29.29661144503285, -79.17496313484394 27.673791862558097, -80.49 28.012737911472787, -80.96442417672466 28.992511342353758, -80.15614644654264 29.29661144503285))"
70E,2019-06-28 13:55:00+00:00,2019-06-28 15:55:00+00:00,0.0,42000.0,"POLYGON ((-76.97808172116771 28.908957479633735, -76.9624293609499 27.791649315363067, -79.02789454191083 27.617165667340736, -79.09496772306241 28.18234019871833, -76.97808172116771 28.908957479633735))"
68E,2019-06-28 13:55:00+00:00,2019-06-28 15:55:00+00:00,0.0,45000.0,"POLYGON ((-82.1518975659114 26.529517657752923, -81.1500602686632 25.176804459684146, -82.18703394435816 24.2365843602959, -82.97790131436908 26.079335843722717, -82.1518975659114 26.529517657752923))"
75E,2019-06-28 13:55:00+00:00,2019-06-28 15:55:00+00:00,0.0,41000.0,"POLYGON ((-78.97286876565066 26.675630616850057, -78.98651900960778 25.79427881205052, -80.28 25.63363104426361, -80.60519661227653 26.488071277098406, -78.97286876565066 26.675630616850057))"
72E,2019-06-28 13:55:00+00:00,2019-06-28 15:55:00+00:00,0.0,45000.0,"POLYGON ((-86.09426757219029 29.59904276773545, -86.68 28.00172775248132, -87.98246128308828 27.281125564916028, -87.26573242780971 29.59904276773545, -86.09426757219029 29.59904276773545))"
64C,2019-06-28 13:55:00+00:00,2019-06-28 15:55:00+00:00,0.0,45000.0,"POLYGON ((-90.63227640371761 36.72440131848143, -89.16452037914094 32.50680898743518, -90.32514386454987 31.968684986542883, -92.09707481737732 36.48654279794418, -90.63227640371761 36.72440131848143))"
84E,2019-06-28 14:55:00+00:00,2019-06-28 16:55:00+00:00,0.0,42000.0,"POLYGON ((-79.01424256075808 25.892570013994956, -78.97659894470425 25.696144562053533, -79.81673820738364 25.535137525931376, -79.85438182343746 25.731562977872798, -79.01424256075808 25.892570013994956))"
82E,2019-06-28 14:55:00+00:00,2019-06-28 16:55:00+00:00,0.0,45000.0,"POLYGON ((-82.37745421324198 44.44552710575905, -82.16828259072533 43.4246512402323, -82.95392968453832 42.51593167958499, -83.74 43.114570939420894, -82.37745421324198 44.44552710575905))"
76E,2019-06-28 14:55:00+00:00,2019-06-28 16:55:00+00:00,0.0,38000.0,"POLYGON ((-81.78 26.09628718173732, -80.73262609557923 25.390392131449328, -82.02447990528411 24.385379586151814, -82.43595521946976 24.588664534222602, -81.78 26.09628718173732))"
81E,2019-06-28 14:55:00+00:00,2019-06-28 16:55:00+00:00,0.0,40000.0,"POLYGON ((-85.03658515366673 27.912213691560837, -84.83276166465494 27.085830000870136, -85.0269424799141 27.037936254041472, -85.2307659689259 27.864319944732173, -85.03658515366673 27.912213691560837))"
80E,2019-06-28 14:55:00+00:00,2019-06-28 16:55:00+00:00,0.0,45000.0,"POLYGON ((-86.17018445087517 29.760472302446143, -85.60949263983707 28.554972580055736, -87.67339195073191 28.272942662673366, -87.18981554912483 29.760472302446143, -86.17018445087517 29.760472302446143))"
83E,2019-06-28 14:55:00+00:00,2019-06-28 16:55:00+00:00,0.0,41000.0,"POLYGON ((-81.43543494864898 26.936265173778253, -80.08913113463868 26.92456716471457, -80.09086886536133 26.72457471412722, -81.43717267937163 26.7362727231909, -81.43543494864898 26.936265173778253))"
79E,2019-06-28 14:55:00+00:00,2019-06-28 16:55:00+00:00,0.0,45000.0,"POLYGON ((-79.37160440807766 24.97370270455796, -79.444141645063 23.953169938557586, -81.02807859467377 23.882195511106563, -80.70105272474011 24.877166648114333, -79.37160440807766 24.97370270455796))"
78E,2019-06-28 14:55:00+00:00,2019-06-28 16:55:00+00:00,0.0,42000.0,"POLYGON ((-76.97808172116771 28.908957479633735, -76.9624293609499 27.791649315363067, -78.18613306186202 27.36761851503847, -78.21648200970473 28.48908274740241, -76.97808172116771 28.908957479633735))"
77E,2019-06-28 14:55:00+00:00,2019-06-28 16:55:00+00:00,0.0,45000.0,"POLYGON ((-80.05492341585561 28.601548608159696, -78.61144997081928 27.66733116033974, -79.2274954426497 26.99572638673913, -80.58248234497415 28.53789820755231, -80.05492341585561 28.601548608159696))"
67C,2019-06-28 14:55:00+00:00,2019-06-28 16:55:00+00:00,0.0,45000.0,"POLYGON ((-90.95 36.77547582294557, -88.996999206498 32.3798468315163, -91.31291992340189 32.26324115302837, -91.89741702910396 35.78793167730311, -90.95 36.77547582294557))"
66C,2019-06-28 14:55:00+00:00,2019-06-28 16:55:00+00:00,0.0,45000.0,"POLYGON ((-99.21303915744222 46.75075420740385, -98.87596844980204 45.77180967675428, -100.16000000000001 45.388213734418365, -100.94644819941797 46.2985505531951, -99.21303915744222 46.75075420740385))"
65C,2019-06-28 14:55:00+00:00,2019-06-28 16:55:00+00:00,0.0,45000.0,"POLYGON ((-87.82415150494407 43.119095253881625, -87.22850474147172 41.988043363982484, -92.23395187878444 41.04774434142146, -93.81317363609762 42.256086160325644, -87.82415150494407 43.119095253881625))"
NOVEMBER 3,2019-06-28 15:22:00+00:00,2019-06-28 19:20:00+00:00,0.0,57000.0,"POLYGON ((134.1 17.4, 133.1 10.3, 130 14.5, 132 17.2, 134.1 17.4))"
INDIA 2,2019-06-28 15:25:00+00:00,2019-06-28 19:25:00+00:00,0.0,50000.0,"POLYGON ((-76.15 27.45, -74.45 23.45, -75 21.45, -78 24, -79 24, -79 27, -76.15 27.45))"
OSCAR 2,2019-06-28 15:25:00+00:00,2019-06-28 19:25:00+00:00,0.0,57000.0,"POLYGON ((143.5 8.1, 148.3 6.4, 142.3 0, 143.5 8.1))"
JULIETT 1,2019-06-28 15:30:00+00:00,2019-06-28 19:30:00+00:00,0.0,39000.0,"POLYGON ((-59.3 43.45, -57.15 40, -60.45 39.15, -63.45 42.45, -59.3 43.45))"
85E,2019-06-28 15:55:00+00:00,2019-06-28 17:55:00+00:00,0.0,40000.0,"POLYGON ((-82.47486031789326 26.338177395124045, -80.79552930304729 25.37450787787569, -80.89507243706765 25.20103982759149, -82.57440345191362 26.164709344839846, -82.47486031789326 26.338177395124045))"
90E,2019-06-28 15:55:00+00:00,2019-06-28 17:55:00+00:00,0.0,40000.0,"POLYGON ((-85.03658515366673 27.912213691560837, -84.83276166465494 27.085830000870136, -85.0269424799141 27.037936254041472, -85.2307659689259 27.864319944732173, -85.03658515366673 27.912213691560837))"
91E,2019-06-28 15:55:00+00:00,2019-06-28 17:55:00+00:00,0.0,39000.0,"POLYGON ((-82.33592498900524 43.927192645120236, -82.30098997189218 42.95255167833812, -82.95392968453832 42.51593167958499, -83.34484416726697 42.96932038024329, -82.33592498900524 43.927192645120236))"
69C,2019-06-28 15:55:00+00:00,2019-06-28 17:55:00+00:00,0.0,45000.0,"POLYGON ((-90.89071276818811 42.344533114413075, -90.91612823554708 40.51726518646151, -92.72390432287658 40.23215004504694, -93.23895703081347 41.745951736053364, -90.89071276818811 42.344533114413075))"
88E,2019-06-28 15:55:00+00:00,2019-06-28 17:55:00+00:00,0.0,45000.0,"POLYGON ((-80.70105272474011 24.877166648114333, -79.8589472752599 24.877166648114333, -79.5128567803571 24.10724738331726, -81.59071683080413 24.12874107566225, -80.70105272474011 24.877166648114333))"
89E,2019-06-28 15:55:00+00:00,2019-06-28 17:55:00+00:00,0.0,36000.0,"POLYGON ((-86.16668974894665 29.75305350671482, -86.68 28.334465663954106, -87.34527037596392 28.574183548540212, -87.26573242780971 29.59904276773545, -86.16668974894665 29.75305350671482))"
87E,2019-06-28 15:55:00+00:00,2019-06-28 17:55:00+00:00,0.0,45000.0,"POLYGON ((-76.62242876451066 29.02683697822481, -76.4350886114612 27.970067284132778, -78.36017565993521 27.306171963528065, -78.24894546662576 29.26951133538124, -76.62242876451066 29.02683697822481))"
86E,2019-06-28 15:55:00+00:00,2019-06-28 17:55:00+00:00,0.0,45000.0,"POLYGON ((-79.55298265182502 28.500327787280437, -78.36017565993521 27.306171963528065, -80.80475445520202 26.26961929413895, -81.42178211179476 27.298075897506365, -79.55298265182502 28.500327787280437))"
92E,2019-06-28 15:55:00+00:00,2019-06-28 17:55:00+00:00,0.0,40000.0,"POLYGON ((-84.64342423731986 29.784852534521278, -83.21483615971407 28.379529119827293, -84.37429917982975 27.899637648122294, -85.16251131067045 29.691641457176388, -84.64342423731986 29.784852534521278))"
93E,2019-06-28 15:55:00+00:00,2019-06-28 17:55:00+00:00,0.0,45000.0,"POLYGON ((-79.69623943453458 26.326535858892065, -78.89055775947249 26.229303019077314, -79.11432033787685 24.736606726236346, -79.76865652948536 25.60810658510077, -79.69623943453458 26.326535858892065))"
68C,2019-06-28 15:55:00+00:00,2019-06-28 17:55:00+00:00,0.0,45000.0,"POLYGON ((-87.22165590245837 43.433471987915425, -87.28147092179083 41.7973370177478, -88.98690561589221 41.54807337464175, -88.70202866919054 43.24655881184098, -87.22165590245837 43.433471987915425))"
70C,2019-06-28 15:55:00+00:00,2019-06-28 17:55:00+00:00,0.0,45000.0,"POLYGON ((-98.97028254245531 46.74741595367261, -98.70660666457356 45.6547883002816, -100.16000000000001 45.388213734418365, -100.39355180058202 46.2985505531951, -98.97028254245531 46.74741595367261))"
71C,2019-06-28 15:55:00+00:00,2019-06-28 17:55:00+00:00,0.0,45000.0,"POLYGON ((-90.95 36.4427379114728, -89.0778766102819 32.144413883393696, -91.209401029377 31.81142359848943, -92.08597290199695 35.722628727619885, -90.95 36.4427379114728))"
HOTEL 2,2019-06-28 16:20:00+00:00,2019-06-28 20:20:00+00:00,0.0,51000.0,"POLYGON ((-128.3 11.45, -126.3 7, -130.15 5, -138.3 5.15, -139.45 9.3, -128.3 11.45))"
97E,2019-06-28 16:55:00+00:00,2019-06-28 18:55:00+00:00,0.0,45000.0,"POLYGON ((-85.85278918228488 30.111781474355727, -84.82211762485936 29.990242575605, -83.14449303795003 28.31812903682967, -84.31590538561274 27.900339628564925, -85.85278918228488 30.111781474355727))"
99E,2019-06-28 16:55:00+00:00,2019-06-28 18:55:00+00:00,0.0,43000.0,"POLYGON ((-81.43918750800852 32.82740506041114, -80.40396302885425 32.58279123593534, -81.51 30.91828375768359, -82.63945915472382 31.272802511892483, -81.43918750800852 32.82740506041114))"
01E,2019-06-28 16:55:00+00:00,2019-06-28 18:55:00+00:00,0.0,43000.0,"POLYGON ((-79.77903504884674 37.17596348449268, -79.70552288216376 36.989963588391696, -83.47610406539403 35.499728388030185, -83.549616232077 35.685728284131166, -79.77903504884674 37.17596348449268))"
94E,2019-06-28 16:55:00+00:00,2019-06-28 18:55:00+00:00,0.0,45000.0,"POLYGON ((-81.47259435626313 25.861840458951395, -79.91375136337466 24.998145904078207, -80.33759526335336 24.02970807451807, -81.6180510054193 24.18919250001157, -81.47259435626313 25.861840458951395))"
72C,2019-06-28 16:55:00+00:00,2019-06-28 18:55:00+00:00,0.0,45000.0,"POLYGON ((-86.83287687776331 43.167262496166266, -87.03386494936235 41.54648647914866, -88.32 41.26085812115821, -88.12472364405892 42.39048007853385, -86.83287687776331 43.167262496166266))"
95E,2019-06-28 16:55:00+00:00,2019-06-28 18:55:00+00:00,0.0,45000.0,"POLYGON ((-78.39258495235237 28.428185245373538, -78.01189746295503 27.428848997638664, -80.9643596681486 26.05306360301287, -81.18589493126514 27.93292726169233, -78.39258495235237 28.428185245373538))"
98E,2019-06-28 16:55:00+00:00,2019-06-28 18:55:00+00:00,0.0,45000.0,"POLYGON ((-79.23229775313193 26.35909350890834, -78.89055775947249 26.229303019077314, -79.37559051258955 23.79906199044408, -80.28 24.136310442636074, -79.23229775313193 26.35909350890834))"
96E,2019-06-28 16:55:00+00:00,2019-06-28 18:55:00+00:00,0.0,41000.0,"POLYGON ((-85.9050243199111 30.827693507021543, -86.68 28.334465663954106, -87.34527037596392 28.574183548540212, -86.68 29.998155221318033, -85.9050243199111 30.827693507021543))"
75C,2019-06-28 16:55:00+00:00,2019-06-28 18:55:00+00:00,0.0,45000.0,"POLYGON ((-90.38629507567961 35.01932298495471, -89.0778766102819 32.144413883393696, -91.209401029377 31.81142359848943, -91.80560346025295 34.80676119181843, -90.38629507567961 35.01932298495471))"
73C,2019-06-28 16:55:00+00:00,2019-06-28 18:55:00+00:00,0.0,45000.0,"POLYGON ((-90.94340360303434 41.51807540591529, -90.84659550485362 39.84919359801877, -93.39110487434033 39.87256802578024, -93.33727823392469 41.20429447062627, -90.94340360303434 41.51807540591529))"
74C,2019-06-28 16:55:00+00:00,2019-06-28 18:55:00+00:00,0.0,45000.0,"POLYGON ((-98.37 46.251844778681956, -98.37 45.5863689557364, -99.7085762572894 45.15764310438799, -99.69274526753006 45.794400825621246, -98.37 46.251844778681956))"
07E,2019-06-28 17:55:00+00:00,2019-06-28 19:55:00+00:00,,,"POLYGON ((-81.05809389686897 32.45326897841863, -81.32513189591239 32.07233658921194, -82.40086675476121 31.47395685918497, -80.95958697651486 32.27921040597145, -81.32448923381205 32.07269717831922, -82.49808835091463 31.64873660984671, -81.42235349206581 32.24711633987368, -81.42299615416616 32.2467557507664, -81.05809389686897 32.45326897841863))"
08E,2019-06-28 17:55:00+00:00,2019-06-28 19:55:00+00:00,,,"POLYGON ((-76.34333733821592 37.10819550715809, -79.49390693771305 37.26415190549364, -79.52764076077116 37.26004031370685, -83.91878977500845 35.93994717171292, -79.50379503381238 37.06439649116019, -76.35322543431525 36.90844009282464, -83.86121022499155 35.74841494095304, -79.47006121075427 37.06850808294698, -76.34333733821592 37.10819550715809))"
10E,2019-06-28 17:55:00+00:00,2019-06-28 19:55:00+00:00,0.0,37000.0,"POLYGON ((-82.77181818181819 40.91010193950176, -82.40818181818182 40.91010193950176, -82.40818181818182 40.5464655758654, -82.77181818181819 40.5464655758654, -82.77181818181819 40.91010193950176))"
04E,2019-06-28 17:55:00+00:00,2019-06-28 19:55:00+00:00,0.0,37000.0,"POLYGON ((-86.5800001495158 28.517037894493406, -86.5800001495158 27.93875413680983, -86.77999985048422 27.93840828635439, -86.77999985048422 28.516692044037967, -86.5800001495158 28.517037894493406))"
02E,2019-06-28 17:55:00+00:00,2019-06-28 19:55:00+00:00,0.0,29000.0,"POLYGON ((-82.84636185307653 26.95308336273381, -82.74977999664753 26.777949285499464, -83.64269210727157 26.28553164391952, -83.73927396370057 26.460665721153866, -82.84636185307653 26.95308336273381))"
09E,2019-06-28 17:55:00+00:00,2019-06-28 19:55:00+00:00,0.0,45000.0,"POLYGON ((-75.4318465376002 38.32707663473906, -75.06821017396382 38.32707663473906, -75.06821017396382 37.9634402711027, -75.4318465376002 37.9634402711027, -75.4318465376002 38.32707663473906))"
78C,2019-06-28 17:55:00+00:00,2019-06-28 19:55:00+00:00,0.0,43000.0,"POLYGON ((-90.04744569047955 34.886415202209875, -89.79022421157056 31.465119947977836, -91.55820995559877 31.014010255127598, -91.97913739068603 34.27913662505488, -90.04744569047955 34.886415202209875))"
03E,2019-06-28 17:55:00+00:00,2019-06-28 19:55:00+00:00,0.0,45000.0,"POLYGON ((-76.97808172116771 28.908957479633735, -77.31302444862477 27.671594119567153, -80.80475445520202 26.26961929413895, -81.60723074669532 28.304457281261847, -76.97808172116771 28.908957479633735))"
05E,2019-06-28 17:55:00+00:00,2019-06-28 19:55:00+00:00,0.0,45000.0,"POLYGON ((-86.8168322810496 30.71228747436399, -84.92866041971038 30.39872461181551, -83.21483615971407 28.379529119827293, -84.5625264528548 27.89720728744805, -86.8168322810496 30.71228747436399))"
06E,2019-06-28 17:55:00+00:00,2019-06-28 19:55:00+00:00,0.0,45000.0,"POLYGON ((-78.78669224824179 26.674052879508793, -79.37559051258955 23.79906199044408, -80.78887883688262 24.20463046264165, -79.69623943453458 26.326535858892065, -78.78669224824179 26.674052879508793))"
76C,2019-06-28 17:55:00+00:00,2019-06-28 19:55:00+00:00,0.0,45000.0,"POLYGON ((-92.53287004757625 30.138737836651895, -89.95371867628029 29.487330241858594, -90.1 28.68089313279082, -92.74472413812802 29.37097004870952, -92.53287004757625 30.138737836651895))"
77C,2019-06-28 17:55:00+00:00,2019-06-28 19:55:00+00:00,0.0,45000.0,"POLYGON ((-90.4034503182134 40.90246580203209, -89.01324962999179 39.85753995389239, -93.35271878407029 39.53928381200256, -93.20974347532565 40.59891687122309, -90.4034503182134 40.90246580203209))"
INDIA 3,2019-06-28 18:15:00+00:00,2019-06-28 22:15:00+00:00,,,"POLYGON ((-76.15 27.45, -75 24.3, -76.15 22.45, -78 24, -79 24, -79 27, -76.15 27.45))"
JULIETT 2,2019-06-28 18:20:00+00:00,2019-06-28 22:20:00+00:00,0.0,37000.0,"POLYGON ((-59 43.45, -57.15 42.3, -60.15 39.3, -62 41, -62.15 43, -59 43.45))"
17E,2019-06-28 18:55:00+00:00,2019-06-28 20:55:00+00:00,,,"POLYGON ((-76.34333733821592 37.10819550715809, -79.49390693771305 37.26415190549364, -79.52984980902406 37.25934823766686, -83.92099882326134 35.82761720833888, -79.50379503381238 37.06439649116019, -76.35322543431525 36.90844009282464, -83.85900117673866 35.637469129659, -79.46785216250137 37.06920015898697, -76.34333733821592 37.10819550715809))"
19E,2019-06-28 18:55:00+00:00,2019-06-28 20:55:00+00:00,,,"POLYGON ((-82.72254115742479 40.45411987296892, -80.47641263295368 40.74053638905859, -80.17060475497631 40.58600703992565, -82.68171094210194 40.258331994088, -80.41089705849686 40.73189460866674, -80.0804038213855 40.76451135802286, -80.38621169936287 40.9190407071558, -80.4517272738197 40.92768248754766, -82.72254115742479 40.45411987296892))"
21E,2019-06-28 18:55:00+00:00,2019-06-28 20:55:00+00:00,,,"POLYGON ((-80.71930287759783 32.01711503846332, -81.21766293964866 30.36836069761391, -81.02918062674955 30.37678570045706, -80.6619838716775 29.46505444422648, -81.02621742023989 30.31049349534607, -80.52785735818905 31.95924783619548, -80.84750297806696 29.39033723627234, -81.214699733139 30.30206849250292, -80.71930287759783 32.01711503846332))"
22E,2019-06-28 18:55:00+00:00,2019-06-28 20:55:00+00:00,,,"POLYGON ((-81.4598209094088 30.40769745541962, -81.14420660556351 29.26529783874859, -81.38113242785377 28.62370202941672, -81.6516829275841 30.35122652500669, -81.33394588860827 29.27170350137003, -81.56874897576796 28.69298428507253, -81.33182315347773 29.33458009440441, -81.14208387043297 29.32817443178297, -81.4598209094088 30.40769745541962))"
11E,2019-06-28 18:55:00+00:00,2019-06-28 20:55:00+00:00,,,"POLYGON ((-82.95614907787686 27.09756490313072, -82.07738751997549 26.54071518986945, -81.75132925328462 26.24914536281827, -83.02984528212357 26.91163784894111, -82.0475772817033 26.5222947084309, -81.61801257249353 26.39823145413078, -81.94407083918439 26.68980128118196, -81.97388107745658 26.7082217626205, -82.95614907787686 27.09756490313072))"
18E,2019-06-28 18:55:00+00:00,2019-06-28 20:55:00+00:00,0.0,40000.0,"POLYGON ((-77.88237669226646 40.97455801652552, -77.71497124432801 40.865125772645925, -79.36411365374921 38.3423279757989, -79.53151910168766 38.4517602196785, -77.88237669226646 40.97455801652552))"
16E,2019-06-28 18:55:00+00:00,2019-06-28 20:55:00+00:00,0.0,39000.0,"POLYGON ((-81.6613055281837 32.25105417703642, -81.58332826788745 32.06688157626016, -82.78481713934328 31.558180444399763, -82.86279439963953 31.74235304517602, -81.6613055281837 32.25105417703642))"
20E,2019-06-28 18:55:00+00:00,2019-06-28 20:55:00+00:00,0.0,45000.0,"POLYGON ((-77.74181818181819 35.55181818181818, -77.37818181818182 35.55181818181818, -77.37818181818182 35.18818181818182, -77.74181818181819 35.18818181818182, -77.74181818181819 35.55181818181818))"
13E,2019-06-28 18:55:00+00:00,2019-06-28 20:55:00+00:00,0.0,40000.0,"POLYGON ((-86.5800001495158 28.517037894493406, -86.5800001495158 27.93875413680983, -86.77999985048422 27.93840828635439, -86.77999985048422 28.516692044037967, -86.5800001495158 28.517037894493406))"
82C,2019-06-28 18:55:00+00:00,2019-06-28 20:55:00+00:00,0.0,37000.0,"POLYGON ((-105.45186475155333 33.989297870593134, -105.26696816115557 33.91305319301311, -105.92558714261511 32.315874112344616, -106.11048373301287 32.39211878992464, -105.45186475155333 33.989297870593134))"
84C,2019-06-28 18:55:00+00:00,2019-06-28 20:55:00+00:00,0.0,41000.0,"POLYGON ((-87.94754779381685 32.71058013628485, -87.74759657988676 32.70616289190784, -87.7822878701025 31.135825142986214, -87.98223908403259 31.14024238736323, -87.94754779381685 32.71058013628485))"
81C,2019-06-28 18:55:00+00:00,2019-06-28 20:55:00+00:00,0.0,45000.0,"POLYGON ((-89.37088185810539 40.75909327891075, -89.07460026924126 39.33910344787464, -93.61928103455095 39.28462787729495, -93.12805107723334 40.537667401954664, -89.37088185810539 40.75909327891075))"
83C,2019-06-28 18:55:00+00:00,2019-06-28 20:55:00+00:00,0.0,45000.0,"POLYGON ((-87.05827726191104 35.83272312118288, -86.78654146900597 34.707978564171775, -87.42113186652672 33.66890648139667, -88.49720782802952 35.74056185687759, -87.05827726191104 35.83272312118288))"
13W,2019-06-28 18:55:00+00:00,2019-06-28 20:55:00+00:00,0.0,42000.0,"POLYGON ((-108.09 35.87257436347464, -106.99657470421923 35.03987209699969, -108.52413487367974 33.907318493633085, -109.78594404622325 34.197001264685134, -108.09 35.87257436347464))"
14E,2019-06-28 18:55:00+00:00,2019-06-28 20:55:00+00:00,0.0,45000.0,"POLYGON ((-87.21592835156902 30.637896907909322, -84.88357165549728 30.207915635652693, -83.55224347655157 28.22558546196933, -84.5625264528548 27.89720728744805, -87.21592835156902 30.637896907909322))"
15E,2019-06-28 18:55:00+00:00,2019-06-28 20:55:00+00:00,0.0,45000.0,"POLYGON ((-78.97286876565066 26.675630616850057, -79.37559051258955 23.79906199044408, -80.78887883688262 24.20463046264165, -80.80475445520202 26.26961929413895, -78.97286876565066 26.675630616850057))"
12E,2019-06-28 18:55:00+00:00,2019-06-28 20:55:00+00:00,0.0,45000.0,"POLYGON ((-76.97808172116771 28.908957479633735, -77.31302444862477 27.671594119567153, -80.80475445520202 26.26961929413895, -82.03817340311798 28.283548620013455, -76.97808172116771 28.908957479633735))"
79C,2019-06-28 18:55:00+00:00,2019-06-28 20:55:00+00:00,0.0,45000.0,"POLYGON ((-90.52782476944105 30.477725406782344, -90.3688648645729 28.944450277758065, -91.32697679203754 28.728742840558308, -92.01154187387465 30.223401862014658, -90.52782476944105 30.477725406782344))"
80C,2019-06-28 18:55:00+00:00,2019-06-28 20:55:00+00:00,0.0,41000.0,"POLYGON ((-90.69312198410401 34.429706570272785, -89.71924940815902 31.48986740793502, -91.5973922529804 31.094482211701738, -92.43327468292627 33.874443603693884, -90.69312198410401 34.429706570272785))"
NOVEMBER 4,2019-06-28 18:57:00+00:00,2019-06-28 23:00:00+00:00,0.0,57000.0,"POLYGON ((130 16, 133.5 14, 130 10.2, 130 16))"
OSCAR 3,2019-06-28 19:00:00+00:00,2019-06-28 23:00:00+00:00,0.0,54000.0,"POLYGON ((143.1 7.4, 148.2 7, 143.1 0, 143.1 7.4))"
HOTEL 3,2019-06-28 19:25:00+00:00,2019-06-28 23:25:00+00:00,0.0,50000.0,"POLYGON ((-129.45 12, -125.45 10.3, -126 7.3, -131 5.3, -136 6.3, -136.45 10.15, -129.45 12))"
27E,2019-06-28 19:55:00+00:00,2019-06-28 21:55:00+00:00,,,"POLYGON ((-76.34588448597424 37.10828907020933, -80.64293566558202 37.21131470149163, -80.68444222367066 37.20337839564579, -83.9291096577973 35.82457813337106, -80.6477294661647 37.0113721610557, -76.35067828655693 36.9083465297734, -83.8508903422027 35.64050820462681, -80.60622290807606 37.01930846690154, -76.34588448597424 37.10828907020933))"
89C,2019-06-28 19:55:00+00:00,2019-06-28 21:55:00+00:00,,,"POLYGON ((-93.45240389380749 30.12237933122662, -97.73720667731857 27.98929006321476, -97.59333315886165 27.91151474240623, -97.36851999064405 26.01065851983673, -97.64807537987892 27.81024925273647, -93.36327259636784 29.94333852074833, -97.56713573011822 25.9871683509755, -97.79194889833583 27.888024573545, -93.45240389380749 30.12237933122662))"
31E,2019-06-28 19:55:00+00:00,2019-06-28 21:55:00+00:00,0.0,38000.0,"POLYGON ((-84.97732361548717 36.84456043809766, -84.90966494592013 36.656352296848624, -86.14894897760236 36.210843891936754, -86.2166076471694 36.39905203318579, -84.97732361548717 36.84456043809766))"
30E,2019-06-28 19:55:00+00:00,2019-06-28 21:55:00+00:00,0.0,45000.0,"POLYGON ((-82.58046006785268 37.33489554423239, -82.51345390792615 37.14645410894837, -83.57566773029448 36.76875124784192, -83.64267389022102 36.95719268312594, -82.58046006785268 37.33489554423239))"
25E,2019-06-28 19:55:00+00:00,2019-06-28 21:55:00+00:00,0.0,45000.0,"POLYGON ((-84.81536006097136 30.565149913835874, -83.43766853362585 28.18455136631311, -84.31590538561274 27.900339628564925, -87.89464931522758 30.56319514652271, -84.81536006097136 30.565149913835874))"
29E,2019-06-28 19:55:00+00:00,2019-06-28 21:55:00+00:00,0.0,42000.0,"POLYGON ((-83.17481550353764 42.20983455795383, -79.68176011292293 40.662818959703685, -82.1869522968645 40.45598428370117, -83.37 41.77628718173732, -83.17481550353764 42.20983455795383))"
26E,2019-06-28 19:55:00+00:00,2019-06-28 21:55:00+00:00,0.0,30000.0,"POLYGON ((-81.61836820536794 32.41906673010795, -81.55000098860395 32.231114811597, -83.10417074341767 31.665787991008074, -83.17253796018166 31.85373990951902, -81.61836820536794 32.41906673010795))"
28E,2019-06-28 19:55:00+00:00,2019-06-28 21:55:00+00:00,0.0,45000.0,"POLYGON ((-75.46014797537566 40.980490687637925, -77.60898745709176 38.435255455777686, -80.20545028969353 37.77646570735486, -77.81308962205205 40.975189788626885, -75.46014797537566 40.980490687637925))"
88C,2019-06-28 19:55:00+00:00,2019-06-28 21:55:00+00:00,0.0,44000.0,"POLYGON ((-105.45186475155333 33.989297870593134, -105.26696816115557 33.91305319301311, -105.92558714261511 32.315874112344616, -106.11048373301287 32.39211878992464, -105.45186475155333 33.989297870593134))"
90C,2019-06-28 19:55:00+00:00,2019-06-28 21:55:00+00:00,0.0,41000.0,"POLYGON ((-87.94754779381685 32.71058013628485, -87.74759657988676 32.70616289190784, -87.7822878701025 31.135825142986214, -87.98223908403259 31.14024238736323, -87.94754779381685 32.71058013628485))"
87C,2019-06-28 19:55:00+00:00,2019-06-28 21:55:00+00:00,0.0,45000.0,"POLYGON ((-89.37088185810539 40.75909327891075, -89.07460026924126 39.33910344787464, -93.61928103455095 39.28462787729495, -93.12805107723334 40.537667401954664, -89.37088185810539 40.75909327891075))"
32E,2019-06-28 19:55:00+00:00,2019-06-28 21:55:00+00:00,0.0,45000.0,"POLYGON ((-88.37365338896903 35.697943967210314, -85.87291428622184 35.546066411267354, -85.43907463586413 33.510905527783166, -87.12828046576399 33.20867528053094, -88.37365338896903 35.697943967210314))"
23E,2019-06-28 19:55:00+00:00,2019-06-28 21:55:00+00:00,0.0,45000.0,"POLYGON ((-81.73027672641336 29.878700770027603, -80.75626226908453 27.91502661376889, -81.42654794100704 25.761040989273386, -82.70973023951248 26.526985438691533, -81.73027672641336 29.878700770027603))"
24E,2019-06-28 19:55:00+00:00,2019-06-28 21:55:00+00:00,0.0,45000.0,"POLYGON ((-79.41794339793215 28.61699225679675, -77.1378234558031 27.731732169128477, -79.444141645063 23.953169938557586, -81.29366825030118 24.398154296576635, -79.41794339793215 28.61699225679675))"
85C,2019-06-28 19:55:00+00:00,2019-06-28 21:55:00+00:00,0.0,45000.0,"POLYGON ((-90.52782476944105 30.477725406782344, -90.3688648645729 28.944450277758065, -91.32697679203754 28.728742840558308, -92.01154187387465 30.223401862014658, -90.52782476944105 30.477725406782344))"
86C,2019-06-28 19:55:00+00:00,2019-06-28 21:55:00+00:00,0.0,45000.0,"POLYGON ((-92.74 33.92547582294558, -90.43317270032708 33.76731564919611, -89.721436937724 31.107876246599915, -91.65717059000066 30.60684665736516, -92.74 33.92547582294558))"
14W,2019-06-28 19:55:00+00:00,2019-06-28 21:55:00+00:00,0.0,42000.0,"POLYGON ((-108.09 35.74178626558165, -107.02319809310363 35.0398306196124, -107.7004589690508 32.92636980010632, -110.08653642104203 34.46970347060807, -108.09 35.74178626558165))"
JULIETT 3,2019-06-28 20:45:00+00:00,2019-06-29 00:45:00+00:00,0.0,38000.0,"POLYGON ((-58.4 43.05, -57 41.45, -58.15 39.05, -60.4 41, -58.4 43.05))"
94C,2019-06-28 21:01:00+00:00,2019-06-28 22:55:00+00:00,,,"POLYGON ((-105.1097518764815 35.67443969439397, -104.8244244557949 33.51625946753985, -106.0606455581108 31.87809703620461, -105.3076501476102 35.64552128703316, -105.0031955029701 33.56203698377993, -106.2202893813326 31.99857047604559, -104.9840682790167 33.63673290738082, -104.8052972318415 33.59095539114075, -105.1097518764815 35.67443969439397))"
95C,2019-06-28 21:01:00+00:00,2019-06-28 22:55:00+00:00,,,"POLYGON ((-93.3848227494306 30.1474413773559, -96.52308889225968 28.91706871262506, -96.550375560976 28.90098241085954, -97.79526205941549 27.86990278001151, -96.4500878394271 28.73086762163649, -93.31182169659802 29.96124028636733, -97.66768766915028 27.71587429255396, -96.42280117071078 28.746953923402, -93.3848227494306 30.1474413773559))"
96C,2019-06-28 21:01:00+00:00,2019-06-28 22:55:00+00:00,,,"POLYGON ((-88.93300978899471 35.98551393824561, -86.96121720036098 33.32184358691003, -88.02757859735958 30.77658117501815, -87.5832404434261 34.4505825636421, -87.146690086912 33.32434356642771, -89.07025298742921 35.84003437100861, -87.55862159921725 34.41398444171342, -88.2120434836094 30.85386445743316, -87.1456820866108 33.39912686932504, -86.96020920005978 33.39662688980735, -87.39675955657388 34.52286588702174, -87.42137840078274 34.55946400895042, -88.93300978899471 35.98551393824561))"
91C,2019-06-28 21:01:00+00:00,2019-06-28 22:55:00+00:00,0.0,45000.0,"POLYGON ((-91.91890116703189 32.41771488508314, -88.93063638399444 32.112800348251504, -90.86284128722755 28.901214185428316, -93.30114918483132 29.739163146498836, -93.00736891808437 31.259003506093833, -91.91890116703189 32.41771488508314))"
93C,2019-06-28 21:01:00+00:00,2019-06-28 22:55:00+00:00,0.0,45000.0,"POLYGON ((-89.14804716639662 41.15915538376166, -88.39867185385155 40.09201127760747, -91.97645765806085 38.348631814718374, -92.59 39.96363104426361, -89.14804716639662 41.15915538376166))"
92C,2019-06-28 21:01:00+00:00,2019-06-28 22:55:00+00:00,0.0,45000.0,"POLYGON ((-89.98 35.02, -91.47899014614089 32.9893186717509, -92.4593821057365 33.024403432418154, -92.74 33.92547582294558, -89.98 35.02))"
15W,2019-06-28 21:05:00+00:00,2019-06-28 22:55:00+00:00,0.0,42000.0,"POLYGON ((-108.09 36.40726208852722, -106.82 35.04, -107.7004589690508 32.92636980010632, -110.08653642104203 34.46970347060807, -108.09 36.40726208852722))"
16W,2019-06-28 21:05:00+00:00,2019-06-28 22:55:00+00:00,0.0,39000.0,"POLYGON ((-108.66972520964241 32.26862734526919, -108.73904187238982 31.1929948630206, -110.91 31.434524177054428, -110.51721540647375 32.09939392865384, -108.66972520964241 32.26862734526919))"
37E,2019-06-28 21:13:00+00:00,2019-06-28 22:55:00+00:00,,,"POLYGON ((-76.1984181978744 36.45693901356076, -79.205365611331 37.56708653695859, -79.32572574315766 37.52476457888867, -80.11863590349004 36.20461714527272, -80.03913127978448 36.25293464181899, -84.10294701204063 35.99962916002585, -84.16472658437974 35.97314342878705, -85.15505971469949 35.05466532095198, -79.27463438866899 37.37946501237759, -76.26768697521238 36.26931748897976, -79.94718441717471 36.10163953683156, -79.15427425684233 37.42178697044751, -84.09050477313642 35.80001655849215, -80.02668904088027 36.05332204028529, -85.01905833111707 34.9080241818959, -84.02872520079731 35.82650228973096, -76.1984181978744 36.45693901356076))"
42E,2019-06-28 21:13:00+00:00,2019-06-28 22:55:00+00:00,0.0,45000.0,"POLYGON ((-85.96211969310653 34.68066972886043, -85.48481663625537 34.29170878433805, -86.55257711971015 33.66951398872618, -86.69963329570912 34.0705369369241, -85.96211969310653 34.68066972886043))"
36E,2019-06-28 21:13:00+00:00,2019-06-28 22:55:00+00:00,0.0,30000.0,"POLYGON ((-83.17477313671351 32.523129141799956, -81.58246043037765 31.993147265979847, -82.51 30.961716242316417, -83.87788237514063 29.990242575605, -84.66006457962025 30.510283638027627, -83.17477313671351 32.523129141799956))"
45E,2019-06-28 21:13:00+00:00,2019-06-28 22:55:00+00:00,0.0,40000.0,"POLYGON ((-78.90490063027733 37.138877754578054, -77.73399419579827 36.6978775817327, -79.05495299509762 36.403952057749905, -78.90490063027733 37.138877754578054))"
41E,2019-06-28 21:13:00+00:00,2019-06-28 22:55:00+00:00,0.0,38000.0,"POLYGON ((-84.65327581176757 37.02876167759472, -85.42694454092377 36.13347370094956, -85.96394156955303 36.137868866577115, -86.25914415675915 36.92986290587917, -84.65327581176757 37.02876167759472))"
44E,2019-06-28 21:13:00+00:00,2019-06-28 22:55:00+00:00,0.0,40000.0,"POLYGON ((-82.28111442298089 40.384871638082465, -81.70060801783845 39.36435925198643, -82.62942836980119 38.27790207334662, -84.45254090623536 39.480854076909495, -82.28111442298089 40.384871638082465))"
33E,2019-06-28 21:13:00+00:00,2019-06-28 22:55:00+00:00,0.0,45000.0,"POLYGON ((-82.40337774164091 30.655297148386005, -80.98964477770947 28.666883625402374, -81.42654794100704 25.761040989273386, -82.89665314046935 27.526904711845656, -82.40337774164091 30.655297148386005))"
43E,2019-06-28 21:13:00+00:00,2019-06-28 22:55:00+00:00,0.0,45000.0,"POLYGON ((-83.14123656060936 43.131892900896126, -82.54602896561181 42.95245802474736, -83.02947849500335 41.59467407715029, -83.8438325743342 41.856099924934846, -83.14123656060936 43.131892900896126))"
35E,2019-06-28 21:13:00+00:00,2019-06-28 22:55:00+00:00,0.0,45000.0,"POLYGON ((-88.28581479034706 30.883683779755334, -85.06468176276314 30.65272130238764, -84.18606389676764 27.90181228263276, -85.50351159900647 27.88122105023299, -88.28581479034706 30.883683779755334))"
39E,2019-06-28 21:13:00+00:00,2019-06-28 22:55:00+00:00,0.0,42000.0,"POLYGON ((-81.43925190875267 41.5466036890189, -79.8045050931297 40.70195609992357, -81.85 40.58815522131804, -82.46310661243255 41.227369939608515, -81.43925190875267 41.5466036890189))"
38E,2019-06-28 21:13:00+00:00,2019-06-28 22:55:00+00:00,0.0,45000.0,"POLYGON ((-77.17321436795446 41.171791239405174, -75.20201395713568 41.06810565122469, -77.27147728041274 38.16790808413082, -78.93493879139379 38.63517283797095, -77.17321436795446 41.171791239405174))"
40E,2019-06-28 21:13:00+00:00,2019-06-28 22:55:00+00:00,0.0,45000.0,"POLYGON ((-82.51360585552601 37.826768434109006, -81.1503819240933 36.7362624306669, -83.30560813046887 36.369149992920995, -84.11 37.03, -82.51360585552601 37.826768434109006))"
34E,2019-06-28 21:13:00+00:00,2019-06-28 22:55:00+00:00,0.0,45000.0,"POLYGON ((-78.91967636056603 28.244138042531155, -77.48803233666251 27.611235972021877, -78.92007418187025 25.284354710145234, -81.12523399361866 24.33383181731258, -81.42654794100704 25.761040989273386, -78.91967636056603 28.244138042531155))"
INDIA 4,2019-06-28 21:30:00+00:00,2019-06-29 01:30:00+00:00,0.0,48000.0,"POLYGON ((-75.2 27.35, -76.2 24.5, -79 25.2, -79 27, -75.2 27.35))"
98C,2019-06-28 21:55:00+00:00,2019-06-28 23:55:00+00:00,,,"POLYGON ((-87.15880534246834 36.03822489480464, -86.96199849022521 33.32002924503353, -88.19411709918462 30.53481284059434, -87.5832404434261 34.4505825636421, -87.146690086912 33.32434356642771, -86.96623290334828 35.98422623101232, -87.39371378043997 34.45972489343576, -88.37701940570598 30.61572480676234, -87.14490079674657 33.40094121120153, -86.96020920005978 33.39662688980735, -87.39675955657388 34.52286588702174, -87.58628621956002 34.51372355722808, -87.15880534246834 36.03822489480464))"
04C,2019-06-28 21:55:00+00:00,2019-06-28 23:55:00+00:00,,,"POLYGON ((-98.42305257994296 29.68028928675268, -99.28864941371151 27.71752345348441, -99.10383859028315 27.7131252221757, -98.9783212390185 27.38735359858291, -99.10565451820466 27.63682111015761, -98.24005768443611 29.59958694342588, -99.16494799036838 27.31544771787353, -99.29046534163302 27.64121934146632, -98.42305257994296 29.68028928675268))"
56E,2019-06-28 21:55:00+00:00,2019-06-28 23:55:00+00:00,0.0,45000.0,"POLYGON ((-86.03198882674162 34.95681201337629, -85.48481663625537 34.29170878433805, -86.83362622235265 33.53641612259377, -86.9 34.24828375768358, -86.03198882674162 34.95681201337629))"
52E,2019-06-28 21:55:00+00:00,2019-06-28 23:55:00+00:00,0.0,45000.0,"POLYGON ((-74.89373349285172 40.95880883941202, -76.64458080112128 37.71937939305837, -78.61034376232293 38.637667075017845, -78.13157272927718 40.096596576822, -74.89373349285172 40.95880883941202))"
50E,2019-06-28 21:55:00+00:00,2019-06-28 23:55:00+00:00,0.0,40000.0,"POLYGON ((-79.77575042307284 35.64912806525253, -79.66 34.95285469710446, -80.29804364250565 34.96695187785238, -80.69919362004651 35.394195865341125, -79.77575042307284 35.64912806525253))"
49E,2019-06-28 21:55:00+00:00,2019-06-28 23:55:00+00:00,0.0,30000.0,"POLYGON ((-83.33219859359389 32.80024927816034, -81.30692558589288 32.560546010504225, -82.25181316195408 31.005475972924508, -83.72916900391569 30.61983167926256, -84.09415826137739 32.06054894745189, -83.33219859359389 32.80024927816034))"
46E,2019-06-28 21:55:00+00:00,2019-06-28 23:55:00+00:00,0.0,45000.0,"POLYGON ((-80.03820491847607 27.513292766566742, -80.13157646663153 25.85524955816468, -81.41153258551896 25.72813089999493, -81.48114035313303 26.640338216811248, -80.03820491847607 27.513292766566742))"
02C,2019-06-28 21:55:00+00:00,2019-06-28 23:55:00+00:00,0.0,45000.0,"POLYGON ((-94.90670098817984 30.04100612618257, -94.79209182774537 29.877101457717917, -96.3158863513834 28.81159909793337, -96.43049551181787 28.975503766398024, -94.90670098817984 30.04100612618257))"
05C,2019-06-28 21:55:00+00:00,2019-06-28 23:55:00+00:00,0.0,35000.0,"POLYGON ((-106.51488899493089 38.85773968614235, -103.93612979765452 37.370175003270205, -104.48701900683295 36.7960702726046, -106.33720677664336 37.75778518527105, -106.51488899493089 38.85773968614235))"
03C,2019-06-28 21:55:00+00:00,2019-06-28 23:55:00+00:00,0.0,44000.0,"POLYGON ((-105.4530963723987 33.98616229115492, -105.2657365403102 33.91618877245133, -105.64048844043388 32.91275984129457, -105.82784827252239 32.982733359998164, -105.4530963723987 33.98616229115492))"
48E,2019-06-28 21:55:00+00:00,2019-06-28 23:55:00+00:00,0.0,45000.0,"POLYGON ((-86.9013725093581 30.36869713081615, -86.23933479413192 29.907024684205624, -84.18606389676764 27.90181228263276, -84.40914502331523 27.262553444255794, -86.68 28.833572531163288, -86.9013725093581 30.36869713081615))"
54E,2019-06-28 21:55:00+00:00,2019-06-28 23:55:00+00:00,0.0,40000.0,"POLYGON ((-82.28111442298089 40.384871638082465, -81.70060801783845 39.36435925198643, -82.62942836980119 38.27790207334662, -84.45254090623536 39.480854076909495, -82.28111442298089 40.384871638082465))"
53E,2019-06-28 21:55:00+00:00,2019-06-28 23:55:00+00:00,0.0,42000.0,"POLYGON ((-81.43925190875267 41.5466036890189, -80.52205776882413 41.06486165522149, -81.51356412082862 40.804687861416646, -82.73741181422372 41.41659056837221, -81.43925190875267 41.5466036890189))"
51E,2019-06-28 21:55:00+00:00,2019-06-28 23:55:00+00:00,0.0,45000.0,"POLYGON ((-78.46852271958727 38.16790808413082, -76.0079786527019 36.82617882286488, -75.94451320975165 35.79865408172999, -79.98 36.05, -79.98477151439766 37.83587867484488, -78.46852271958727 38.16790808413082))"
55E,2019-06-28 21:55:00+00:00,2019-06-28 23:55:00+00:00,0.0,45000.0,"POLYGON ((-84.80144277893234 37.84276082397626, -81.26860624607369 37.66226600251645, -80.80307592546124 36.047187081794455, -85.0062509977734 35.077555973533066, -85.8617085447719 37.119599691876296, -84.80144277893234 37.84276082397626))"
47E,2019-06-28 21:55:00+00:00,2019-06-28 23:55:00+00:00,0.0,45000.0,"POLYGON ((-82.88048071823714 30.770941195465262, -81.70276997053787 30.339858628380625, -81.42654794100704 25.761040989273386, -82.94625565677595 27.046518748822265, -82.88048071823714 30.770941195465262))"
97C,2019-06-28 21:55:00+00:00,2019-06-28 23:55:00+00:00,0.0,45000.0,"POLYGON ((-88.92707786845791 41.15809963544537, -88.24383678698867 40.20893955364961, -91.81581535591985 38.040775832978476, -92.0558809561199 39.11729519476917, -88.92707786845791 41.15809963544537))"
99C,2019-06-28 21:55:00+00:00,2019-06-28 23:55:00+00:00,0.0,45000.0,"POLYGON ((-90.793000372768 35.802487692064524, -89.37056159140822 35.01847672938205, -90.98988053083652 34.04618363965997, -91.4697544847365 34.089732798434284, -90.793000372768 35.802487692064524))"
01C,2019-06-28 21:55:00+00:00,2019-06-28 23:55:00+00:00,0.0,45000.0,"POLYGON ((-92.59912378365306 33.37756121619956, -88.8 31.38178626558165, -90.97750296040424 28.858807022645482, -93.81910307555934 29.88342798996715, -93.0477574366661 30.788275573669935, -92.59912378365306 33.37756121619956))"
17W,2019-06-28 21:55:00+00:00,2019-06-28 23:55:00+00:00,0.0,42000.0,"POLYGON ((-108.23702696559177 36.85755024456395, -106.28048565121954 36.03663245819279, -107.7004589690508 32.92636980010632, -110.49119577273507 34.44478829386348, -108.23702696559177 36.85755024456395))"
18W,2019-06-28 21:55:00+00:00,2019-06-28 23:55:00+00:00,0.0,39000.0,"POLYGON ((-110.42532961319982 33.41979633115978, -107.76010299008277 31.972501428932958, -108.57529782955933 31.45283912886847, -111.5999265533487 31.5099252864289, -110.42532961319982 33.41979633115978))"
NOVEMBER 5,2019-06-28 22:46:00+00:00,2019-06-29 02:45:00+00:00,0.0,55000.0,"POLYGON ((130 16, 133.1 15.4, 130 11.5, 130 16))"
07C,2019-06-28 22:55:00+00:00,2019-06-29 00:55:00+00:00,,,"POLYGON ((-89.16853166784274 36.23820308895473, -86.9940047974214 36.13265470748057, -87.09883777134317 36.03451426386285, -87.14206706157556 33.5532507916347, -87.13299897667784 33.59315190654764, -88.45091674174809 30.71582413582899, -88.33193216509062 30.77016124514036, -86.9239712205865 30.35842611687849, -87.00370109197333 35.93288989107897, -89.17822796239467 36.03843827255314, -86.94209740828394 33.54976686246855, -86.89886811805155 36.03103033469669, -88.26908325825191 30.63253797683697, -86.95116549318166 33.50986574755562, -86.98010689040525 30.16646573926374, -88.38806783490938 30.5782008675256, -89.16853166784274 36.23820308895473))"
10C,2019-06-28 22:55:00+00:00,2019-06-29 00:55:00+00:00,,,"POLYGON ((-98.50946992577903 29.55368192800856, -98.37002849534142 29.20561961833399, -99.1518142222279 27.59411853810431, -98.31232307944364 29.52002006561185, -98.3614265768323 29.2324364631325, -99.33175723154505 27.68141409009804, -98.54997150465857 29.29291517032772, -98.55857342316769 29.26609832552921, -98.50946992577903 29.55368192800856))"
59E,2019-06-28 22:55:00+00:00,2019-06-29 00:55:00+00:00,0.0,45000.0,"POLYGON ((-83.518129814262 32.95706332501908, -81.30692558589288 32.560546010504225, -82.58840113470234 29.765176086750472, -84.03148720316483 31.12547475303337, -84.09415826137739 32.06054894745189, -83.518129814262 32.95706332501908))"
60E,2019-06-28 22:55:00+00:00,2019-06-29 00:55:00+00:00,0.0,30000.0,"POLYGON ((-79.98 35.90542906057911, -79.66 34.95285469710446, -80.81504918565297 34.922792806079855, -80.69919362004651 35.394195865341125, -79.98 35.90542906057911))"
63E,2019-06-28 22:55:00+00:00,2019-06-29 00:55:00+00:00,0.0,45000.0,"POLYGON ((-80.82795273188015 41.85276745906014, -79.94062160071185 40.62523200882143, -82.59 40.72828375768358, -82.6211478292917 41.417425437748264, -80.82795273188015 41.85276745906014))"
64E,2019-06-28 22:55:00+00:00,2019-06-29 00:55:00+00:00,0.0,42000.0,"POLYGON ((-82.19057564579444 39.842630915511386, -81.7440934902264 39.28391758975932, -84.1767077121465 38.6099194403233, -84.48514933517264 39.42050190943289, -82.19057564579444 39.842630915511386))"
66E,2019-06-28 22:55:00+00:00,2019-06-29 00:55:00+00:00,0.0,45000.0,"POLYGON ((-86.03198882674162 34.95681201337629, -85.15 34.526287181737324, -87.03254270914627 33.402796946539354, -87.16460467758301 34.82021746900625, -86.03198882674162 34.95681201337629))"
12C,2019-06-28 22:55:00+00:00,2019-06-29 00:55:00+00:00,0.0,35000.0,"POLYGON ((-106.67631384591898 39.03910554319362, -106.0120044987057 38.77746804465179, -105.82 38.072854697104475, -107.04 38.305429060579115, -106.67631384591898 39.03910554319362))"
09C,2019-06-28 22:55:00+00:00,2019-06-29 00:55:00+00:00,0.0,45000.0,"POLYGON ((-95.06010356562092 30.342041053736818, -94.9297359626708 30.19036940806419, -96.37136082977294 28.95123748301725, -96.50172843272306 29.102909128689877, -95.06010356562092 30.342041053736818))"
11C,2019-06-28 22:55:00+00:00,2019-06-29 00:55:00+00:00,0.0,40000.0,"POLYGON ((-104.89857153533262 36.37962653974394, -104.70403428279218 36.33320179015915, -105.04273137372978 34.91393292810312, -105.23726862627022 34.96035767768791, -104.89857153533262 36.37962653974394))"
08C,2019-06-28 22:55:00+00:00,2019-06-29 00:55:00+00:00,0.0,45000.0,"POLYGON ((-92.60807644340004 32.99279803843942, -88.67112570461497 30.840278789350503, -90.86284128722755 28.901214185428316, -93.7264036883091 29.91726057531323, -93.48345436985844 32.10174524401393, -92.60807644340004 32.99279803843942))"
21W,2019-06-28 22:55:00+00:00,2019-06-29 00:55:00+00:00,0.0,38000.0,"POLYGON ((-109.61349403899217 47.71609692921107, -109.46650596100784 47.580470586156075, -110.99364293841057 45.92540178410028, -111.1406310163949 46.061028127155275, -109.61349403899217 47.71609692921107))"
57E,2019-06-28 22:55:00+00:00,2019-06-29 00:55:00+00:00,0.0,45000.0,"POLYGON ((-83.62401461043007 29.598765082791605, -78.87476656062871 29.082299484726555, -82.13772611851898 24.46229031708794, -82.89774879654998 24.586020889740663, -83.62401461043007 29.598765082791605))"
61E,2019-06-28 22:55:00+00:00,2019-06-29 00:55:00+00:00,0.0,40000.0,"POLYGON ((-78.46852271958727 38.16790808413082, -76.04142866755981 36.58248473453594, -75.94451320975165 35.79865408172999, -78.9365280798582 35.562488590372624, -79.98477151439766 37.83587867484488, -78.46852271958727 38.16790808413082))"
62E,2019-06-28 22:55:00+00:00,2019-06-29 00:55:00+00:00,0.0,45000.0,"POLYGON ((-74.62425209477885 40.91626440514825, -76.25400119195191 37.759437629843156, -78.84954153973574 38.31757419217999, -77.67289551240849 40.10743299018814, -74.62425209477885 40.91626440514825))"
58E,2019-06-28 22:55:00+00:00,2019-06-29 00:55:00+00:00,0.0,45000.0,"POLYGON ((-86.68 29.665417309845242, -84.18606389676764 27.90181228263276, -84.40914502331523 27.262553444255794, -86.68 28.66720357542689, -86.68 29.665417309845242))"
65E,2019-06-28 22:55:00+00:00,2019-06-29 00:55:00+00:00,0.0,40000.0,"POLYGON ((-84.52297645173783 38.09526541622195, -80.73172580243609 37.65202920401076, -81.2640027583063 35.804415297469625, -85.43791252474985 35.194941841013836, -85.8617085447719 37.119599691876296, -84.52297645173783 38.09526541622195))"
06C,2019-06-28 22:55:00+00:00,2019-06-29 00:55:00+00:00,0.0,45000.0,"POLYGON ((-89.66250296060528 39.991909033510744, -89.30202840274664 38.47206848159452, -91.96832989460043 37.79788196347522, -92.0558809561199 39.11729519476917, -89.66250296060528 39.991909033510744))"
19W,2019-06-28 22:55:00+00:00,2019-06-29 00:55:00+00:00,0.0,42000.0,"POLYGON ((-109.81497747641217 37.10083220184655, -106.01650925549467 36.36267823531672, -106.28 32.48547582294557, -107.7004589690508 32.92636980010632, -110.49119577273507 34.44478829386348, -109.81497747641217 37.10083220184655))"
20W,2019-06-28 22:55:00+00:00,2019-06-29 00:55:00+00:00,0.0,39000.0,"POLYGON ((-110.62463778734572 33.422187626112034, -107.76010299008277 31.972501428932958, -108.57529782955933 31.45283912886847, -111.46264420237962 31.62823684620827, -110.62463778734572 33.422187626112034))"
22W,2019-06-28 22:55:00+00:00,2019-06-29 00:55:00+00:00,0.0,30000.0,"POLYGON ((-120.0795198308565 48.888518886265175, -117.15136459742787 48.78915578496535, -118.31082030124642 47.36698033365803, -120.4027325056181 47.37580036537591, -120.0795198308565 48.888518886265175))"
INDIA 5,2019-06-28 23:40:00+00:00,2019-06-29 03:40:00+00:00,0.0,50000.0,"POLYGON ((-75.5 27, -76.3 23, -78.25 24.2, -77.4 26.55, -75.5 27))"
JULIETT 4,2019-06-28 23:45:00+00:00,2019-06-29 03:45:00+00:00,0.0,36000.0,"POLYGON ((-57.2 42.4, -55.15 41, -56.3 38.5, -58.5 40.15, -57.2 42.4))"
14C,2019-06-28 23:55:00+00:00,2019-06-29 01:55:00+00:00,,,"POLYGON ((-87.11392034590891 33.73022017409735, -89.85179170186024 30.1074465732379, -89.78631390986389 30.14612594160558, -86.86778510100304 30.56786653118103, -89.69223231782894 29.98686132137206, -86.95436096187761 33.60963492223151, -86.83918130096443 30.36992254257984, -89.75771010982528 29.94818195300438, -87.11392034590891 33.73022017409735))"
17C,2019-06-28 23:55:00+00:00,2019-06-29 01:55:00+00:00,,,"POLYGON ((-98.42060199815035 29.68544257270122, -99.33994728601986 27.88639208585088, -99.34143604404888 27.88335291746171, -99.46233521460127 27.62559694673478, -99.16185355409824 27.795383170627, -98.24250826622873 29.59443365747734, -99.28126396662162 27.54066636828925, -99.16036479606923 27.79842233901618, -98.42060199815035 29.68544257270122))"
75E,2019-06-28 23:55:00+00:00,2019-06-29 01:55:00+00:00,0.0,30000.0,"POLYGON ((-83.48179716166196 43.52844062847273, -82.16828259072533 43.4246512402323, -82.95392968453832 42.51593167958499, -83.37 42.49914187884178, -83.48179716166196 43.52844062847273))"
71E,2019-06-28 23:55:00+00:00,2019-06-29 01:55:00+00:00,0.0,45000.0,"POLYGON ((-80.5643249556739 41.81521861613351, -79.94062160071185 40.62523200882143, -82.59 40.72828375768358, -82.6211478292917 41.417425437748264, -80.5643249556739 41.81521861613351))"
76E,2019-06-28 23:55:00+00:00,2019-06-29 01:55:00+00:00,0.0,43000.0,"POLYGON ((-68.99582303097701 47.379818023216124, -67.84585642303153 47.17044018135261, -67.99017728940896 46.30702076355056, -70.36600693780743 46.66304004012997, -68.99582303097701 47.379818023216124))"
72E,2019-06-28 23:55:00+00:00,2019-06-29 01:55:00+00:00,0.0,42000.0,"POLYGON ((-82.37412809538513 39.749100554992324, -82.42493729192918 39.05601822218216, -84.1767077121465 38.6099194403233, -84.43607866232864 39.224157280884185, -82.37412809538513 39.749100554992324))"
16C,2019-06-28 23:55:00+00:00,2019-06-29 01:55:00+00:00,0.0,45000.0,"POLYGON ((-96.91143091363304 30.25724440396975, -93.94517676615725 30.23735032137838, -93.94651809661563 30.037354819347456, -96.91277224409143 30.057248901938827, -96.91143091363304 30.25724440396975))"
20C,2019-06-28 23:55:00+00:00,2019-06-29 01:55:00+00:00,0.0,45000.0,"POLYGON ((-87.34628738314126 42.397583016800404, -86.46898027857797 42.037036268843885, -87.91213892994416 41.24259618153052, -88.25878013959917 41.87879105673735, -87.34628738314126 42.397583016800404))"
18C,2019-06-28 23:55:00+00:00,2019-06-29 01:55:00+00:00,0.0,40000.0,"POLYGON ((-104.63127083912914 36.63426264113919, -104.44323970344846 36.566113598485416, -105.04598443215966 34.90307078156863, -105.23401556784034 34.9712198242224, -104.63127083912914 36.63426264113919))"
25W,2019-06-28 23:55:00+00:00,2019-06-29 01:55:00+00:00,0.0,38000.0,"POLYGON ((-109.61349403899217 47.71609692921107, -109.46650596100784 47.580470586156075, -110.99364293841057 45.92540178410028, -111.1406310163949 46.061028127155275, -109.61349403899217 47.71609692921107))"
69E,2019-06-28 23:55:00+00:00,2019-06-29 01:55:00+00:00,0.0,40000.0,"POLYGON ((-78.0486951032741 36.45599314107421, -77.82780764812415 36.18458178617897, -78.70158495107555 35.71626963045475, -79.0712111820706 36.10493022076161, -78.0486951032741 36.45599314107421))"
70E,2019-06-28 23:55:00+00:00,2019-06-29 01:55:00+00:00,0.0,45000.0,"POLYGON ((-74.54 40.57089313279083, -75.20900788128647 38.58489712266565, -78.99856874216499 37.71087018059143, -76.46368612391029 40.4894198277096, -74.54 40.57089313279083))"
67E,2019-06-28 23:55:00+00:00,2019-06-29 01:55:00+00:00,0.0,45000.0,"POLYGON ((-83.58132911307538 29.789941789856222, -78.87476656062871 29.082299484726555, -82.13772611851898 24.46229031708794, -83.26364094710507 24.582926252780663, -83.58132911307538 29.789941789856222))"
68E,2019-06-28 23:55:00+00:00,2019-06-29 01:55:00+00:00,0.0,45000.0,"POLYGON ((-82.51 32.37184477868196, -81.65583038422625 32.349828748247305, -82.75530266969302 30.21449395784311, -84.2153250706473 31.50627338182682, -83.50818392904688 31.657616916745877, -82.51 32.37184477868196))"
73E,2019-06-28 23:55:00+00:00,2019-06-29 01:55:00+00:00,0.0,40000.0,"POLYGON ((-84.37502744026494 38.40472781509485, -79.83487803605058 37.71907851916679, -79.65800868278203 37.24926531561953, -84.47439186953113 36.369149992920995, -86.11881431595184 37.54438857382035, -84.37502744026494 38.40472781509485))"
74E,2019-06-28 23:55:00+00:00,2019-06-29 01:55:00+00:00,0.0,45000.0,"POLYGON ((-85.85598104936543 36.137177784925875, -84.91824547237812 34.49866488673581, -87.25893615511069 34.24866692576293, -87.30287737258516 34.77352364554988, -85.85598104936543 36.137177784925875))"
15C,2019-06-28 23:55:00+00:00,2019-06-29 01:55:00+00:00,0.0,45000.0,"POLYGON ((-92.63191112654536 32.51861404163612, -90.76725683462605 29.847782253663137, -91.81484080634817 29.169075727715725, -93.51956414468141 30.492286251810818, -93.25330862272543 32.29820545222906, -92.63191112654536 32.51861404163612))"
13C,2019-06-28 23:55:00+00:00,2019-06-29 01:55:00+00:00,0.0,42000.0,"POLYGON ((-90.94527478665024 40.46434078096207, -90.61903331809752 37.79669489146906, -92.16383383771806 37.73628815142214, -92.42270264229174 40.43728967516404, -90.94527478665024 40.46434078096207))"
19C,2019-06-28 23:55:00+00:00,2019-06-29 01:55:00+00:00,0.0,35000.0,"POLYGON ((-102.9893644098633 35.17846766053683, -102.84 34.00089313279083, -105.71906091768653 32.953155243351134, -105.16019368043676 34.41476845635759, -102.9893644098633 35.17846766053683))"
26W,2019-06-28 23:55:00+00:00,2019-06-29 01:55:00+00:00,0.0,32000.0,"POLYGON ((-114.56680687279689 48.82417650644953, -113.61687553529333 47.28637783250662, -115.26198691464185 45.837447244625366, -118.05569590596521 45.95126600806553, -114.56680687279689 48.82417650644953))"
24W,2019-06-28 23:55:00+00:00,2019-06-29 01:55:00+00:00,0.0,39000.0,"POLYGON ((-110.62153255952987 33.90171960737909, -107.76010299008277 31.972501428932958, -108.57529782955933 31.45283912886847, -111.46264420237962 31.62823684620827, -110.62153255952987 33.90171960737909))"
23W,2019-06-28 23:55:00+00:00,2019-06-29 01:55:00+00:00,0.0,42000.0,"POLYGON ((-109.7723004460082 37.80700127208345, -105.58119380132972 36.888644746251835, -106.55760465874887 32.05498004629535, -107.61 31.94726208852722, -109.67345030050093 33.34290388112105, -109.7723004460082 37.80700127208345))"
2C,2019-06-29 00:55:00+00:00,2019-06-29 02:55:00+00:00,,,"POLYGON ((-88.00800825962544 30.22214047312314, -88.37153078617797 30.71072123615505, -88.51830618439719 30.72567083157556, -90.25689106663658 29.17567278842985, -88.5319888270968 30.59133439808448, -88.16846630054427 30.10275363505257, -90.12379831111697 29.02638675951824, -88.38521342887758 30.57638480266396, -88.00800825962544 30.22214047312314))"
5C,2019-06-29 00:55:00+00:00,2019-06-29 02:55:00+00:00,,,"POLYGON ((-103.6777146566014 37.29450712909099, -104.8567315186719 36.59742394485192, -104.8979294643851 36.55031884378959, -105.3892290260844 35.38945295453976, -104.7549432981257 36.42526367603815, -103.5759264360552 37.12234686027722, -105.2050449141117 35.31150288785065, -104.7137453524125 36.47236877710048, -103.6777146566014 37.29450712909099))"
3W,2019-06-29 00:55:00+00:00,2019-06-29 02:55:00+00:00,,,"POLYGON ((-106.9172270096884 48.31306219769712, -109.5685818837555 47.07917624288317, -111.4663844615217 46.38700643468602, -106.8454391119246 48.126390031227, -109.5669522820682 47.07978671100219, -111.534913155911 46.57489953739417, -109.6371105781448 47.26706934559132, -109.6387401798321 47.2664588774723, -106.9172270096884 48.31306219769712))"
3C,2019-06-29 00:55:00+00:00,2019-06-29 02:55:00+00:00,0.0,45000.0,"POLYGON ((-93.44079855734817 31.588524353010826, -90.98967978787988 30.590282465627805, -90.66673162116444 29.848325320623506, -92.40511047261147 29.52475463212357, -93.9418522918887 30.88103521009135, -93.44079855734817 31.588524353010826))"
4C,2019-06-29 00:55:00+00:00,2019-06-29 02:55:00+00:00,0.0,44000.0,"POLYGON ((-98.19469329639044 29.713490435706102, -98.05996441816664 29.5656793083423, -98.64591483129796 29.031589329705913, -98.78064370952175 29.179400457069715, -98.19469329639044 29.713490435706102))"
6C,2019-06-29 00:55:00+00:00,2019-06-29 02:55:00+00:00,0.0,35000.0,"POLYGON ((-105.70827761444535 40.137244852702345, -104.92695113701608 40.01414880385706, -106.18372413745153 37.349443209945115, -108.1980547070843 37.80773557551362, -105.70827761444535 40.137244852702345))"
1C,2019-06-29 00:55:00+00:00,2019-06-29 02:55:00+00:00,0.0,45000.0,"POLYGON ((-87.4853862280839 42.29593745994526, -86.9015121137602 41.76853386208594, -87.74047096450107 41.54854515423504, -87.9 41.99, -87.4853862280839 42.29593745994526))"
1W,2019-06-29 00:55:00+00:00,2019-06-29 02:55:00+00:00,0.0,39000.0,"POLYGON ((-110.42845478480753 33.970635186684056, -107.74049364198125 32.01280060789524, -108.44980379500397 31.56162807173776, -110.778997461078 32.36706487738899, -110.42845478480753 33.970635186684056))"
4W,2019-06-29 00:55:00+00:00,2019-06-29 02:55:00+00:00,0.0,32000.0,"POLYGON ((-114.36993695173871 47.90243314330219, -113.61687553529333 47.28637783250662, -115.65 46.29541730984524, -118.57129931391759 46.31423101016457, -114.36993695173871 47.90243314330219))"
2W,2019-06-29 00:55:00+00:00,2019-06-29 02:55:00+00:00,0.0,42000.0,"POLYGON ((-109.7723004460082 37.80700127208345, -105.58119380132972 36.888644746251835, -106.55760465874887 32.05498004629535, -107.61 31.94726208852722, -109.67345030050093 33.34290388112105, -109.7723004460082 37.80700127208345))"
8E,2019-06-29 01:10:00+00:00,2019-06-29 02:55:00+00:00,0.0,35000.0,"POLYGON ((-86.40781762476605 35.6054267905776, -85.6379327989 34.79304899329591, -87.49 34.420858121158204, -87.61451105197062 34.81216378794845, -86.40781762476605 35.6054267905776))"
7E,2019-06-29 01:10:00+00:00,2019-06-29 02:55:00+00:00,0.0,45000.0,"POLYGON ((-84.84515954979733 38.097711818785335, -83.98177462727055 37.13215814799214, -85.44183660321946 36.59386713357804, -85.58 37.37714530289553, -84.84515954979733 38.097711818785335))"
6E,2019-06-29 01:10:00+00:00,2019-06-29 02:55:00+00:00,0.0,40000.0,"POLYGON ((-84.30354240808686 39.326011783306285, -82.55734280684787 39.157727033387204, -82.4007475966935 38.7494144585753, -84.30696681523798 38.71265793250757, -84.30354240808686 39.326011783306285))"
5E,2019-06-29 01:10:00+00:00,2019-06-29 02:55:00+00:00,0.0,30000.0,"POLYGON ((-80.5643249556739 41.81521861613351, -79.35425223731141 40.15284047055568, -80.64544934409571 40.07519402138883, -82.560034672282 41.19651349882303, -80.5643249556739 41.81521861613351))"
2E,2019-06-29 01:10:00+00:00,2019-06-29 02:55:00+00:00,0.0,42000.0,"POLYGON ((-83.97578789125056 31.770264942648335, -83.93088092412515 31.352815720410444, -84.35 30.833712818262683, -84.62969514046443 31.659550111256635, -83.97578789125056 31.770264942648335))"
4E,2019-06-29 01:10:00+00:00,2019-06-29 02:55:00+00:00,0.0,45000.0,"POLYGON ((-77.30181225638933 38.655253165980845, -76.18917119665441 38.12673887542101, -77.3898605925852 37.63354557836981, -78.26096351447839 38.332666825929735, -77.30181225638933 38.655253165980845))"
3E,2019-06-29 01:10:00+00:00,2019-06-29 02:55:00+00:00,0.0,45000.0,"POLYGON ((-80.74933197097195 35.48071838129205, -80.64905526912108 35.3076733493902, -81.63080006457294 34.73876865986976, -81.73107676642381 34.91181369177161, -80.74933197097195 35.48071838129205))"
1E,2019-06-29 01:10:00+00:00,2019-06-29 02:55:00+00:00,0.0,38000.0,"POLYGON ((-83.94229171860809 30.046444963365285, -78.43961397804969 29.273439933692682, -82.13772611851898 24.46229031708794, -83.26364094710507 24.582926252780663, -83.94229171860809 30.046444963365285))"
7W,2019-06-29 01:55:00+00:00,2019-06-29 03:55:00+00:00,,,"POLYGON ((-106.9201473318492 48.31188604264901, -109.3933102292693 47.05368397124339, -111.4700308142423 46.38575562045476, -106.8425187897638 48.12756618627511, -109.3851139527007 47.05672140864177, -111.5312668031904 46.57615035162543, -109.4545462182174 47.24407870241406, -109.4627424947861 47.24104126501567, -106.9201473318492 48.31188604264901))"
11C,2019-06-29 01:55:00+00:00,2019-06-29 03:55:00+00:00,,,"POLYGON ((-103.7585636350008 37.13939035237199, -104.8684320509554 36.4725668108281, -104.9076644128678 36.42888981243385, -105.3878701499886 35.39251944908074, -104.765430414999 36.30112975826853, -103.6555619990445 36.96795329981242, -105.2064037902075 35.30843639330967, -104.7261980530867 36.34480675666278, -103.7585636350008 37.13939035237199))"
14E,2019-06-29 01:55:00+00:00,2019-06-29 03:55:00+00:00,0.0,37000.0,"POLYGON ((-83.25372170974947 39.63696235227416, -82.03 39.32828375768358, -83.05279709043673 38.413584187953354, -84.1767077121465 38.6099194403233, -83.25372170974947 39.63696235227416))"
11E,2019-06-29 01:55:00+00:00,2019-06-29 03:55:00+00:00,0.0,37000.0,"POLYGON ((-80.74933197097195 35.48071838129205, -80.64905526912108 35.3076733493902, -81.63080006457294 34.73876865986976, -81.73107676642381 34.91181369177161, -80.74933197097195 35.48071838129205))"
12C,2019-06-29 01:55:00+00:00,2019-06-29 03:55:00+00:00,0.0,41000.0,"POLYGON ((-105.70827761444535 40.137244852702345, -104.87733449516912 40.21049629115884, -105.08584916594572 38.79931592504298, -106.74727157245992 39.17278034943397, -105.70827761444535 40.137244852702345))"
10C,2019-06-29 01:55:00+00:00,2019-06-29 03:55:00+00:00,0.0,37000.0,"POLYGON ((-98.86744795618291 29.889125161749682, -97.82053748734894 29.211530915145527, -97.92920827031399 29.043630167887624, -98.97611873914796 29.72122441449178, -98.86744795618291 29.889125161749682))"
8C,2019-06-29 01:55:00+00:00,2019-06-29 03:55:00+00:00,0.0,45000.0,"POLYGON ((-88.98011084388914 30.507226227474334, -88.16770941817326 30.329159843570622, -89.27208899630347 29.177453746639763, -88.98011084388914 30.507226227474334))"
6W,2019-06-29 01:55:00+00:00,2019-06-29 03:55:00+00:00,0.0,34000.0,"POLYGON ((-106.6467281130831 38.75602531899487, -107.44788021809492 37.2494153324735, -108.29820673491176 37.14051743959344, -108.7187688366899 38.210510272624, -106.6467281130831 38.75602531899487))"
5W,2019-06-29 01:55:00+00:00,2019-06-29 03:55:00+00:00,0.0,39000.0,"POLYGON ((-109.46340090775529 34.30892444719656, -106.41535995433348 33.27700711542272, -106.79042154714303 31.818981418121204, -110.27779038184997 32.31973006840701, -109.46340090775529 34.30892444719656))"
10E,2019-06-29 01:55:00+00:00,2019-06-29 03:55:00+00:00,0.0,45000.0,"POLYGON ((-84.44009452126022 31.967321951099766, -82.64551892205799 29.246465056446542, -83.72258195053587 29.010101918639464, -84.87636643938679 31.658659501556194, -84.44009452126022 31.967321951099766))"
13E,2019-06-29 01:55:00+00:00,2019-06-29 03:55:00+00:00,0.0,34000.0,"POLYGON ((-79.58365152245655 41.29887548691612, -79.13751762175173 40.084310874339245, -80.61910655076615 40.083493286437935, -82.162626237556 41.18429476843483, -79.58365152245655 41.29887548691612))"
15E,2019-06-29 01:55:00+00:00,2019-06-29 03:55:00+00:00,0.0,35000.0,"POLYGON ((-87.39739200183854 36.60781839951713, -85.71132999506742 34.76770783890459, -86.74438937422312 34.45306037257408, -88.43939985241126 36.722635914783176, -87.39739200183854 36.60781839951713))"
9E,2019-06-29 01:55:00+00:00,2019-06-29 03:55:00+00:00,0.0,38000.0,"POLYGON ((-78.63029664222483 29.27709787387556, -78.74418212207864 28.30571205617317, -83.99087710633145 26.098574124334636, -85.21964188647294 28.552661215843553, -78.63029664222483 29.27709787387556))"
12E,2019-06-29 01:55:00+00:00,2019-06-29 03:55:00+00:00,0.0,34000.0,"POLYGON ((-76.34992582273304 41.73704900914087, -75.74365859534694 41.290691116256944, -76.30396274671209 41.04889036797204, -77.1522068867185 41.25243034052148, -76.34992582273304 41.73704900914087))"
7C,2019-06-29 01:55:00+00:00,2019-06-29 03:55:00+00:00,0.0,41000.0,"POLYGON ((-91.7205539887606 33.75690605281194, -91.19780842575304 33.13828250950137, -92.04 33.01910686720918, -92.51036651765348 33.72090384528462, -91.7205539887606 33.75690605281194))"
9C,2019-06-29 01:55:00+00:00,2019-06-29 03:55:00+00:00,0.0,45000.0,"POLYGON ((-93.21729669720771 31.00334123033534, -91.66650633665593 29.710963116014522, -92.60016230244482 29.063081009224742, -93.82492057551916 30.838570209934346, -93.21729669720771 31.00334123033534))"
8W,2019-06-29 01:55:00+00:00,2019-06-29 03:55:00+00:00,0.0,30000.0,"POLYGON ((-113.69500976832612 48.97751581819096, -113.30737534249651 47.61846745412936, -118.51153752282393 48.144853272438176, -118.7334168722227 48.892700831906275, -113.69500976832612 48.97751581819096))"
NOVEMBER 6,2019-06-29 02:14:00+00:00,2019-06-29 06:15:00+00:00,0.0,54000.0,"POLYGON ((130 16.3, 133.1 16.2, 130 12.4, 130 16.3))"
16C,2019-06-29 02:55:00+00:00,2019-06-29 04:55:00+00:00,,,"POLYGON ((-103.5970924763632 37.24304436107619, -104.9206969316519 36.46455852280629, -104.9402085160564 36.44957141172975, -106.4501128907251 34.96088739255963, -104.8193030683481 36.29216570252562, -103.4956986130593 37.07065154079553, -106.3096958586123 34.81846879443204, -104.7997914839436 36.30715281360216, -103.5970924763632 37.24304436107619))"
17E,2019-06-29 02:55:00+00:00,2019-06-29 04:55:00+00:00,0.0,45000.0,"POLYGON ((-83.84633393658177 32.289148575512534, -81.65291842358704 27.87181101652314, -82.6652512155373 27.502179721644577, -85.13922346030412 31.65718826241764, -83.84633393658177 32.289148575512534))"
18C,2019-06-29 02:55:00+00:00,2019-06-29 04:55:00+00:00,0.0,45000.0,"POLYGON ((-93.7709387810133 34.98006373027597, -92.60726713964709 33.52706180546098, -93.59034705745859 33.34310067429865, -94.27 34.66714530289552, -93.7709387810133 34.98006373027597))"
14C,2019-06-29 02:55:00+00:00,2019-06-29 04:55:00+00:00,0.0,30000.0,"POLYGON ((-89.22788316594563 30.124378544196716, -88.67961080880822 30.061777665082957, -88.72985132157041 28.67510466823671, -89.33715871277244 28.901214185428316, -89.22788316594563 30.124378544196716))"
10W,2019-06-29 02:55:00+00:00,2019-06-29 04:55:00+00:00,0.0,34000.0,"POLYGON ((-106.67631384591898 39.03910554319362, -107.04 38.45, -107.72010383582422 38.226731840262126, -108.10410561633866 38.836688501779705, -106.67631384591898 39.03910554319362))"
11W,2019-06-29 02:55:00+00:00,2019-06-29 04:55:00+00:00,0.0,45000.0,"POLYGON ((-107.01882940657728 48.83847131179248, -106.91248378137499 48.66908829021023, -109.68272580017411 46.92981645116201, -109.7890714253764 47.09919947274426, -107.01882940657728 48.83847131179248))"
20E,2019-06-29 02:55:00+00:00,2019-06-29 04:55:00+00:00,0.0,37000.0,"POLYGON ((-82.63738286037945 39.21899598136912, -82.03 38.75, -82.51360585552601 37.826768434109006, -83.91150595684472 38.76267480859985, -82.63738286037945 39.21899598136912))"
16E,2019-06-29 02:55:00+00:00,2019-06-29 04:55:00+00:00,0.0,44000.0,"POLYGON ((-78.98651900960778 25.79427881205052, -79.444141645063 23.953169938557586, -80.62095753929755 24.139753076510644, -78.98651900960778 25.79427881205052))"
18E,2019-06-29 02:55:00+00:00,2019-06-29 04:55:00+00:00,0.0,36000.0,"POLYGON ((-76.34992582273304 41.73704900914087, -75.65973315914441 41.444676720147534, -76.30396274671209 41.04889036797204, -77.1522068867185 41.25243034052148, -76.34992582273304 41.73704900914087))"
19E,2019-06-29 02:55:00+00:00,2019-06-29 04:55:00+00:00,0.0,34000.0,"POLYGON ((-81.02566614472185 41.081800371706905, -78.83 40.32, -79.07881590267706 39.8586178798344, -82.42416086775295 39.84247168426913, -81.02566614472185 41.081800371706905))"
17C,2019-06-29 02:55:00+00:00,2019-06-29 04:55:00+00:00,0.0,41000.0,"POLYGON ((-105.18825547586756 40.440714055730105, -104.35475692003588 39.57431816562268, -104.51128826793818 38.4436768561746, -105.41344253430755 38.604236742272775, -105.18825547586756 40.440714055730105))"
15C,2019-06-29 02:55:00+00:00,2019-06-29 04:55:00+00:00,0.0,45000.0,"POLYGON ((-92.962298581276 30.447327082863428, -92.11315947382785 29.771633406869384, -93.11 28.80904835410886, -94.17227936058497 29.753723960894575, -92.962298581276 30.447327082863428))"
13C,2019-06-29 02:55:00+00:00,2019-06-29 04:55:00+00:00,0.0,41000.0,"POLYGON ((-91.39029749032743 33.8370566438334, -91.01373541497497 32.745037359051025, -91.85758413769496 32.583535028416115, -92.4578664434295 33.494962870291, -91.39029749032743 33.8370566438334))"
9W,2019-06-29 02:55:00+00:00,2019-06-29 04:55:00+00:00,0.0,39000.0,"POLYGON ((-108.80354278705845 33.19140992094782, -105.82586201178272 32.74142412847217, -107.88757261239904 32.04441505816215, -109.62407564035576 32.396811210894214, -108.80354278705845 33.19140992094782))"
12W,2019-06-29 02:55:00+00:00,2019-06-29 04:55:00+00:00,0.0,35000.0,"POLYGON ((-115.65 47.626368955736396, -114.96018612549624 46.98735564428546, -118.25305173048471 44.070611671082986, -119.10194685103438 44.45068491437497, -115.65 47.626368955736396))"
INDIA 6,2019-06-29 03:15:00+00:00,2019-06-29 07:15:00+00:00,0.0,46000.0,"POLYGON ((-78.55 27, -76.25 27, -76.3 23.05, -79 24.45, -78.55 27))"
21E,2019-06-29 03:55:00+00:00,2019-06-29 05:55:00+00:00,0.0,44000.0,"POLYGON ((-80.64624863662536 24.998145904078207, -79.61218367772678 24.329256244296257, -81.35176642716975 24.180429518358576, -80.64624863662536 24.998145904078207))"
21C,2019-06-29 03:55:00+00:00,2019-06-29 05:55:00+00:00,0.0,45000.0,"POLYGON ((-103.44317782330585 36.9453645562351, -103.34194697947241 36.77287595876626, -105.15759174388661 35.70730261478559, -105.25882258772005 35.87979121225443, -103.44317782330585 36.9453645562351))"
22C,2019-06-29 03:55:00+00:00,2019-06-29 05:55:00+00:00,0.0,41000.0,"POLYGON ((-105.00830999016287 39.9201295470629, -104.39463204142105 39.60524311366474, -104.43 38.868283757683564, -105.0871739204648 39.007815378049955, -105.00830999016287 39.9201295470629))"
14W,2019-06-29 03:55:00+00:00,2019-06-29 05:55:00+00:00,0.0,45000.0,"POLYGON ((-107.12592778504752 48.95293860165217, -106.97544291140245 48.8212028707208, -108.28084718336295 47.33000837449062, -108.43133205700802 47.461744105421985, -107.12592778504752 48.95293860165217))"
13W,2019-06-29 03:55:00+00:00,2019-06-29 05:55:00+00:00,0.0,39000.0,"POLYGON ((-108.07630881379322 33.00083517865622, -106.91443824443925 32.972783332743006, -107.61 31.701716242316422, -108.62968056624534 32.04713455923546, -108.07630881379322 33.00083517865622))"
22E,2019-06-29 03:55:00+00:00,2019-06-29 05:55:00+00:00,0.0,45000.0,"POLYGON ((-83.74714940817547 31.849851312657627, -83.57932058682388 29.40795004758333, -84.10663405095258 29.213816273932444, -85.26726069029438 31.656276482818313, -83.74714940817547 31.849851312657627))"
19C,2019-06-29 03:55:00+00:00,2019-06-29 05:55:00+00:00,0.0,45000.0,"POLYGON ((-94.27 34.55815522131803, -91.0776578338752 33.45744597813521, -91.64539032837386 32.519384013702165, -94.07 33.51, -94.27 34.55815522131803))"
20C,2019-06-29 03:55:00+00:00,2019-06-29 05:55:00+00:00,0.0,45000.0,"POLYGON ((-93.11 29.47452417705443, -92.52820526904637 28.909078579739848, -93.11 28.476310442636077, -93.61983769755517 29.063081009224742, -93.11 29.47452417705443))"
KILO 1,2019-06-29 04:15:00+00:00,2019-06-29 08:15:00+00:00,0.0,42000.0,"POLYGON ((-84.45 28, -85 24, -86.3 24.15, -89.3 27.45, -84.45 28))"
ALFA 1,2019-06-29 04:30:00+00:00,2019-06-29 08:30:00+00:00,0.0,50000.0,"POLYGON ((-130 12.45, -127.15 9.45, -127.45 9, -132.15 9, -134 11, -130 12.45))"
27C,2019-06-29 04:55:00+00:00,2019-06-29 06:55:00+00:00,,,"POLYGON ((-106.5734463475222 48.52574809967119, -106.3042704345728 48.24769785869169, -106.4090356132425 47.97749818850139, -106.6865536524778 48.36080344966497, -106.4540609299984 48.2013764827373, -106.5955092991381 48.04980008659882, -106.4907441204684 48.31999975678912, -106.3409536250428 48.36632113274351, -106.5734463475222 48.52574809967119))"
27E,2019-06-29 04:55:00+00:00,2019-06-29 06:55:00+00:00,0.0,43000.0,"POLYGON ((-79.34544335469818 42.59047853527242, -78.98180363194531 42.29214424021817, -79.65938865835997 42.02275994601924, -80.01390531605948 42.22412400119316, -79.34544335469818 42.59047853527242))"
23E,2019-06-29 04:55:00+00:00,2019-06-29 06:55:00+00:00,0.0,37000.0,"POLYGON ((-81.46190070477357 24.896303277486943, -80.64624863662536 24.998145904078207, -80.92100717548469 24.255503404830634, -81.8 24.15628718173732, -81.46190070477357 24.896303277486943))"
25C,2019-06-29 04:55:00+00:00,2019-06-29 06:55:00+00:00,0.0,45000.0,"POLYGON ((-103.32390041442756 36.7254139719943, -103.18980044783244 35.98070764706325, -105.14 35.22628718173731, -105.39228525391587 35.864191335870196, -103.32390041442756 36.7254139719943))"
23C,2019-06-29 04:55:00+00:00,2019-06-29 06:55:00+00:00,0.0,45000.0,"POLYGON ((-94.07000000000001 33.94371281826268, -90.7678423419095 33.050135283721644, -91.55724564216146 32.11016899973447, -94.05371217151682 32.97421838833392, -94.07000000000001 33.94371281826268))"
26E,2019-06-29 04:55:00+00:00,2019-06-29 06:55:00+00:00,0.0,38000.0,"POLYGON ((-81.21790014902282 41.88883991015347, -81.03333094064978 41.16243949532986, -82.46310661243255 41.227369939608515, -82.26074809124734 41.5466036890189, -81.21790014902282 41.88883991015347))"
24E,2019-06-29 04:55:00+00:00,2019-06-29 06:55:00+00:00,0.0,45000.0,"POLYGON ((-83.74714940817547 31.849851312657627, -83.80703713433742 29.928314528563, -84.35 29.568155221318033, -85.94685617538487 31.450926878077023, -83.74714940817547 31.849851312657627))"
25E,2019-06-29 04:55:00+00:00,2019-06-29 06:55:00+00:00,0.0,45000.0,"POLYGON ((-84.93326234313339 29.169065141989194, -85.50351159900647 27.88122105023299, -86.68 28.00172775248132, -86.68 28.833572531163288, -84.93326234313339 29.169065141989194))"
24C,2019-06-29 04:55:00+00:00,2019-06-29 06:55:00+00:00,0.0,45000.0,"POLYGON ((-92.60016230244482 29.063081009224742, -92.24249119671636 28.292691090479412, -93.11 28.30994148689969, -93.76353843840683 28.75503802079858, -92.60016230244482 29.063081009224742))"
26C,2019-06-29 04:55:00+00:00,2019-06-29 06:55:00+00:00,0.0,43000.0,"POLYGON ((-104.96733966769006 40.04487655413267, -104.0102780194999 39.80818818852272, -104.12925898880793 38.524897949888825, -104.88184749084601 38.64205730813107, -104.96733966769006 40.04487655413267))"
16W,2019-06-29 04:55:00+00:00,2019-06-29 06:55:00+00:00,0.0,26000.0,"POLYGON ((-114.18 48.70910686720918, -113.64673399523836 48.561695066974586, -114.46406059160829 47.74853321234951, -115.09799222756651 47.95166600548003, -114.18 48.70910686720918))"
15W,2019-06-29 04:55:00+00:00,2019-06-29 06:55:00+00:00,0.0,41000.0,"POLYGON ((-108.3102850733341 32.86627297652416, -106.88074773996424 32.53257209531643, -107.61 31.61452417705443, -108.8866567656989 31.5009258171691, -108.3102850733341 32.86627297652416))"
NOVEMBER 7,2019-06-29 05:54:00+00:00,2019-06-29 09:55:00+00:00,0.0,58000.0,"POLYGON ((130 17.2, 131.5 17, 132.3 10.4, 130 12.1, 130 17.2))"
29E,2019-06-29 05:55:00+00:00,2019-06-29 07:55:00+00:00,0.0,45000.0,"POLYGON ((-83.65000000000002 32.11171624231641, -84.11345000039388 30.195332677151505, -84.96802379938495 30.177245489704976, -85.59983312185356 31.60459384869084, -83.65000000000002 32.11171624231641))"
30E,2019-06-29 05:55:00+00:00,2019-06-29 07:55:00+00:00,0.0,45000.0,"POLYGON ((-85.7356046073213 30.008756663212363, -84.8576514431711 29.33048925226135, -86.68 28.950577787528363, -86.68 29.384290605791055, -85.7356046073213 30.008756663212363))"
32E,2019-06-29 05:55:00+00:00,2019-06-29 07:55:00+00:00,0.0,37000.0,"POLYGON ((-78.80047078953814 42.662768940527485, -78.72975658498014 42.189338699515176, -79.25775009556735 42.08769043281364, -79.53593722603625 42.49593220675092, -78.80047078953814 42.662768940527485))"
33E,2019-06-29 05:55:00+00:00,2019-06-29 07:55:00+00:00,0.0,34000.0,"POLYGON ((-68.68250920130092 46.35955457089153, -67.83 46.04, -68.31340798392895 45.58981381130641, -68.9606563311237 45.895837348624404, -68.68250920130092 46.35955457089153))"
30C,2019-06-29 05:55:00+00:00,2019-06-29 07:55:00+00:00,0.0,40000.0,"POLYGON ((-104.26253670258633 39.50263913663032, -104.28850236044659 38.55704743528232, -104.82239378685857 38.5960290795978, -104.87481553840584 39.409102956380764, -104.26253670258633 39.50263913663032))"
29C,2019-06-29 05:55:00+00:00,2019-06-29 07:55:00+00:00,0.0,45000.0,"POLYGON ((-103.6 36.68171624231642, -103.6 35.61371281826268, -104.9367380319867 35.259130531307925, -105.30450483540413 35.71521307125137, -103.6 36.68171624231642))"
17W,2019-06-29 05:55:00+00:00,2019-06-29 07:55:00+00:00,0.0,40000.0,"POLYGON ((-108.57608806155648 32.26815730208686, -107.76788624376454 32.22457686436768, -107.99921606535376 31.478005513246988, -109.26 31.547145302895533, -108.57608806155648 32.26815730208686))"
31E,2019-06-29 05:55:00+00:00,2019-06-29 07:55:00+00:00,0.0,39000.0,"POLYGON ((-79.87538161388615 42.14658812612753, -79.5054968804661 41.42911160122948, -81.18443094897573 41.41808216325431, -81.21790014902282 41.88883991015347, -79.87538161388615 42.14658812612753))"
34E,2019-06-29 05:55:00+00:00,2019-06-29 07:55:00+00:00,0.0,43000.0,"POLYGON ((-80.41962987995191 31.569920933761267, -80.54769864257302 31.159962613839394, -81.80695552770243 30.954484094797632, -81.72919051087233 31.537628073776222, -80.41962987995191 31.569920933761267))"
28E,2019-06-29 05:55:00+00:00,2019-06-29 07:55:00+00:00,0.0,43000.0,"POLYGON ((-79.69379427792553 27.032371714733443, -80.56141325127675 25.1849103249004, -82.64302907886804 24.269323624401174, -82.29442045715412 25.66512301368773, -79.69379427792553 27.032371714733443))"
28C,2019-06-29 05:55:00+00:00,2019-06-29 07:55:00+00:00,0.0,45000.0,"POLYGON ((-94.07000000000001 34.00910686720917, -92.18734790595039 33.44977821270282, -92.20011788224372 31.8744716170871, -94.20571423160351 32.76937806789193, -94.07000000000001 34.00910686720917))"
31C,2019-06-29 05:55:00+00:00,2019-06-29 07:55:00+00:00,0.0,45000.0,"POLYGON ((-104.16307404340697 49.070774411352, -104.72472114564162 47.8259575261039, -105.93017489047317 47.7472997661736, -106.63 49.05184477868196, -104.16307404340697 49.070774411352))"
37E,2019-06-29 06:55:00+00:00,2019-06-29 08:55:00+00:00,0.0,45000.0,"POLYGON ((-86.29660123866152 30.028038465582657, -85.17364922592283 29.681826095438794, -85.98181874002594 29.358899501781377, -86.68 29.528861545211946, -86.29660123866152 30.028038465582657))"
40E,2019-06-29 06:55:00+00:00,2019-06-29 08:55:00+00:00,0.0,43000.0,"POLYGON ((-87.65093789156711 30.11470971945061, -87.12669200303864 29.89427044895461, -87.31555886265785 29.492786588926627, -87.85069193788175 29.660476257162006, -87.65093789156711 30.11470971945061))"
39E,2019-06-29 06:55:00+00:00,2019-06-29 08:55:00+00:00,0.0,31000.0,"POLYGON ((-78.42477837492386 42.529079976914915, -78.2679898714206 42.04388178914649, -78.84494376232313 41.985216662428414, -79.12 42.334570939420885, -78.42477837492386 42.529079976914915))"
38E,2019-06-29 06:55:00+00:00,2019-06-29 08:55:00+00:00,0.0,37000.0,"POLYGON ((-79.70536001940974 42.18851208758495, -79.12 41.467145302895524, -80.75377302228652 41.23763620947404, -81.43908500834691 41.72595225056131, -79.70536001940974 42.18851208758495))"
34C,2019-06-29 06:55:00+00:00,2019-06-29 08:55:00+00:00,0.0,35000.0,"POLYGON ((-105.02105708707954 34.140753743513, -104.95369150650622 34.007385319675436, -105.31219384556393 33.33808015740791, -105.65827169731206 33.33568045950994, -105.02105708707954 34.140753743513))"
35C,2019-06-29 06:55:00+00:00,2019-06-29 08:55:00+00:00,0.0,45000.0,"POLYGON ((-105.69825774824345 48.829631653114035, -103.58 48.87285469710447, -103.73291736727175 48.047671345887274, -105.43502487791699 47.88182937312024, -105.69825774824345 48.829631653114035))"
33C,2019-06-29 06:55:00+00:00,2019-06-29 08:55:00+00:00,0.0,41000.0,"POLYGON ((-104.36404958541631 36.08002142936282, -104.30750203446762 35.17794293723898, -104.8694312360229 35.125432174486996, -105.00335605047397 35.927055177535266, -104.36404958541631 36.08002142936282))"
18W,2019-06-29 06:55:00+00:00,2019-06-29 08:55:00+00:00,0.0,32000.0,"POLYGON ((-108.62968056624534 32.04713455923546, -107.85128604793347 32.075316336882956, -107.99921606535376 31.478005513246988, -109.26 31.547145302895533, -108.62968056624534 32.04713455923546))"
19W,2019-06-29 06:55:00+00:00,2019-06-29 08:55:00+00:00,0.0,32000.0,"POLYGON ((-109.61591226572051 48.43766994626575, -109.3095936774094 48.232396758364686, -109.7522590880759 47.069803927653105, -110.6232738226954 47.226001419544424, -109.61591226572051 48.43766994626575))"
35E,2019-06-29 06:55:00+00:00,2019-06-29 08:55:00+00:00,0.0,45000.0,"POLYGON ((-80.0927484647581 27.32651203576478, -79.53142368096782 26.678907617793083, -82.16592315664077 24.58955786045237, -82.71166105579938 25.41072961911324, -80.0927484647581 27.32651203576478))"
36E,2019-06-29 06:55:00+00:00,2019-06-29 08:55:00+00:00,0.0,42000.0,"POLYGON ((-83.42421436265505 32.2286829735026, -83.56966379032643 31.403309752157494, -85.24393305174831 30.715289850329363, -86.02098960612913 31.604828217834875, -83.42421436265505 32.2286829735026))"
32C,2019-06-29 06:55:00+00:00,2019-06-29 08:55:00+00:00,0.0,45000.0,"POLYGON ((-94.07000000000001 34.00910686720917, -91.9006660537423 32.4022825676159, -92.9144132494033 31.612257300462456, -94.86811837570964 33.50744113003469, -94.07000000000001 34.00910686720917))"
KILO 2,2019-06-29 07:45:00+00:00,2019-06-29 11:45:00+00:00,0.0,40000.0,"POLYGON ((-86.3 26.3, -85.45 25.45, -86.15 24, -87.45 24.3, -86.3 26.3))"
42E,2019-06-29 07:55:00+00:00,2019-06-29 09:55:00+00:00,0.0,36000.0,"POLYGON ((-80.25955398016605 27.47535525185575, -79.86077151576835 26.884270109602618, -80.38867342740315 26.569037969393626, -80.73868954086315 27.14551369315965, -80.25955398016605 27.47535525185575))"
44E,2019-06-29 07:55:00+00:00,2019-06-29 09:55:00+00:00,0.0,36000.0,"POLYGON ((-78.78938762417602 42.8276882687985, -79.12 41.467145302895524, -79.91514501400648 41.36389088895948, -79.67548638195683 42.597573647475514, -78.78938762417602 42.8276882687985))"
38C,2019-06-29 07:55:00+00:00,2019-06-29 09:55:00+00:00,0.0,45000.0,"POLYGON ((-101.7110222314183 48.92706965712757, -104.03845758273185 46.85299364413332, -105.62603899710729 46.91381026975111, -104.37731400597998 47.92593454542796, -104.08545799089904 48.950301552192535, -101.7110222314183 48.92706965712757))"
37C,2019-06-29 07:55:00+00:00,2019-06-29 09:55:00+00:00,0.0,45000.0,"POLYGON ((-105.48368012446501 34.05260664690216, -105.23544883523087 33.84961986030723, -105.57561145039462 33.004388337329445, -106.5882822719391 33.27808453290371, -105.48368012446501 34.05260664690216))"
41E,2019-06-29 07:55:00+00:00,2019-06-29 09:55:00+00:00,0.0,45000.0,"POLYGON ((-82.12320847320805 26.402256074635797, -81.37674800908502 25.511635231589047, -82.71479658550999 24.587236694214244, -83.48844103885673 25.883174257129554, -82.12320847320805 26.402256074635797))"
43E,2019-06-29 07:55:00+00:00,2019-06-29 09:55:00+00:00,0.0,45000.0,"POLYGON ((-86.38530161259438 30.21484687132116, -85.72911489226969 30.003041815754777, -86.68 29.33267939837246, -87.26573242780971 29.59904276773545, -86.38530161259438 30.21484687132116))"
36C,2019-06-29 07:55:00+00:00,2019-06-29 09:55:00+00:00,0.0,45000.0,"POLYGON ((-93.83969361365506 33.97090183154191, -91.88950219180137 32.21250060317271, -92.7745568091543 31.02442689702429, -95.13037065273018 33.18795387845657, -93.83969361365506 33.97090183154191))"
20W,2019-06-29 07:55:00+00:00,2019-06-29 09:55:00+00:00,0.0,35000.0,"POLYGON ((-109.51872510762415 48.53972660344245, -108.8460928274471 48.28162337754731, -109.54 47.07, -110.21943050893415 47.25899604763327, -109.51872510762415 48.53972660344245))"
ALFA 2,2019-06-29 08:00:00+00:00,2019-06-29 12:00:00+00:00,0.0,50000.0,"POLYGON ((-129.45 13, -129.3 9.15, -132.3 7.3, -134.15 10.45, -129.45 13))"
50E,2019-06-29 08:55:00+00:00,2019-06-29 10:55:00+00:00,0.0,45000.0,"POLYGON ((-79.90358992038874 27.080576602942866, -79.49091178288226 26.90004226192626, -79.90489555304684 26.27918178134278, -80.25179776514963 26.67990834546578, -79.90358992038874 27.080576602942866))"
49E,2019-06-29 08:55:00+00:00,2019-06-29 10:55:00+00:00,0.0,30000.0,"POLYGON ((-71.30037505118955 43.01520459721133, -70.99 42.64914187884179, -71.38129746723308 42.35933474572189, -71.88104809608346 42.685338655820686, -71.30037505118955 43.01520459721133))"
41C,2019-06-29 08:55:00+00:00,2019-06-29 10:55:00+00:00,0.0,45000.0,"POLYGON ((-103.58 48.87285469710447, -101.62592412786287 48.79377911405973, -102.28767600671551 47.979043166010314, -103.35780971616487 47.0244735386245, -105.37880716133958 47.31355819729411, -103.58 48.87285469710447))"
40C,2019-06-29 08:55:00+00:00,2019-06-29 10:55:00+00:00,0.0,45000.0,"POLYGON ((-105.48368012446501 34.05260664690216, -105.23544883523087 33.84961986030723, -106.16658666027045 32.887757936897934, -106.5882822719391 33.27808453290371, -105.48368012446501 34.05260664690216))"
46E,2019-06-29 08:55:00+00:00,2019-06-29 10:55:00+00:00,0.0,45000.0,"POLYGON ((-80.43725182003493 30.71762234720427, -78.44146809343414 30.228466654828352, -78.24894546662576 29.26951133538124, -80.97466831106385 30.529909732491703, -80.43725182003493 30.71762234720427))"
47E,2019-06-29 08:55:00+00:00,2019-06-29 10:55:00+00:00,0.0,45000.0,"POLYGON ((-86.4586274906419 30.36869713081615, -85.86397386026239 30.121598034629237, -86.68 29.33267939837246, -87.19331025105335 29.75305350671482, -86.4586274906419 30.36869713081615))"
48E,2019-06-29 08:55:00+00:00,2019-06-29 10:55:00+00:00,0.0,41000.0,"POLYGON ((-79.46710336023891 42.804299384251955, -78.47695395714598 42.62245953787152, -78.43034429202278 40.91916249754871, -79.18944662800578 41.14384860094373, -79.46710336023891 42.804299384251955))"
45E,2019-06-29 08:55:00+00:00,2019-06-29 10:55:00+00:00,0.0,45000.0,"POLYGON ((-82.5237888801068 26.52807065944123, -81.78 25.698155221318043, -82.64732656347714 24.905958970233517, -83.48844103885673 25.883174257129554, -82.5237888801068 26.52807065944123))"
39C,2019-06-29 08:55:00+00:00,2019-06-29 10:55:00+00:00,0.0,45000.0,"POLYGON ((-93.83969361365506 33.97090183154191, -92.04 31.854524177054437, -93.21729669720771 31.00334123033534, -95.13037065273018 33.18795387845657, -93.83969361365506 33.97090183154191))"
21W,2019-06-29 08:55:00+00:00,2019-06-29 10:55:00+00:00,0.0,38000.0,"POLYGON ((-109.01619703536223 48.53753949796674, -108.61658641905832 48.215879100801004, -109.31406055806558 47.13344467093753, -110.06161402219364 47.421743360735604, -109.01619703536223 48.53753949796674))"
NOVEMBER 8,2019-06-29 09:24:00+00:00,2019-06-29 13:25:00+00:00,0.0,59000.0,"POLYGON ((130 18, 131.4 17.5, 132.3 12, 130 12.1, 130 18))"
55E,2019-06-29 09:55:00+00:00,2019-06-29 11:55:00+00:00,0.0,45000.0,"POLYGON ((-80.28 24.78800342405374, -79.61218367772678 24.329256244296257, -81.06718252991264 24.311604573650797, -81.32303210157941 24.5892487959576, -80.28 24.78800342405374))"
57E,2019-06-29 09:55:00+00:00,2019-06-29 11:55:00+00:00,0.0,36000.0,"POLYGON ((-70.76393908485448 42.76047721569346, -70.40305897742152 42.35850319174918, -71.70479272289093 41.92412746781481, -72.13672800429408 42.347585349798685, -70.76393908485448 42.76047721569346))"
56E,2019-06-29 09:55:00+00:00,2019-06-29 11:55:00+00:00,0.0,42000.0,"POLYGON ((-79.19578598123849 42.76272676686376, -77.14307549021208 42.12041726406288, -77.79148360824763 41.565186950706945, -79.25819636805468 42.29214424021817, -79.19578598123849 42.76272676686376))"
46C,2019-06-29 09:55:00+00:00,2019-06-29 11:55:00+00:00,0.0,45000.0,"POLYGON ((-90.71 41.82171624231643, -89.8118139076249 41.56048637975372, -91.24429838351911 40.85158671350324, -91.61 41.086287181737326, -90.71 41.82171624231643))"
53E,2019-06-29 09:55:00+00:00,2019-06-29 11:55:00+00:00,0.0,38000.0,"POLYGON ((-84.10663405095258 29.213816273932444, -83.48538984229353 28.67706062448368, -85.60743254375953 26.796796401847086, -86.68 27.83535879674493, -84.10663405095258 29.213816273932444))"
52E,2019-06-29 09:55:00+00:00,2019-06-29 11:55:00+00:00,0.0,45000.0,"POLYGON ((-80.68617845248335 31.04326247893941, -78.44146809343414 30.228466654828352, -79.20241947668596 29.286447168852742, -81.15334387111835 30.46684937365633, -80.68617845248335 31.04326247893941))"
54E,2019-06-29 09:55:00+00:00,2019-06-29 11:55:00+00:00,0.0,45000.0,"POLYGON ((-78.98711815426667 27.67189156830133, -78.36017565993521 27.306171963528065, -80.018842671734 26.526277407157078, -80.30463170816225 27.14095313134864, -78.98711815426667 27.67189156830133))"
51E,2019-06-29 09:55:00+00:00,2019-06-29 11:55:00+00:00,0.0,45000.0,"POLYGON ((-82.46870512559029 26.783011200950792, -81.5185413473914 25.204557169736276, -82.89774879654998 24.586020889740663, -83.48844103885673 25.883174257129554, -82.46870512559029 26.783011200950792))"
44C,2019-06-29 09:55:00+00:00,2019-06-29 11:55:00+00:00,0.0,45000.0,"POLYGON ((-103.09559258107677 48.91751796511705, -100.21495089866578 48.960884473654744, -100.79021405798692 48.2589171360993, -103.58 47.48452417705443, -104.79476056601548 47.32004095002691, -103.09559258107677 48.91751796511705))"
45C,2019-06-29 09:55:00+00:00,2019-06-29 11:55:00+00:00,0.0,38000.0,"POLYGON ((-107.11508755524589 48.98751545986747, -104.06440741892322 48.917517965117064, -105.38160397298235 48.21324207865482, -107.37907980104599 48.217567018203326, -107.11508755524589 48.98751545986747))"
42C,2019-06-29 09:55:00+00:00,2019-06-29 11:55:00+00:00,0.0,45000.0,"POLYGON ((-93.60687825211451 34.43136999957722, -92.04 31.854524177054437, -93.65674318865123 30.6094298263139, -95.05376835309352 33.03445552378545, -93.60687825211451 34.43136999957722))"
43C,2019-06-29 09:55:00+00:00,2019-06-29 11:55:00+00:00,0.0,35000.0,"POLYGON ((-105.51306097741063 34.58731414635763, -105.16019368043676 34.41476845635759, -105.88703939923465 33.27223202988416, -106.48399071458903 33.27746338515003, -105.51306097741063 34.58731414635763))"
LIMA 1,2019-06-29 10:15:00+00:00,2019-06-29 14:15:00+00:00,0.0,45000.0,"POLYGON ((-67.3 32, -56.15 31.3, -60.3 27.45, -67.45 31, -67.3 32))"
63E,2019-06-29 10:55:00+00:00,2019-06-29 12:55:00+00:00,0.0,36000.0,"POLYGON ((-78.72539784424782 42.79640909512628, -77.92294296134618 42.706394787056, -77.97 42.08828375768357, -79.04517140276934 42.32354184834006, -78.72539784424782 42.79640909512628))"
65E,2019-06-29 10:55:00+00:00,2019-06-29 12:55:00+00:00,0.0,45000.0,"POLYGON ((-81.47726083915406 42.08723275832972, -81.30124460692286 41.82760939543447, -82.23558155707873 41.419356345770964, -82.38571366452483 41.58473405619847, -81.47726083915406 42.08723275832972))"
61E,2019-06-29 10:55:00+00:00,2019-06-29 12:55:00+00:00,0.0,45000.0,"POLYGON ((-79.34725147514553 27.675312023443272, -78.5879179705453 27.225337714382924, -80.02815498299967 26.546420481979236, -80.30325783994633 27.27917651678932, -79.34725147514553 27.675312023443272))"
64E,2019-06-29 10:55:00+00:00,2019-06-29 12:55:00+00:00,0.0,37000.0,"POLYGON ((-70.57292716998424 42.665927715050316, -70.20742163548539 42.35733904208581, -71.29282264129644 41.82214559727048, -72.13672800429408 42.347585349798685, -70.57292716998424 42.665927715050316))"
50C,2019-06-29 10:55:00+00:00,2019-06-29 12:55:00+00:00,0.0,32000.0,"POLYGON ((-105.54077043647743 48.93049851261048, -104.00009759012434 48.81707262039214, -104.58634611401273 48.42224947234064, -105.62226540937768 48.492238660365665, -105.54077043647743 48.93049851261048))"
47C,2019-06-29 10:55:00+00:00,2019-06-29 12:55:00+00:00,0.0,45000.0,"POLYGON ((-93.93345148548069 34.72170140457218, -92.3436580599934 31.315230290109554, -93.61151419916284 30.13904690905821, -94.52521549106514 31.560551852467576, -94.43912639818785 33.81613440773151, -93.93345148548069 34.72170140457218))"
51C,2019-06-29 10:55:00+00:00,2019-06-29 12:55:00+00:00,0.0,45000.0,"POLYGON ((-90.412843688516 41.86534982814732, -89.59 41.44914187884178, -90.79847420588166 40.903769656733836, -91.61 41.086287181737326, -90.412843688516 41.86534982814732))"
60E,2019-06-29 10:55:00+00:00,2019-06-29 12:55:00+00:00,0.0,45000.0,"POLYGON ((-84.35 29.73452417705442, -83.41336464591623 28.830980964979066, -84.93895341632934 27.89157954242784, -86.68 28.168096708217718, -84.35 29.73452417705442))"
59E,2019-06-29 10:55:00+00:00,2019-06-29 12:55:00+00:00,0.0,45000.0,"POLYGON ((-80.58964575885813 31.082999404695936, -78.26180803897103 30.28843962988686, -78.8209924521177 29.280485096039094, -81.51 30.672737911472797, -80.58964575885813 31.082999404695936))"
58E,2019-06-29 10:55:00+00:00,2019-06-29 12:55:00+00:00,0.0,45000.0,"POLYGON ((-82.17325249751944 26.17653939656358, -81.37674800908502 25.511635231589047, -83.26364094710507 24.582926252780663, -83.49897002959062 25.217107218672528, -82.17325249751944 26.17653939656358))"
62E,2019-06-29 10:55:00+00:00,2019-06-29 12:55:00+00:00,0.0,45000.0,"POLYGON ((-80.28 24.96815522131804, -79.58173747224515 24.261294029606137, -82.05826317622365 24.354498769588655, -81.94037902966744 24.89734458233867, -80.28 24.96815522131804))"
66E,2019-06-29 10:55:00+00:00,2019-06-29 12:55:00+00:00,0.0,41000.0,"POLYGON ((-87.36084317142596 30.240016139093544, -87.41633500875962 28.728421947234096, -88.36 29.39904835410886, -88.1388533192434 30.268697876454265, -87.36084317142596 30.240016139093544))"
48C,2019-06-29 10:55:00+00:00,2019-06-29 12:55:00+00:00,0.0,40000.0,"POLYGON ((-94.28961956858002 29.57375484141141, -93.54766539449795 29.217044952265425, -93.83507074762302 28.600959686264062, -94.60210031691264 28.74926306491474, -94.28961956858002 29.57375484141141))"
49C,2019-06-29 10:55:00+00:00,2019-06-29 12:55:00+00:00,0.0,45000.0,"POLYGON ((-102.99692595659302 49.070774411352, -100.03284974959872 49.076714383174505, -100.93821256327632 48.024180466559066, -102.88111427192243 47.67730498067719, -103.86373365607824 47.68853394889039, -102.99692595659302 49.070774411352))"
ALFA 3,2019-06-29 11:30:00+00:00,2019-06-29 15:30:00+00:00,0.0,50000.0,"POLYGON ((-135.45 11.3, -130.45 9, -132 7.15, -138 6.15, -138.3 8.15, -135.45 11.3))"
71E,2019-06-29 11:55:00+00:00,2019-06-29 13:55:00+00:00,0.0,40000.0,"POLYGON ((-87.27210677633968 30.317517752031666, -87.72506694391085 29.39279273508559, -88.9999165459228 29.84623205088278, -88.71564892879114 30.42283381076965, -87.27210677633968 30.317517752031666))"
74E,2019-06-29 11:55:00+00:00,2019-06-29 13:55:00+00:00,0.0,42000.0,"POLYGON ((-80.4395700882026 42.28703542037357, -80.5643249556739 41.81521861613351, -81.65720826609568 41.41983908558856, -81.99816703250335 41.68703744555595, -80.4395700882026 42.28703542037357))"
67E,2019-06-29 11:55:00+00:00,2019-06-29 13:55:00+00:00,0.0,45000.0,"POLYGON ((-83.00888629512453 26.990341522110317, -79.85317811494392 24.86441632618421, -80.36914208496101 24.5832395841016, -82.91290531342462 24.585910252644826, -83.69098303548607 26.373098682536693, -83.00888629512453 26.990341522110317))"
73E,2019-06-29 11:55:00+00:00,2019-06-29 13:55:00+00:00,0.0,42000.0,"POLYGON ((-70.6278497351143 42.47008057201256, -70.09020214976358 42.079848421698365, -70.84894052927899 41.718536435266806, -71.57694102257848 42.35850319174918, -70.6278497351143 42.47008057201256))"
75E,2019-06-29 11:55:00+00:00,2019-06-29 13:55:00+00:00,0.0,37000.0,"POLYGON ((-79.00532540463554 40.37519262305775, -78.83 40.030858121158204, -79.49535991470805 39.8069509179418, -80.06490102463158 40.017549587160815, -79.00532540463554 40.37519262305775))"
72E,2019-06-29 11:55:00+00:00,2019-06-29 13:55:00+00:00,0.0,34000.0,"POLYGON ((-75.90416021375835 42.05851885805749, -75.45746874230777 41.957690807755036, -75.61558961404003 41.5253543767109, -76.21557626995053 41.77988524160266, -75.90416021375835 42.05851885805749))"
55C,2019-06-29 11:55:00+00:00,2019-06-29 13:55:00+00:00,0.0,45000.0,"POLYGON ((-89.99926303137042 41.46595891017819, -89.59 41.44914187884178, -90.91612823554708 40.51726518646151, -91.83031563815412 41.119090631949945, -89.99926303137042 41.46595891017819))"
56C,2019-06-29 11:55:00+00:00,2019-06-29 13:55:00+00:00,0.0,43000.0,"POLYGON ((-94.74 39.0008581211582, -94.52676580338797 38.88910658418766, -94.66025565343848 38.325201941257156, -95.00154353232433 38.43486546631844, -94.74 39.0008581211582))"
52C,2019-06-29 11:55:00+00:00,2019-06-29 13:55:00+00:00,0.0,45000.0,"POLYGON ((-93.73563767879519 34.17738243076366, -91.97100574017338 30.478282393785946, -93.57256246171454 29.97321448923831, -94.52521549106514 31.560551852467576, -94.43912639818785 33.81613440773151, -93.73563767879519 34.17738243076366))"
69E,2019-06-29 11:55:00+00:00,2019-06-29 13:55:00+00:00,0.0,45000.0,"POLYGON ((-84.49716852693386 30.092507753178154, -83.75531466430532 29.34346912376784, -84.75074482758868 27.894521238324504, -86.68 28.500834619690497, -84.49716852693386 30.092507753178154))"
70E,2019-06-29 11:55:00+00:00,2019-06-29 13:55:00+00:00,0.0,45000.0,"POLYGON ((-79.95631689135558 28.149539118733205, -78.42362850705831 27.66467111678521, -78.20936936918964 25.96730958637423, -80.4506310406377 25.736233821048863, -79.95631689135558 28.149539118733205))"
68E,2019-06-29 11:55:00+00:00,2019-06-29 13:55:00+00:00,0.0,45000.0,"POLYGON ((-81.13821053819136 31.107998669914657, -78.0819286218926 30.3481669607459, -79.58388697946158 29.291325761486394, -81.7323617597083 30.80092654468214, -81.13821053819136 31.107998669914657))"
54C,2019-06-29 11:55:00+00:00,2019-06-29 13:55:00+00:00,0.0,45000.0,"POLYGON ((-99.42473861116015 48.75435851922155, -100.41653974491159 47.66846164973495, -103.05464121242382 47.795875117234395, -102.36504910133425 48.960884473654744, -99.42473861116015 48.75435851922155))"
53C,2019-06-29 11:55:00+00:00,2019-06-29 13:55:00+00:00,0.0,45000.0,"POLYGON ((-94.40727117481036 29.13316059272878, -93.61983769755517 29.063081009224742, -93.90639357049436 28.446843926913996, -94.41236419458583 28.746744861367144, -94.40727117481036 29.13316059272878))"
81E,2019-06-29 12:55:00+00:00,2019-06-29 14:55:00+00:00,0.0,34000.0,"POLYGON ((-70.44916295551431 42.19275239269639, -69.65808049199988 41.94723571433222, -70.1662451690148 41.38214684976689, -71.15520727710908 41.92412746781481, -70.44916295551431 42.19275239269639))"
80E,2019-06-29 12:55:00+00:00,2019-06-29 14:55:00+00:00,0.0,45000.0,"POLYGON ((-87.27210677633968 30.317517752031666, -87.66250245918195 29.25890691881109, -89.07909112012456 29.51485582476807, -88.71564892879114 30.42283381076965, -87.27210677633968 30.317517752031666))"
77E,2019-06-29 12:55:00+00:00,2019-06-29 14:55:00+00:00,0.0,36000.0,"POLYGON ((-80.6291321724436 31.7501817281325, -78.32622315747224 30.26697360283813, -79.41519412349672 29.897873042671513, -82.03230291485356 31.130203419340276, -80.6291321724436 31.7501817281325))"
79E,2019-06-29 12:55:00+00:00,2019-06-29 14:55:00+00:00,0.0,45000.0,"POLYGON ((-80.20078323475343 28.294518877577687, -78.74418212207864 28.30571205617317, -77.85590869253983 26.662524797668226, -80.06867079833995 25.338732925408017, -80.20078323475343 28.294518877577687))"
83E,2019-06-29 12:55:00+00:00,2019-06-29 14:55:00+00:00,0.0,45000.0,"POLYGON ((-71.71152307735538 40.72739834921586, -70.448691756351 40.510712188676514, -70.8578767157531 39.73994761723672, -72.32 40.08815522131805, -71.71152307735538 40.72739834921586))"
82E,2019-06-29 12:55:00+00:00,2019-06-29 14:55:00+00:00,0.0,42000.0,"POLYGON ((-80.03102063119144 42.480824807401675, -79.89794223117586 41.06486165522149, -81.53737376244399 41.18429476843483, -82.10653349763139 41.88083087863005, -80.03102063119144 42.480824807401675))"
78E,2019-06-29 12:55:00+00:00,2019-06-29 14:55:00+00:00,0.0,45000.0,"POLYGON ((-84.35 30.067262088527215, -83.75531466430532 29.34346912376784, -84.75074482758868 27.894521238324504, -86.68 28.00172775248132, -84.35 30.067262088527215))"
76E,2019-06-29 12:55:00+00:00,2019-06-29 14:55:00+00:00,0.0,45000.0,"POLYGON ((-82.17325249751944 26.17653939656358, -80.56141325127675 25.1849103249004, -81.86993084082431 24.436278990821055, -82.97904246070244 24.139753076510644, -83.32829517781497 25.15526690948867, -82.17325249751944 26.17653939656358))"
NOVEMBER 9,2019-06-29 12:56:00+00:00,2019-06-29 16:55:00+00:00,0.0,60000.0,"POLYGON ((130 17, 133 15.4, 133 11.4, 130 11.4, 130 17))"
57C,2019-06-29 13:03:00+00:00,2019-06-29 14:55:00+00:00,0.0,45000.0,"POLYGON ((-93.68476638691838 34.277929553358355, -92.299577213894 29.431667532541404, -94.54100709987355 29.251685506579413, -94.72 31.65910686720918, -94.78029961419979 34.09617979979481, -93.68476638691838 34.277929553358355))"
58C,2019-06-29 13:03:00+00:00,2019-06-29 14:55:00+00:00,0.0,45000.0,"POLYGON ((-101.77547738840603 49.02751402513396, -98.66165855452614 48.89992915975619, -99.44928781501272 47.577064933170746, -102.88111427192243 47.67730498067719, -101.77547738840603 49.02751402513396))"
LIMA 2,2019-06-29 13:55:00+00:00,2019-06-29 17:55:00+00:00,0.0,45000.0,"POLYGON ((-53.45 33.3, -52.45 32.45, -58.45 27.3, -63.15 28, -70.15 32.15, -53.45 33.3))"
88E,2019-06-29 13:55:00+00:00,2019-06-29 15:55:00+00:00,0.0,45000.0,"POLYGON ((-88.71564892879114 30.42283381076965, -87.15418475342834 30.42022791390091, -86.68 29.239719666370156, -89.07909112012456 29.51485582476807, -88.71564892879114 30.42283381076965))"
90E,2019-06-29 13:55:00+00:00,2019-06-29 15:55:00+00:00,0.0,41000.0,"POLYGON ((-71.36340644990163 40.91604752841723, -70.03 40.55714530289553, -70.75154589569881 39.94206074111481, -71.81458796682703 39.98392528913027, -71.36340644990163 40.91604752841723))"
60C,2019-06-29 13:55:00+00:00,2019-06-29 15:55:00+00:00,0.0,45000.0,"POLYGON ((-101.62592412786287 48.79377911405973, -97.81926134285368 48.913521860306496, -98.57541786805764 47.55434897623751, -101.61897512793735 47.72526272939914, -101.62592412786287 48.79377911405973))"
85E,2019-06-29 13:55:00+00:00,2019-06-29 15:55:00+00:00,0.0,34000.0,"POLYGON ((-78.40326322893375 32.30632635237686, -77.72151215644695 30.466881135418134, -80.0485238224346 29.677802702842087, -81.97006747832259 31.347865617229136, -78.40326322893375 32.30632635237686))"
84E,2019-06-29 13:55:00+00:00,2019-06-29 15:55:00+00:00,0.0,45000.0,"POLYGON ((-82.70973023951248 26.526985438691533, -80.28 25.467262088527217, -81.12248353355385 24.84314904610989, -82.97904246070244 24.139753076510644, -83.32829517781497 25.15526690948867, -82.70973023951248 26.526985438691533))"
89E,2019-06-29 13:55:00+00:00,2019-06-29 15:55:00+00:00,0.0,44000.0,"POLYGON ((-78.82304604285403 42.62245953787152, -79.33052996772314 40.826660698838374, -81.38190473841424 41.06612661162937, -82.10653349763139 41.88083087863005, -78.82304604285403 42.62245953787152))"
87E,2019-06-29 13:55:00+00:00,2019-06-29 15:55:00+00:00,0.0,45000.0,"POLYGON ((-79.14696250387193 28.849917908083896, -77.66977732238547 26.659491541282645, -80.28 25.467262088527217, -80.64182659688203 28.283548620013455, -79.14696250387193 28.849917908083896))"
86E,2019-06-29 13:55:00+00:00,2019-06-29 15:55:00+00:00,0.0,42000.0,"POLYGON ((-84.49716852693386 30.092507753178154, -83.57932058682388 29.40795004758333, -85.87981854612578 27.873038097002674, -86.68 28.168096708217718, -84.49716852693386 30.092507753178154))"
59C,2019-06-29 13:55:00+00:00,2019-06-29 15:55:00+00:00,0.0,45000.0,"POLYGON ((-93.68476638691838 34.277929553358355, -92.52820526904637 28.909078579739848, -94.40727117481036 29.13316059272878, -94.72 31.65910686720918, -94.92353513320396 34.21292315909901, -93.68476638691838 34.277929553358355))"
ALFA 4,2019-06-29 14:55:00+00:00,2019-06-29 18:55:00+00:00,0.0,50000.0,"POLYGON ((-138.15 11.45, -131.45 11.3, -130 7.3, -138.15 6, -139 7.3, -138.15 11.45))"
96E,2019-06-29 14:55:00+00:00,2019-06-29 16:55:00+00:00,0.0,42000.0,"POLYGON ((-70.56184435682108 41.112799704618766, -69.88335960621235 41.01277448492333, -70.03 39.834290605791075, -71.25090302601295 40.09721308252408, -70.56184435682108 41.112799704618766))"
93E,2019-06-29 14:55:00+00:00,2019-06-29 16:55:00+00:00,0.0,45000.0,"POLYGON ((-87.6872603286564 30.728265205535713, -84.73175354494207 29.59804805122651, -85.52886968801288 26.26194564516169, -89.16659071531643 29.847383338312156, -87.6872603286564 30.728265205535713))"
95E,2019-06-29 14:55:00+00:00,2019-06-29 16:55:00+00:00,0.0,44000.0,"POLYGON ((-78.09520603680389 42.5197466826876, -78.68429712402343 40.58704106223703, -81.44294761500738 41.11259946874807, -81.62728776560701 41.82048442348325, -78.09520603680389 42.5197466826876))"
62C,2019-06-29 14:55:00+00:00,2019-06-29 16:55:00+00:00,0.0,45000.0,"POLYGON ((-97.23 48.98257436347465, -98.11586732901097 46.74302054483426, -101.59587920410556 48.05513902497466, -101.62592412786287 48.79377911405973, -97.23 48.98257436347465))"
92E,2019-06-29 14:55:00+00:00,2019-06-29 16:55:00+00:00,0.0,35000.0,"POLYGON ((-79.48968410151325 33.07979535164336, -77.86242363578312 32.10709887104252, -79.4862113480442 31.57662182340266, -81.53399743720715 31.53629391519255, -79.48968410151325 33.07979535164336))"
91E,2019-06-29 14:55:00+00:00,2019-06-29 16:55:00+00:00,0.0,45000.0,"POLYGON ((-82.90610239511581 26.63102431175889, -81.49686748526675 25.914901466215348, -81.54076433988425 24.82505908332018, -82.89774879654998 24.586020889740663, -83.32829517781497 25.15526690948867, -82.90610239511581 26.63102431175889))"
94E,2019-06-29 14:55:00+00:00,2019-06-29 16:55:00+00:00,0.0,45000.0,"POLYGON ((-80.96354490269219 29.607329850298168, -78.63029664222483 29.27709787387556, -78.18613306186202 27.36761851503847, -79.50061792054885 25.092084646045706, -80.96142517153505 25.54374708596181, -80.96354490269219 29.607329850298168))"
61C,2019-06-29 14:55:00+00:00,2019-06-29 16:55:00+00:00,0.0,45000.0,"POLYGON ((-93.68433815761743 35.896286975798326, -92.02331061961289 28.465932883794697, -94.62616551645681 28.42097407459432, -95.07972136892346 31.28683335086115, -95.08628697479345 35.38725461765392, -93.68433815761743 35.896286975798326))"
NOVEMBER 10,2019-06-29 15:24:00+00:00,2019-06-29 19:25:00+00:00,0.0,59000.0,"POLYGON ((130 17.2, 133 14.2, 130 11.4, 130 17.2))"
04E,2019-06-29 15:55:00+00:00,2019-06-29 17:55:00+00:00,0.0,38000.0,"POLYGON ((-70.43618740561307 40.97260299430131, -69.62381259438695 40.97260299430131, -70.03 39.978861545211956, -70.98768533018269 39.88999744791557, -70.43618740561307 40.97260299430131))"
03E,2019-06-29 15:55:00+00:00,2019-06-29 17:55:00+00:00,0.0,45000.0,"POLYGON ((-77.67201012857939 42.04388178914649, -77.63867034288027 40.298607892492285, -80.01893389121575 40.8298423956857, -79.8791704788066 41.712584186819825, -77.67201012857939 42.04388178914649))"
98E,2019-06-29 15:55:00+00:00,2019-06-29 17:55:00+00:00,0.0,42000.0,"POLYGON ((-80.43624930418609 32.88937520203755, -79.81371501770987 32.42868141715955, -82.28106874726835 30.337738102426655, -84.19672664705433 32.49781391611565, -80.43624930418609 32.88937520203755))"
97E,2019-06-29 15:55:00+00:00,2019-06-29 17:55:00+00:00,0.0,39000.0,"POLYGON ((-83.20903865803298 26.81025040683273, -81.78 26.19726208852722, -81.54076433988425 24.82505908332018, -83.08069713220173 24.58458406935596, -83.32829517781497 25.15526690948867, -83.20903865803298 26.81025040683273))"
01E,2019-06-29 15:55:00+00:00,2019-06-29 17:55:00+00:00,0.0,45000.0,"POLYGON ((-80.70478134793652 27.218719930888287, -78.18613306186202 27.36761851503847, -79.24283907503919 24.855209794324182, -81.78 26.19726208852722, -80.70478134793652 27.218719930888287))"
02E,2019-06-29 15:55:00+00:00,2019-06-29 17:55:00+00:00,0.0,45000.0,"POLYGON ((-78.0819286218926 30.3481669607459, -78.91967636056603 28.244138042531155, -80.81605302025197 28.34799481983138, -81.28636296860341 29.363550798050447, -78.0819286218926 30.3481669607459))"
99E,2019-06-29 15:55:00+00:00,2019-06-29 17:55:00+00:00,0.0,45000.0,"POLYGON ((-87.58582946781142 30.72770264484189, -85.56446082960115 29.33561597820869, -85.50351159900647 27.88122105023299, -89.33780512420762 29.177841928328096, -87.58582946781142 30.72770264484189))"
63C,2019-06-29 15:55:00+00:00,2019-06-29 17:55:00+00:00,0.0,45000.0,"POLYGON ((-93.68433815761743 35.896286975798326, -91.84955358391116 28.531968360228927, -94.56734362335169 28.112163378606606, -95.10883551443149 31.1594157937704, -95.02654697919009 35.642310891519315, -93.68433815761743 35.896286975798326))"
64C,2019-06-29 15:55:00+00:00,2019-06-29 17:55:00+00:00,0.0,45000.0,"POLYGON ((-101.29 48.92547582294557, -97.19 48.78184477868196, -97.82118874859658 46.74589194207449, -100.22020440208031 46.88645364253022, -101.29 48.92547582294557))"
MIKE 1,2019-06-29 16:50:00+00:00,2019-06-29 20:50:00+00:00,,,"POLYGON ((-77 28.45, -74.15 27.3, -75.15 26.15, -78 26, -79 25.15, -79 28.15, -77 28.45))"
BRAVO 1,2019-06-29 16:55:00+00:00,2019-06-29 20:55:00+00:00,0.0,36000.0,"POLYGON ((-92 29.3, -90.45 29, -92.15 26.45, -93 26.3, -95 28.45, -92 29.3))"
10E,2019-06-29 16:55:00+00:00,2019-06-29 18:55:00+00:00,0.0,44000.0,"POLYGON ((-69.33081904638469 43.0355677024442, -68.50737761410551 42.39456702291264, -70.03 39.68971966637016, -70.98768533018269 39.88999744791557, -69.33081904638469 43.0355677024442))"
09E,2019-06-29 16:55:00+00:00,2019-06-29 18:55:00+00:00,0.0,45000.0,"POLYGON ((-76.7312132160757 41.88537585853671, -77.07 40.13363104426361, -80.37750976363995 40.52246880720002, -80.29 41.520893132790825, -76.7312132160757 41.88537585853671))"
08E,2019-06-29 16:55:00+00:00,2019-06-29 18:55:00+00:00,0.0,45000.0,"POLYGON ((-78.26180803897103 30.28843962988686, -78.74418212207864 28.30571205617317, -81.2062359878321 28.422293856590912, -81.63974850534065 29.489954650842044, -78.26180803897103 30.28843962988686))"
06E,2019-06-29 16:55:00+00:00,2019-06-29 18:55:00+00:00,0.0,45000.0,"POLYGON ((-85.62918498458123 31.629916575488494, -85.69167217971712 27.877257263148433, -88.76619753622238 29.173391202068682, -87.6714953229023 31.316386786392243, -85.62918498458123 31.629916575488494))"
07E,2019-06-29 16:55:00+00:00,2019-06-29 18:55:00+00:00,0.0,45000.0,"POLYGON ((-82.02972089380388 27.590034395543018, -78.88114592700765 27.120543956737375, -79.08942577615537 25.349494405187173, -81.92194054481286 26.222520056619746, -82.02972089380388 27.590034395543018))"
11E,2019-06-29 16:55:00+00:00,2019-06-29 18:55:00+00:00,0.0,39000.0,"POLYGON ((-81.12 38.445475822945575, -79.20181651948364 38.20069904016533, -79.43325919756366 37.31350965991204, -81.28660489267794 36.89760286114037, -82.13 37.10547582294557, -81.12 38.445475822945575))"
05E,2019-06-29 16:55:00+00:00,2019-06-29 18:55:00+00:00,0.0,45000.0,"POLYGON ((-84.74806726619461 34.24443827871876, -80.43624930418609 32.88937520203755, -80.04 32.557262088527224, -82.51 30.708155221318037, -86.5001941232837 33.66935638194009, -84.74806726619461 34.24443827871876))"
65C,2019-06-29 16:55:00+00:00,2019-06-29 18:55:00+00:00,0.0,45000.0,"POLYGON ((-93.82912378816934 36.014366277059125, -93.11 29.640893132790826, -94.67505309718783 29.370077028106515, -95.30325027510317 31.158685545666113, -95.02654697919009 35.642310891519315, -93.82912378816934 36.014366277059125))"
66C,2019-06-29 16:55:00+00:00,2019-06-29 18:55:00+00:00,0.0,45000.0,"POLYGON ((-98.43937192095507 48.766788539111644, -96.12157565636527 48.65093870416963, -96.66521412814465 46.442440947143595, -98.97028254245531 46.74741595367261, -98.43937192095507 48.766788539111644))"
LIMA 3,2019-06-29 17:25:00+00:00,2019-06-29 21:25:00+00:00,0.0,45000.0,"POLYGON ((-54.3 32, -54.15 30, -57.45 26.45, -65 28.45, -66.3 31.3, -54.3 32))"
12E,2019-06-29 17:55:00+00:00,2019-06-29 19:55:00+00:00,0.0,45000.0,"POLYGON ((-84.94846366561433 34.559134898688185, -82.80059928688696 33.487046010123095, -80.10578629753785 32.75641664131959, -82.51 30.817145302895533, -86.73940773041122 33.725221076844434, -84.94846366561433 34.559134898688185))"
19E,2019-06-29 17:55:00+00:00,2019-06-29 19:55:00+00:00,0.0,44000.0,"POLYGON ((-75.46276611250894 40.17909748376264, -74.43 39.82, -76.75791421127902 38.325394994696175, -77.53033836105493 37.900512370405735, -77.60095964957267 38.03393288186928, -78.38418927844177 38.80485064365797, -75.46276611250894 40.17909748376264))"
15E,2019-06-29 17:55:00+00:00,2019-06-29 19:55:00+00:00,0.0,45000.0,"POLYGON ((-82.04533168893617 30.529909732491703, -78.44146809343414 30.228466654828352, -78.91967636056603 28.244138042531155, -81.90814154706165 28.5388177307741, -82.04533168893617 30.529909732491703))"
18E,2019-06-29 17:55:00+00:00,2019-06-29 19:55:00+00:00,0.0,45000.0,"POLYGON ((-81.12 38.445475822945575, -79.04439719158394 38.252114834923056, -79.66252425656866 36.664402240277425, -82.42335417092119 36.674922804384515, -81.31430476128688 37.71617376543554, -81.12 38.445475822945575))"
13E,2019-06-29 17:55:00+00:00,2019-06-29 19:55:00+00:00,0.0,45000.0,"POLYGON ((-85.7666408155912 31.74823125693894, -85.31533768811302 27.88492939681333, -88.76619753622238 29.173391202068682, -87.6714953229023 31.316386786392243, -85.7666408155912 31.74823125693894))"
17E,2019-06-29 17:55:00+00:00,2019-06-29 19:55:00+00:00,0.0,45000.0,"POLYGON ((-69.13938692153971 42.974866959939575, -67.94602523669627 42.79079323355939, -69.0410103661272 39.43124456170233, -70.03 39.61631044263608, -69.13938692153971 42.974866959939575))"
16E,2019-06-29 17:55:00+00:00,2019-06-29 19:55:00+00:00,0.0,45000.0,"POLYGON ((-76.34992582273304 41.73704900914087, -76.46710448759148 40.10743299018814, -78.66374853352471 40.01247097038911, -80.37750976363995 40.52246880720002, -80.21 41.162737911472796, -76.34992582273304 41.73704900914087))"
14E,2019-06-29 17:55:00+00:00,2019-06-29 19:55:00+00:00,0.0,45000.0,"POLYGON ((-82.11520154849487 27.908848520303266, -79.05441703746935 27.05824119087265, -79.08942577615537 25.349494405187173, -82.12320847320805 26.402256074635797, -82.11520154849487 27.908848520303266))"
68C,2019-06-29 17:55:00+00:00,2019-06-29 19:55:00+00:00,0.0,45000.0,"POLYGON ((-96.12157565636527 48.65093870416963, -96.16917661475115 46.27740642902013, -98.30669062113854 46.74075743974017, -98.57703985231994 48.323694102740454, -96.12157565636527 48.65093870416963))"
67C,2019-06-29 17:55:00+00:00,2019-06-29 19:55:00+00:00,0.0,45000.0,"POLYGON ((-93.88454284328219 35.78865416618056, -93.5166451026534 29.78645152874501, -95.05785123087625 29.34485827928602, -95.80205953072348 31.53747738328739, -95.21034843262198 35.728036976477895, -93.88454284328219 35.78865416618056))"
26E,2019-06-29 18:55:00+00:00,2019-06-29 20:55:00+00:00,0.0,45000.0,"POLYGON ((-78.3905468027385 38.22993520576952, -79.70440723328714 36.58394998034112, -81.21986890587073 36.679997855448946, -80.9794936444962 38.047048979591054, -78.3905468027385 38.22993520576952))"
20E,2019-06-29 18:55:00+00:00,2019-06-29 20:55:00+00:00,0.0,45000.0,"POLYGON ((-85.39885026691374 34.75529183661584, -82.80059928688696 33.487046010123095, -80.76845396856437 32.15954127585023, -81.74739562531931 30.5442397950527, -87.59483790823707 33.66805598375878, -85.39885026691374 34.75529183661584))"
22E,2019-06-29 18:55:00+00:00,2019-06-29 20:55:00+00:00,0.0,45000.0,"POLYGON ((-82.55447490333357 28.177075362226347, -80.3647432401146 27.94707591301245, -80.737185858328 26.678533547964037, -82.07885964686697 26.640338216811248, -82.55447490333357 28.177075362226347))"
27E,2019-06-29 18:55:00+00:00,2019-06-29 20:55:00+00:00,0.0,45000.0,"POLYGON ((-75.03202914424077 40.00944651299776, -74.34729202253536 39.66626573171263, -76.34717358227209 37.81435185195906, -77.56225083608233 37.96086795358482, -77.64367644790408 38.11437954858441, -78.02085954855983 38.75754382702823, -75.03202914424077 40.00944651299776))"
24E,2019-06-29 18:55:00+00:00,2019-06-29 20:55:00+00:00,0.0,45000.0,"POLYGON ((-75.32 42.2263689557364, -76.09439713642799 39.81073068652504, -78.83 39.654524177054434, -80.37750976363995 40.52246880720002, -78.9127581940715 42.12614674484681, -75.32 42.2263689557364))"
21E,2019-06-29 18:55:00+00:00,2019-06-29 20:55:00+00:00,0.0,45000.0,"POLYGON ((-85.59530528846774 31.963265228540692, -85.50351159900647 27.88122105023299, -88.76619753622238 29.173391202068682, -87.53226024626922 31.927985138755517, -85.59530528846774 31.963265228540692))"
25E,2019-06-29 18:55:00+00:00,2019-06-29 20:55:00+00:00,0.0,38000.0,"POLYGON ((-68.93109443532451 42.908320463024054, -67.78155498715621 42.905416193766875, -68.40655729833676 40.75921272945844, -69.77761829656123 40.818608698391, -68.93109443532451 42.908320463024054))"
23E,2019-06-29 18:55:00+00:00,2019-06-29 20:55:00+00:00,0.0,42000.0,"POLYGON ((-82.04533168893617 30.529909732491703, -78.0819286218926 30.3481669607459, -78.56848498931308 28.36706140272879, -82.68 28.741844778681966, -82.04533168893617 30.529909732491703))"
28E,2019-06-29 18:55:00+00:00,2019-06-29 20:55:00+00:00,0.0,45000.0,"POLYGON ((-83.14827054507217 26.0141478377521, -81.78 25.86452417705443, -81.72989724668462 24.74368863391328, -83.26364094710507 24.582926252780663, -83.14827054507217 26.0141478377521))"
70C,2019-06-29 18:55:00+00:00,2019-06-29 20:55:00+00:00,0.0,45000.0,"POLYGON ((-97.72054438155178 48.301706270613316, -95.40202768851893 48.194190685394986, -95.47599925894791 46.34088575945289, -97.96498521534504 46.42622964852336, -97.72054438155178 48.301706270613316))"
69C,2019-06-29 18:55:00+00:00,2019-06-29 20:55:00+00:00,0.0,45000.0,"POLYGON ((-95.3546129872837 35.84628842029848, -94.27 35.39, -93.5166451026534 29.78645152874501, -95.35 28.961786265581647, -96.19098075615804 31.273458639239355, -95.3546129872837 35.84628842029848))"
36E,2019-06-29 19:55:00+00:00,2019-06-29 21:55:00+00:00,0.0,45000.0,"POLYGON ((-76.52421432624753 39.02484175705614, -75.11727774433187 38.65602767134103, -76.2 37.612854697104474, -77.53033836105493 37.900512370405735, -77.70815903093128 37.80604740562001, -78.00106535840825 38.74215402744236, -76.52421432624753 39.02484175705614))"
37E,2019-06-29 19:55:00+00:00,2019-06-29 21:55:00+00:00,0.0,45000.0,"POLYGON ((-82.82147967814069 26.138947310243392, -81.78 25.951716242316426, -81.8 25.02371281826268, -82.83139932814554 24.9737553597421, -82.82147967814069 26.138947310243392))"
22W,2019-06-29 19:55:00+00:00,2019-06-29 21:55:00+00:00,0.0,45000.0,"POLYGON ((-107.30032888267245 38.24525742212636, -104.76982672615209 38.178859717585816, -105.14 35.22628718173731, -107.73077861004775 32.17771541972694, -109.26 31.691716242316428, -110.65027516533901 31.56547025349529, -110.44676521239128 35.05948801002282, -107.30032888267245 38.24525742212636))"
38E,2019-06-29 19:55:00+00:00,2019-06-29 21:55:00+00:00,0.0,43000.0,"POLYGON ((-71.90162403053266 42.984267207203786, -70.50968662390335 42.711922886847105, -70.95975296798713 41.366116553854944, -72.94493505783313 41.4786022307517, -71.90162403053266 42.984267207203786))"
30E,2019-06-29 19:55:00+00:00,2019-06-29 21:55:00+00:00,0.0,45000.0,"POLYGON ((-87.69648844223114 32.212541555151745, -85.62918498458123 31.629916575488494, -85.50268625680327 27.935663335414795, -88.69861320022164 28.6633742230678, -87.69648844223114 32.212541555151745))"
33E,2019-06-29 19:55:00+00:00,2019-06-29 21:55:00+00:00,0.0,45000.0,"POLYGON ((-73.30804713538977 41.74733992894882, -73.6706614384017 39.22931115699623, -78.83 39.48815522131804, -81.85 41.08726208852722, -80.46057451388567 41.7124636288139, -73.30804713538977 41.74733992894882))"
35E,2019-06-29 19:55:00+00:00,2019-06-29 21:55:00+00:00,0.0,43000.0,"POLYGON ((-78.31962360032627 38.28621569161832, -78.9226464540487 36.63475561336929, -81.2962725903951 36.61799091263765, -80.33943452739067 38.03209599200263, -78.31962360032627 38.28621569161832))"
34E,2019-06-29 19:55:00+00:00,2019-06-29 21:55:00+00:00,0.0,38000.0,"POLYGON ((-68.93109443532451 42.908320463024054, -67.57443546164546 42.52691622666459, -67.5470787071661 42.01750025405275, -68.9201853528743 42.09819392836692, -68.93109443532451 42.908320463024054))"
29E,2019-06-29 19:55:00+00:00,2019-06-29 21:55:00+00:00,0.0,45000.0,"POLYGON ((-88.05223069254924 34.89970959924097, -82.8968996982793 33.453144051694, -81.11 31.99363104426361, -83.57845799806871 30.397732665893674, -88.2271126872129 33.724960074409616, -88.05223069254924 34.89970959924097))"
31E,2019-06-29 19:55:00+00:00,2019-06-29 21:55:00+00:00,0.0,45000.0,"POLYGON ((-81.66300115910121 31.6882340533802, -80.88725153524189 27.32651203576478, -82.29624253091202 26.72006998443853, -83.45606694825167 30.715289850329363, -81.66300115910121 31.6882340533802))"
72C,2019-06-29 19:55:00+00:00,2019-06-29 21:55:00+00:00,0.0,45000.0,"POLYGON ((-104.06440741892322 48.917517965117064, -102.99692595659302 49.070774411352, -102.88629747471444 48.33891852368098, -104.57738566241667 48.14568542038943, -104.65268540330287 48.8509037935655, -104.06440741892322 48.917517965117064))"
71C,2019-06-29 19:55:00+00:00,2019-06-29 21:55:00+00:00,0.0,45000.0,"POLYGON ((-95.85772603046158 35.00368016456325, -94.70102800162016 35.03631157153431, -93.920422786106 29.431667532541404, -95.55089171359393 28.757878939558193, -96.19098075615804 31.273458639239355, -95.85772603046158 35.00368016456325))"
OSCAR 1,2019-06-29 19:57:00+00:00,2019-06-30 00:00:00+00:00,0.0,46000.0,"POLYGON ((161.1 25.4, 164.5 25.2, 160 20.4, 161.1 25.4))"
BRAVO 2,2019-06-29 19:59:00+00:00,2019-06-30 00:00:00+00:00,0.0,37000.0,"POLYGON ((-95.45 28.15, -91.45 28, -92.15 26.3, -95.45 26.45, -95.45 28.15))"
MIKE 2,2019-06-29 20:03:00+00:00,2019-06-30 00:05:00+00:00,0.0,45000.0,"POLYGON ((-79 27, -77 27, -77 24.3, -79 24.45, -79 27))"
45E,2019-06-29 20:55:00+00:00,2019-06-29 22:55:00+00:00,0.0,45000.0,"POLYGON ((-74.40419247679975 41.172147441584386, -73.06836624089098 40.406573439633895, -75.16885215118432 38.46015596736959, -80.1 38.91, -80.42132940057357 39.7126340684442, -74.40419247679975 41.172147441584386))"
46E,2019-06-29 20:55:00+00:00,2019-06-29 22:55:00+00:00,0.0,45000.0,"POLYGON ((-82.82147967814069 26.138947310243392, -80.92230491173005 25.79858926089646, -81.8 25.02371281826268, -82.83139932814554 24.9737553597421, -82.82147967814069 26.138947310243392))"
39E,2019-06-29 20:55:00+00:00,2019-06-29 22:55:00+00:00,0.0,45000.0,"POLYGON ((-87.9899040778183 35.117889110988436, -80.40649142261705 33.1961471822748, -81.5702270661591 29.465185793605794, -88.91177169526134 34.29075006222954, -87.9899040778183 35.117889110988436))"
47E,2019-06-29 20:55:00+00:00,2019-06-29 22:55:00+00:00,0.0,42000.0,"POLYGON ((-70.85930234855107 42.790574523498925, -70.6685758211579 42.730379907888, -71.06158699659282 41.485124730881736, -71.25231352398599 41.54531934649266, -70.85930234855107 42.790574523498925))"
42E,2019-06-29 20:55:00+00:00,2019-06-29 22:55:00+00:00,0.0,45000.0,"POLYGON ((-73.62745196050783 42.442460356464274, -75.1534069834575 41.2593762118419, -80.21 40.49726208852722, -81.85 41.08726208852722, -73.62745196050783 42.442460356464274))"
43E,2019-06-29 20:55:00+00:00,2019-06-29 22:55:00+00:00,0.0,30000.0,"POLYGON ((-67.99528047686636 43.299555223707664, -66.45530596210892 43.04944194632052, -67.33761474463097 42.076523792197506, -68.27314318130199 42.56084565517325, -67.99528047686636 43.299555223707664))"
44E,2019-06-29 20:55:00+00:00,2019-06-29 22:55:00+00:00,0.0,43000.0,"POLYGON ((-78.17023868988647 38.40433449583728, -79.40828640508293 36.239644002920905, -81.30280718489455 36.43714664049143, -78.17023868988647 38.40433449583728))"
41E,2019-06-29 20:55:00+00:00,2019-06-29 22:55:00+00:00,0.0,45000.0,"POLYGON ((-83.05 29.6, -78.70768203712859 27.182633878230448, -78.97286876565066 26.675630616850057, -82.69302669423489 27.092517366629853, -83.05 29.6))"
40E,2019-06-29 20:55:00+00:00,2019-06-29 22:55:00+00:00,0.0,45000.0,"POLYGON ((-87.41467402561494 32.597286165297675, -85.94685617538487 31.450926878077023, -85.31533768811302 27.88492939681333, -89.43012300846458 28.590130739400426, -87.41467402561494 32.597286165297675))"
73C,2019-06-29 20:55:00+00:00,2019-06-29 22:55:00+00:00,0.0,45000.0,"POLYGON ((-96.3405839307435 34.65771311087037, -92.4578664434295 33.494962870291, -92.40089692444066 29.88342798996715, -95.55089171359393 28.757878939558193, -96.3405839307435 34.65771311087037))"
23W,2019-06-29 20:55:00+00:00,2019-06-29 22:55:00+00:00,0.0,45000.0,"POLYGON ((-107.8222841331896 38.19272835725537, -104.82097473296646 38.162017412356676, -104.87 36.49, -108.70056933285805 32.73933062199207, -109.88303998988661 34.16308484286046, -107.8222841331896 38.19272835725537))"
48E,2019-06-29 21:55:00+00:00,2019-06-29 23:55:00+00:00,0.0,45000.0,"POLYGON ((-85.28457471942944 34.69279344227479, -79.79595569279135 33.094217301280445, -83.05 29.6, -85.60969043982078 33.850760823770806, -85.28457471942944 34.69279344227479))"
56E,2019-06-29 21:55:00+00:00,2019-06-29 23:55:00+00:00,0.0,39000.0,"POLYGON ((-70.76393908485448 42.76047721569346, -69.73308257691716 41.81388488861779, -71.5776307099159 41.45277303413773, -70.76393908485448 42.76047721569346))"
55E,2019-06-29 21:55:00+00:00,2019-06-29 23:55:00+00:00,0.0,45000.0,"POLYGON ((-81.43813576473457 26.222911517540677, -80.61975967462241 25.49292443151951, -82.83139932814554 24.9737553597421, -82.82147967814069 26.138947310243392, -81.43813576473457 26.222911517540677))"
51E,2019-06-29 21:55:00+00:00,2019-06-29 23:55:00+00:00,0.0,45000.0,"POLYGON ((-73.64996285651128 42.48276955946565, -72.69 41.94, -79.99196066106627 40.42909568022471, -81.85 41.13085812115822, -73.64996285651128 42.48276955946565))"
53E,2019-06-29 21:55:00+00:00,2019-06-29 23:55:00+00:00,0.0,43000.0,"POLYGON ((-78.72349062240698 37.65778925404902, -78.91700873568641 36.13705457873564, -80.9169781045083 36.68912136919257, -78.72349062240698 37.65778925404902))"
49E,2019-06-29 21:55:00+00:00,2019-06-29 23:55:00+00:00,0.0,45000.0,"POLYGON ((-89.98 35.352737911472786, -86.27575299197076 34.70397707784831, -84.84565865872744 32.12935950199946, -85.02789656995888 29.81004636605923, -89.71201448424335 30.82827374498559, -89.98 35.352737911472786))"
54E,2019-06-29 21:55:00+00:00,2019-06-29 23:55:00+00:00,0.0,45000.0,"POLYGON ((-73.60144272241172 40.93728752770192, -73.23596497331097 39.43186283948943, -75.67168126293946 38.04247903401322, -78.19328003057957 38.02473389545863, -80.1 38.91, -73.60144272241172 40.93728752770192))"
52E,2019-06-29 21:55:00+00:00,2019-06-29 23:55:00+00:00,0.0,30000.0,"POLYGON ((-67.91026303078768 43.145151384017474, -66.45530596210892 43.04944194632052, -66.91752166152592 42.19342457874979, -67.5470787071661 42.01750025405275, -67.91026303078768 43.145151384017474))"
50E,2019-06-29 21:55:00+00:00,2019-06-29 23:55:00+00:00,0.0,45000.0,"POLYGON ((-83.05 29.6, -78.61144997081928 27.66733116033974, -78.88114592700765 27.120543956737375, -83.11217033812774 27.398873183371546, -83.05 29.6))"
75C,2019-06-29 21:55:00+00:00,2019-06-29 23:55:00+00:00,0.0,45000.0,"POLYGON ((-100.97493993792489 43.798880893317516, -103.51024641246582 39.54470918201893, -105.1855466932258 38.87578954720673, -104.45776816085792 43.07554145562987, -100.97493993792489 43.798880893317516))"
76C,2019-06-29 21:55:00+00:00,2019-06-29 23:55:00+00:00,0.0,45000.0,"POLYGON ((-90.72121850821866 41.51657855579943, -88.76460865122024 41.549143711966465, -86.90316040326891 40.25246995648002, -87.49915108257476 39.95084966340835, -90.72121850821866 41.51657855579943))"
74C,2019-06-29 21:55:00+00:00,2019-06-29 23:55:00+00:00,0.0,45000.0,"POLYGON ((-96.7414439012344 34.562177538795545, -92.43327468292627 33.874443603693884, -92.5 31.26, -94.39425047683054 28.04616856105403, -96.31 28.427262088527222, -96.7414439012344 34.562177538795545))"
24W,2019-06-29 21:55:00+00:00,2019-06-29 23:55:00+00:00,0.0,45000.0,"POLYGON ((-107.33945315771189 38.21433709762648, -104.43 37.957262088527216, -104.79096541796999 36.336269045227596, -108.39711362749063 32.277558807773445, -109.88303998988661 34.16308484286046, -107.33945315771189 38.21433709762648))"
64E,2019-06-29 22:55:00+00:00,2019-06-30 00:55:00+00:00,,,"POLYGON ((-67.97309981665953 46.94887102166609, -68.39016889741053 46.95503718884135, -68.4427822079377 46.94098535922205, -71.2769175042046 45.25459702009751, -68.3931254787844 46.75505904346897, -67.97605639803339 46.7488928762937, -71.17464746452414 45.08272253396372, -68.34051216825723 46.76911087308827, -67.97309981665953 46.94887102166609))"
63E,2019-06-29 22:55:00+00:00,2019-06-30 00:55:00+00:00,0.0,36000.0,"POLYGON ((-71.04427969959181 45.04435792745163, -71.00599070880494 44.84805725708975, -72.43085550460657 44.57013342250265, -72.46914449539344 44.76643409286453, -71.04427969959181 45.04435792745163))"
65E,2019-06-29 22:55:00+00:00,2019-06-30 00:55:00+00:00,0.0,41000.0,"POLYGON ((-74.96234090743907 44.9387330582487, -74.85448585674207 44.77030714563681, -76.1460724746515 43.94321268021942, -76.2539275253485 44.11163859283131, -74.96234090743907 44.9387330582487))"
62E,2019-06-29 22:55:00+00:00,2019-06-30 00:55:00+00:00,0.0,45000.0,"POLYGON ((-81.7182355549848 26.39642056924798, -80.57643166148326 25.689049835562784, -81.8 24.87914187884179, -82.12186423526543 26.222911517540677, -81.7182355549848 26.39642056924798))"
80C,2019-06-29 22:55:00+00:00,2019-06-30 00:55:00+00:00,0.0,45000.0,"POLYGON ((-85.51883552716326 38.27460973985138, -85.38098962850971 38.129701119595744, -87.12007277849051 36.47537938760032, -87.25791867714406 36.620288007855955, -85.51883552716326 38.27460973985138))"
60E,2019-06-29 22:55:00+00:00,2019-06-30 00:55:00+00:00,0.0,45000.0,"POLYGON ((-76.63100462169314 42.39066052574937, -76.28886141932203 40.76940408451237, -79.95105598350945 40.01675497452699, -81.43043106454664 40.65070844284583, -76.63100462169314 42.39066052574937))"
57E,2019-06-29 22:55:00+00:00,2019-06-30 00:55:00+00:00,0.0,45000.0,"POLYGON ((-81.05 33.52726208852721, -79.75906115177727 33.12496733701495, -82.91485985153167 29.48229093829512, -84.35 30.732737911472785, -84.84565865872744 32.12935950199946, -81.05 33.52726208852721))"
61E,2019-06-29 22:55:00+00:00,2019-06-30 00:55:00+00:00,0.0,45000.0,"POLYGON ((-73.11236718531907 40.62813482676916, -72.84093513924302 39.29978629200471, -74.55547538896373 38.63862918434572, -77.87 38.14089313279082, -79.93564744630824 39.21729478394152, -73.11236718531907 40.62813482676916))"
58E,2019-06-29 22:55:00+00:00,2019-06-30 00:55:00+00:00,0.0,45000.0,"POLYGON ((-87.80212753000067 35.32442246262075, -84.84565865872744 32.12935950199946, -85.42341662632886 30.777611824452634, -89.71201448424335 30.82827374498559, -89.98 35.352737911472786, -87.80212753000067 35.32442246262075))"
59E,2019-06-29 22:55:00+00:00,2019-06-30 00:55:00+00:00,0.0,45000.0,"POLYGON ((-83.40310348959841 29.47219943584568, -78.61144997081928 27.66733116033974, -78.88114592700765 27.120543956737375, -83.11217033812774 27.398873183371546, -83.40310348959841 29.47219943584568))"
79C,2019-06-29 22:55:00+00:00,2019-06-30 00:55:00+00:00,0.0,45000.0,"POLYGON ((-91.1360499314034 41.871952010324634, -88.76460865122024 41.549143711966465, -85.67885060481575 39.909452025140546, -87.49915108257476 39.95084966340835, -91.1360499314034 41.871952010324634))"
77C,2019-06-29 22:55:00+00:00,2019-06-30 00:55:00+00:00,0.0,45000.0,"POLYGON ((-96.74501818978149 33.85634449077845, -92.43327468292627 33.874443603693884, -92.5 31.26, -94.98287760533132 27.577120497528707, -97.44 28.399106867209174, -96.74501818978149 33.85634449077845))"
78C,2019-06-29 22:55:00+00:00,2019-06-30 00:55:00+00:00,0.0,45000.0,"POLYGON ((-103.91285100555716 42.65771748292251, -103.03303285152018 41.889133421088445, -103.64231622381 41.09810364779696, -104.77 42.04184477868197, -103.91285100555716 42.65771748292251))"
25W,2019-06-29 22:55:00+00:00,2019-06-30 00:55:00+00:00,0.0,45000.0,"POLYGON ((-107.05199703644213 36.73549266106669, -106.41360549873227 35.03932248198448, -108.73904187238982 31.1929948630206, -111.2826672660394 31.330929419644484, -109.63679529487257 35.99559447266668, -107.05199703644213 36.73549266106669))"
26W,2019-06-29 22:55:00+00:00,2019-06-30 00:55:00+00:00,0.0,45000.0,"POLYGON ((-103.58299269136381 40.286635452725825, -105.14 35.327262088527206, -108.29826718306784 37.80831319226652, -103.58299269136381 40.286635452725825))"
MIKE 3,2019-06-29 23:25:00+00:00,2019-06-30 03:25:00+00:00,0.0,48000.0,"POLYGON ((-77 29.55, -75.15 29.1, -77.15 23.3, -79.3 25.05, -77 29.55))"
OSCAR 2,2019-06-29 23:49:00+00:00,2019-06-30 03:50:00+00:00,0.0,47000.0,"POLYGON ((161.1 25.4, 164.2 24.5, 159.1 21, 161.1 25.4))"
74E,2019-06-29 23:55:00+00:00,2019-06-30 01:55:00+00:00,0.0,36000.0,"POLYGON ((-74.56227673447519 44.9983964148083, -74.46945656127743 44.82123994315813, -76.15358991340112 43.93884740070028, -76.24641008659889 44.11600387235045, -74.56227673447519 44.9983964148083))"
71E,2019-06-29 23:55:00+00:00,2019-06-30 01:55:00+00:00,0.0,45000.0,"POLYGON ((-81.32458304495547 26.12036921315133, -80.4282850330691 25.744599922008263, -80.52470515010462 25.265531115424707, -81.92194666532825 24.857083098290975, -81.32458304495547 26.12036921315133))"
73E,2019-06-29 23:55:00+00:00,2019-06-30 01:55:00+00:00,0.0,42000.0,"POLYGON ((-68.99582303097701 47.379818023216124, -67.79262465374792 46.56515966527285, -69.45079754403385 45.24744347762292, -71.213297139414 45.002621270739795, -68.99582303097701 47.379818023216124))"
83C,2019-06-29 23:55:00+00:00,2019-06-30 01:55:00+00:00,0.0,45000.0,"POLYGON ((-91.61 41.8091418788418, -89.36818609237511 41.56048637975372, -84.5640208329618 40.122841725810204, -87.64915341495453 39.79600045532377, -91.61 41.8091418788418))"
84C,2019-06-29 23:55:00+00:00,2019-06-30 01:55:00+00:00,0.0,45000.0,"POLYGON ((-85.85330261804339 37.77633549660838, -85.72622866907443 37.62189388468519, -87.12545875333281 36.47061289176654, -87.25253270230176 36.62505450368973, -85.85330261804339 37.77633549660838))"
81C,2019-06-29 23:55:00+00:00,2019-06-30 01:55:00+00:00,0.0,45000.0,"POLYGON ((-96.6779246588407 33.80010786279993, -93.00736891808437 31.259003506093833, -94.92675929289011 27.526243057020547, -97.31448663613918 28.167075386222688, -97.97720874650689 33.477343209914345, -96.6779246588407 33.80010786279993))"
27W,2019-06-29 23:55:00+00:00,2019-06-30 01:55:00+00:00,0.0,45000.0,"POLYGON ((-107.36838412737798 36.737821647565035, -107.15757519068521 33.38216710760274, -108.21119510062402 31.767439145628014, -110.91 32.533712818262686, -110.8 34.626287181737325, -107.36838412737798 36.737821647565035))"
66E,2019-06-29 23:55:00+00:00,2019-06-30 01:55:00+00:00,0.0,45000.0,"POLYGON ((-81.05 33.52726208852721, -79.75906115177727 33.12496733701495, -83.11217033812774 27.398873183371546, -85.26726069029438 31.656276482818313, -81.05 33.52726208852721))"
70E,2019-06-29 23:55:00+00:00,2019-06-30 01:55:00+00:00,0.0,44000.0,"POLYGON ((-72.32 40.587262088527226, -72.25119473512592 39.09918151101625, -75.21095731306866 38.11433846153616, -77.87 38.64, -72.32 40.587262088527226))"
69E,2019-06-29 23:55:00+00:00,2019-06-30 01:55:00+00:00,0.0,45000.0,"POLYGON ((-75.76816174393643 42.05912823450702, -76.28539464271961 40.38741742488284, -79.33775927423711 39.4957351652207, -82.8698274287194 41.097151389521855, -75.76816174393643 42.05912823450702))"
68E,2019-06-29 23:55:00+00:00,2019-06-30 01:55:00+00:00,0.0,38000.0,"POLYGON ((-78.74418212207864 28.30571205617317, -78.88114592700765 27.120543956737375, -80.14326693490337 27.552235232348945, -79.95631689135558 28.149539118733205, -78.74418212207864 28.30571205617317))"
67E,2019-06-29 23:55:00+00:00,2019-06-30 01:55:00+00:00,0.0,45000.0,"POLYGON ((-89.98 35.51910686720918, -84.84565865872744 32.12935950199946, -88.8 31.88089313279082, -90.28 33.127262088527225, -89.98 35.51910686720918))"
72E,2019-06-29 23:55:00+00:00,2019-06-30 01:55:00+00:00,0.0,45000.0,"POLYGON ((-73.54551937701775 44.90398082160027, -70.48069092750141 44.780600546930884, -69.31305173048472 44.070611671082986, -70.18580638994742 43.556550359277956, -72.18612757767428 43.628580207365204, -73.54551937701775 44.90398082160027))"
82C,2019-06-29 23:55:00+00:00,2019-06-30 01:55:00+00:00,0.0,45000.0,"POLYGON ((-100.79630670541043 43.15539279488114, -101.69612300548016 41.75199845609012, -104.72622575166889 42.26528651123964, -103.53278127842304 43.056567324880525, -100.79630670541043 43.15539279488114))"
28W,2019-06-29 23:55:00+00:00,2019-06-30 01:55:00+00:00,0.0,45000.0,"POLYGON ((-102.66888918194064 40.86429950880138, -104.98267328503083 35.967307576394546, -107.68871837013198 37.50785354366817, -103.8000217966286 40.62891511548124, -102.66888918194064 40.86429950880138))"
5E,2019-06-30 00:55:00+00:00,2019-06-30 02:55:00+00:00,0.0,45000.0,"POLYGON ((-81.63862554523176 33.70890482608766, -80.67783385382047 33.10968155047396, -83.43380337194917 27.631325404388246, -85.13922346030412 31.65718826241764, -81.63862554523176 33.70890482608766))"
7E,2019-06-30 00:55:00+00:00,2019-06-30 02:55:00+00:00,0.0,40000.0,"POLYGON ((-81.43813576473457 26.222911517540677, -80.50748403624183 26.00427709850976, -80.52470515010462 25.265531115424707, -82.4778783865866 25.201840925930934, -81.43813576473457 26.222911517540677))"
9E,2019-06-30 00:55:00+00:00,2019-06-30 02:55:00+00:00,0.0,43000.0,"POLYGON ((-73.46200713616265 41.26290307895782, -71.73198967392537 41.01758662070605, -71.76006878019507 40.819567521144684, -73.49008624243235 41.064883979396456, -73.46200713616265 41.26290307895782))"
6E,2019-06-30 00:55:00+00:00,2019-06-30 02:55:00+00:00,0.0,36000.0,"POLYGON ((-79.91008345194146 28.189927036944724, -78.97407719437939 28.22499093893807, -79.16807427215633 27.494834512382983, -80.18803942109867 27.79032241124884, -79.91008345194146 28.189927036944724))"
1E,2019-06-30 00:55:00+00:00,2019-06-30 02:55:00+00:00,0.0,30000.0,"POLYGON ((-68.99582303097701 47.379818023216124, -67.79262465374792 46.56515966527285, -69.45079754403385 45.24744347762292, -70.54971398257436 45.1633952622909, -68.99582303097701 47.379818023216124))"
1C,2019-06-30 00:55:00+00:00,2019-06-30 02:55:00+00:00,0.0,45000.0,"POLYGON ((-89.59 40.87085812115821, -87.2047637739556 40.662148863212394, -85.5281957291597 39.71757552575419, -87.59669525155016 39.600135432584445, -89.59 40.87085812115821))"
2C,2019-06-30 00:55:00+00:00,2019-06-30 02:55:00+00:00,0.0,45000.0,"POLYGON ((-96.6779246588407 33.80010786279993, -93.00736891808437 31.259003506093833, -94.69927395346423 27.319288787349368, -97.18834528751027 28.43403578067154, -97.97720874650689 33.477343209914345, -96.6779246588407 33.80010786279993))"
4C,2019-06-30 00:55:00+00:00,2019-06-30 02:55:00+00:00,0.0,45000.0,"POLYGON ((-101.74790618782721 47.952405749126854, -101.26240079179948 46.34955510549479, -102.55857252279452 46.85980536304434, -101.74790618782721 47.952405749126854))"
4E,2019-06-30 00:55:00+00:00,2019-06-30 02:55:00+00:00,0.0,44000.0,"POLYGON ((-71.90353572702297 40.15072174948506, -72.25555602617851 38.24451853059374, -74.9138413396713 37.877923844248194, -77.87 38.64, -71.90353572702297 40.15072174948506))"
3E,2019-06-30 00:55:00+00:00,2019-06-30 02:55:00+00:00,0.0,45000.0,"POLYGON ((-75.5268179459641 41.99614759350507, -75.68 39.91452417705443, -79.33775927423711 39.4957351652207, -82.8698274287194 41.097151389521855, -75.5268179459641 41.99614759350507))"
8E,2019-06-30 00:55:00+00:00,2019-06-30 02:55:00+00:00,0.0,45000.0,"POLYGON ((-90.57010637933418 35.98206671673675, -84.66713192748256 32.427970482899816, -86.32 31.887262088527212, -90.28 33.127262088527225, -90.57010637933418 35.98206671673675))"
2E,2019-06-30 00:55:00+00:00,2019-06-30 02:55:00+00:00,0.0,45000.0,"POLYGON ((-69.95980221332287 45.153169888527685, -70.12117462670125 43.78188462560112, -71.40437988050799 43.527275854283864, -76.64198570124994 43.927680479879456, -75.18981979910524 44.909036874887754, -69.95980221332287 45.153169888527685))"
3C,2019-06-30 00:55:00+00:00,2019-06-30 02:55:00+00:00,0.0,45000.0,"POLYGON ((-100.79630670541043 43.15539279488114, -100.62417737049861 42.097681064228084, -102.87106855462306 40.39487149274304, -104.45776816085792 43.07554145562987, -100.79630670541043 43.15539279488114))"
2W,2019-06-30 00:55:00+00:00,2019-06-30 02:55:00+00:00,0.0,45000.0,"POLYGON ((-107.2595859270698 36.7371152543526, -107.1390913702837 33.39756115573098, -108.30126124300739 31.68991221159018, -110.53100790762507 32.86796090445456, -109.61424131116478 36.22092191736442, -107.2595859270698 36.7371152543526))"
1W,2019-06-30 00:55:00+00:00,2019-06-30 02:55:00+00:00,0.0,45000.0,"POLYGON ((-105.27682790880597 41.33915001415225, -103.38714981929643 40.97194931062784, -103.30345504425772 37.49491193998778, -105.37644955432954 36.12088400343804, -107.32023578936348 36.992191160817896, -105.27682790880597 41.33915001415225))"
CHARLIE 1,2019-06-30 01:15:00+00:00,2019-06-30 05:15:00+00:00,0.0,43000.0,"POLYGON ((-64 42.35, -64 41.4, -67.35 41.15, -67.3 42.05, -64 42.35))"
8C,2019-06-30 01:55:00+00:00,2019-06-30 03:55:00+00:00,0.0,45000.0,"POLYGON ((-101.29 47.68171624231643, -100.9104937299632 46.359048404101216, -102.34714811129778 46.85922145764992, -101.29 47.68171624231643))"
9C,2019-06-30 01:55:00+00:00,2019-06-30 03:55:00+00:00,0.0,45000.0,"POLYGON ((-90.28 34.18285469710447, -89.1265334842041 33.9996111914881, -89.8572182231937 32.63422145236919, -90.6463101163326 33.15277966157111, -90.28 34.18285469710447))"
7C,2019-06-30 01:55:00+00:00,2019-06-30 03:55:00+00:00,0.0,45000.0,"POLYGON ((-103.8536741405764 43.36351321071736, -100.68978900454142 43.079017021804276, -100.53264361753793 42.40274300582307, -102.4339653675669 41.50762399931082, -103.8536741405764 43.36351321071736))"
6C,2019-06-30 01:55:00+00:00,2019-06-30 03:55:00+00:00,0.0,45000.0,"POLYGON ((-96.69574541778 32.86952856133956, -93.12353591222747 31.037195015520858, -94.997104099837 29.652848529458563, -97.17561569012685 30.0728405294609, -97.52462114208697 32.460156528309916, -96.69574541778 32.86952856133956))"
3W,2019-06-30 01:55:00+00:00,2019-06-30 03:55:00+00:00,0.0,44000.0,"POLYGON ((-102.26863120933302 41.31911612121992, -103.73952113475275 37.52705053218494, -106.36361224857752 39.029901819864456, -105.33489244329056 41.339358155073704, -102.26863120933302 41.31911612121992))"
5C,2019-06-30 01:55:00+00:00,2019-06-30 03:55:00+00:00,0.0,45000.0,"POLYGON ((-87.98290294841648 40.93468561586149, -85.30973457529112 39.48898075185077, -88.06340578438414 39.482605931564024, -88.77654968178659 40.90246580203209, -87.98290294841648 40.93468561586149))"
4W,2019-06-30 01:55:00+00:00,2019-06-30 03:55:00+00:00,0.0,45000.0,"POLYGON ((-106.44784207776178 37.348340980272916, -107.56068159704508 33.044403192488936, -108.8866567656989 31.5009258171691, -110.8239562090999 33.42426017578965, -109.32879968492946 37.04080038207598, -106.44784207776178 37.348340980272916))"
12E,2019-06-30 01:58:00+00:00,2019-06-30 03:55:00+00:00,0.0,45000.0,"POLYGON ((-77.28058692274938 41.13912995640472, -76.2305806222443 39.49759440435699, -78.66205918662463 39.25070344541145, -83.36479423796682 40.79918105926026, -77.28058692274938 41.13912995640472))"
13E,2019-06-30 01:58:00+00:00,2019-06-30 03:55:00+00:00,0.0,45000.0,"POLYGON ((-75.86584810135291 38.559069579048376, -75.83644759627846 38.3612423556908, -76.74321395874179 38.226481383017386, -76.77261446381624 38.424308606374964, -75.86584810135291 38.559069579048376))"
14E,2019-06-30 01:58:00+00:00,2019-06-30 03:55:00+00:00,0.0,40000.0,"POLYGON ((-81.24894234167763 33.45914161561914, -83.36418322449786 27.39763646124585, -86.80552786864696 32.62798113169183, -81.24894234167763 33.45914161561914))"
10E,2019-06-30 01:58:00+00:00,2019-06-30 03:55:00+00:00,0.0,38000.0,"POLYGON ((-67.74798226908162 46.53420776825836, -69.39458248589095 45.33198626765234, -70.0750308775857 46.21373915641797, -67.74798226908162 46.53420776825836))"
11E,2019-06-30 01:58:00+00:00,2019-06-30 03:55:00+00:00,0.0,43000.0,"POLYGON ((-75.18981979910524 44.909036874887754, -69.33924867786642 44.839039225357226, -69.69367469674948 43.426341683981406, -76.2 43.65910686720917, -75.18981979910524 44.909036874887754))"
15E,2019-06-30 01:58:00+00:00,2019-06-30 03:55:00+00:00,0.0,36000.0,"POLYGON ((-86.27050255731822 30.47643402914033, -85.59174900599385 29.94845976319732, -87.31116183087472 28.13246539142291, -88.1766893803871 28.465932883794697, -86.27050255731822 30.47643402914033))"
19E,2019-06-30 02:55:00+00:00,2019-06-30 04:55:00+00:00,0.0,44000.0,"POLYGON ((-86.08789322366032 30.317517752031666, -85.40680506073709 29.47570172355367, -86.68 28.661435908686578, -88.2787114698604 29.16767734840468, -86.08789322366032 30.317517752031666))"
16E,2019-06-30 02:55:00+00:00,2019-06-30 04:55:00+00:00,0.0,34000.0,"POLYGON ((-67.69086024335965 46.40478283295895, -67.64878517782245 46.20925869414217, -69.08758192874376 45.89964235747873, -69.12965699428096 46.09516649629551, -67.69086024335965 46.40478283295895))"
5W,2019-06-30 02:55:00+00:00,2019-06-30 04:55:00+00:00,0.0,41000.0,"POLYGON ((-109.38724442398623 34.21529689691285, -108.7742005369198 32.67797933545631, -109.19466473511027 32.13641704719338, -110.4361291514257 32.265092824287045, -109.38724442398623 34.21529689691285))"
18E,2019-06-30 02:55:00+00:00,2019-06-30 04:55:00+00:00,0.0,45000.0,"POLYGON ((-81.51356412082862 40.804687861416646, -75.68 39.91452417705443, -75.51 37.85089313279082, -82.18857484306923 40.02197295814105, -81.51356412082862 40.804687861416646))"
17E,2019-06-30 02:55:00+00:00,2019-06-30 04:55:00+00:00,0.0,39000.0,"POLYGON ((-73.310666535843 44.90133264973816, -69.1372296648862 44.3785721526258, -71.75385808028578 42.91245820901801, -75.98906613120907 43.223473030675166, -73.310666535843 44.90133264973816))"
12C,2019-06-30 02:55:00+00:00,2019-06-30 04:55:00+00:00,0.0,45000.0,"POLYGON ((-97.23 49.018155221318054, -95.59648879702297 48.50080359256276, -98.78247479593598 47.49325646935719, -97.23 49.018155221318054))"
10C,2019-06-30 02:55:00+00:00,2019-06-30 04:55:00+00:00,0.0,45000.0,"POLYGON ((-96.62146975111584 32.51638078898611, -95.30456035651694 31.948221909203493, -96.27712857600388 30.819691075850102, -97.99429550319113 31.91262197178591, -96.62146975111584 32.51638078898611))"
11C,2019-06-30 02:55:00+00:00,2019-06-30 04:55:00+00:00,0.0,45000.0,"POLYGON ((-102.04061226692296 43.27002758203392, -99.99 43.06910686720917, -103.01262793713832 40.46728954722068, -105.39103520915326 40.7377626370512, -102.04061226692296 43.27002758203392))"
20E,2019-06-30 03:55:00+00:00,2019-06-30 05:55:00+00:00,0.0,29000.0,"POLYGON ((-68.32915988777505 46.56482223341817, -68.17234618673119 46.44068737463576, -69.3583153474181 44.94250857751658, -69.51512904846196 45.06664343629899, -68.32915988777505 46.56482223341817))"
23E,2019-06-30 03:55:00+00:00,2019-06-30 05:55:00+00:00,0.0,43000.0,"POLYGON ((-86.08789322366032 30.317517752031666, -85.40680506073709 29.47570172355367, -86.68 28.661435908686578, -88.2787114698604 29.16767734840468, -86.08789322366032 30.317517752031666))"
13C,2019-06-30 03:55:00+00:00,2019-06-30 05:55:00+00:00,0.0,45000.0,"POLYGON ((-97.40388187344247 32.562791639367894, -95.23222692783536 32.010172545415074, -96.69210770548551 30.377326970231238, -98.24549608152638 30.991413935956988, -97.40388187344247 32.562791639367894))"
6W,2019-06-30 03:55:00+00:00,2019-06-30 05:55:00+00:00,0.0,41000.0,"POLYGON ((-109.78594404622325 34.197001264685134, -108.87342696475305 33.885445795380654, -108.94368439808117 32.380255708670965, -110.4361291514257 32.265092824287045, -109.78594404622325 34.197001264685134))"
24E,2019-06-30 03:55:00+00:00,2019-06-30 05:55:00+00:00,0.0,45000.0,"POLYGON ((-83.49897002959062 25.217107218672528, -79.5128567803571 24.10724738331726, -82.44386152768286 24.000431939860878, -83.49897002959062 25.217107218672528))"
22E,2019-06-30 03:55:00+00:00,2019-06-30 05:55:00+00:00,0.0,45000.0,"POLYGON ((-81.15557599914987 40.63433787258238, -75.26560286357203 39.81073068652504, -74.39420312303088 38.330768588492354, -75.51 37.85089313279082, -84.04 39.79089313279081, -81.15557599914987 40.63433787258238))"
21E,2019-06-30 03:55:00+00:00,2019-06-30 05:55:00+00:00,0.0,44000.0,"POLYGON ((-71.78959166200556 44.55867021381868, -68.4269482695153 44.070611671082986, -71.25039893941921 42.82082131515636, -75.56983618875303 42.967267564956344, -71.78959166200556 44.55867021381868))"
15C,2019-06-30 03:55:00+00:00,2019-06-30 05:55:00+00:00,0.0,45000.0,"POLYGON ((-97.23 49.018155221318054, -95.02 48.74458269015474, -99.21303915744222 46.75075420740385, -97.23 49.018155221318054))"
14C,2019-06-30 03:55:00+00:00,2019-06-30 05:55:00+00:00,0.0,45000.0,"POLYGON ((-102.04061226692296 43.27002758203392, -99.99 43.06910686720917, -103.01262793713832 40.46728954722068, -105.39103520915326 40.7377626370512, -102.04061226692296 43.27002758203392))"
CHARLIE 2,2019-06-30 04:15:00+00:00,2019-06-30 08:15:00+00:00,0.0,40000.0,"POLYGON ((-65.3 42.15, -61.3 42, -62.15 40.15, -66.15 41.15, -65.3 42.15))"
28E,2019-06-30 04:55:00+00:00,2019-06-30 06:55:00+00:00,0.0,45000.0,"POLYGON ((-85.74995030128913 30.49472799175692, -85.17364922592283 29.681826095438794, -86.68 29.095148726949265, -87.72506694391085 29.39279273508559, -85.74995030128913 30.49472799175692))"
26E,2019-06-30 04:55:00+00:00,2019-06-30 06:55:00+00:00,0.0,45000.0,"POLYGON ((-71.38129746723308 42.35933474572189, -71.12812083699073 42.257689940180164, -71.50427623224512 41.85354224620451, -72.30129019239563 41.9393444754566, -71.38129746723308 42.35933474572189))"
30E,2019-06-30 04:55:00+00:00,2019-06-30 06:55:00+00:00,0.0,42000.0,"POLYGON ((-83.26117160628476 28.419915230542266, -83.00719977656254 27.90961354889639, -83.28335153448181 27.6873868602384, -83.49798921335153 27.907584730163375, -83.26117160628476 28.419915230542266))"
8W,2019-06-30 04:55:00+00:00,2019-06-30 06:55:00+00:00,0.0,39000.0,"POLYGON ((-108.55441760549061 47.34241260922502, -108.13679468570093 46.61038857517179, -109.21097335653364 46.217392771007944, -109.54 47.07, -108.55441760549061 47.34241260922502))"
7W,2019-06-30 04:55:00+00:00,2019-06-30 06:55:00+00:00,0.0,39000.0,"POLYGON ((-110.39838507337645 34.257939352864526, -108.8638895866517 33.070779631839535, -109.01874033718657 32.065316425545674, -111.32708932212135 33.42807358284673, -110.39838507337645 34.257939352864526))"
9W,2019-06-30 04:55:00+00:00,2019-06-30 06:55:00+00:00,0.0,40000.0,"POLYGON ((-120.08061405752373 45.36235233241346, -119.33141402859023 45.03149566403496, -120.36329661464114 44.522808963369805, -120.72514268638527 44.657473479624414, -120.08061405752373 45.36235233241346))"
29E,2019-06-30 04:55:00+00:00,2019-06-30 06:55:00+00:00,0.0,45000.0,"POLYGON ((-82.97790131436908 26.079335843722717, -78.47537047632721 24.14196710441644, -82.31556621708232 24.11856181931795, -84.01203489161892 25.40144816531183, -82.97790131436908 26.079335843722717))"
27E,2019-06-30 04:55:00+00:00,2019-06-30 06:55:00+00:00,0.0,45000.0,"POLYGON ((-81.22216093339668 40.14663890851792, -76.7806211694673 39.56349645868131, -77.95133628575805 38.48626694066087, -83.70913291483416 39.674707018512514, -81.22216093339668 40.14663890851792))"
25E,2019-06-30 04:55:00+00:00,2019-06-30 06:55:00+00:00,0.0,45000.0,"POLYGON ((-69.75983844082356 43.681525863508824, -68.08073073166352 43.453895778012736, -70.36407272607751 42.54930078149215, -71.25039893941921 42.82082131515636, -69.75983844082356 43.681525863508824))"
18C,2019-06-30 04:55:00+00:00,2019-06-30 06:55:00+00:00,0.0,45000.0,"POLYGON ((-96.64861485724528 48.926296066270524, -93.87574033003665 48.69639590106215, -94.6696337837465 47.81474951032868, -97.19 47.95, -96.64861485724528 48.926296066270524))"
17C,2019-06-30 04:55:00+00:00,2019-06-30 06:55:00+00:00,0.0,45000.0,"POLYGON ((-101.29639606091149 43.560830911975906, -99.64074369604437 43.18429236797235, -102.92836700647567 40.620843265775434, -104.51788415577523 40.74860937678184, -101.29639606091149 43.560830911975906))"
16C,2019-06-30 04:55:00+00:00,2019-06-30 06:55:00+00:00,0.0,45000.0,"POLYGON ((-98.03037535567614 32.86609813104934, -96.37019852442019 31.338508877722262, -96.852238933185 29.790047765613423, -99.10383237487044 30.85270571132936, -98.03037535567614 32.86609813104934))"
CHARLIE 3,2019-06-30 05:30:00+00:00,2019-06-30 09:30:00+00:00,0.0,42000.0,"POLYGON ((-65.3 42.15, -60.45 41.45, -66.15 37, -68.3 38, -65 40.3, -65.3 42.15))"
32E,2019-06-30 05:55:00+00:00,2019-06-30 07:55:00+00:00,0.0,45000.0,"POLYGON ((-80.96392286138914 39.752778534815405, -77.7294193777557 39.49759440435699, -79.44781637771844 38.3970440977387, -81.10673302461737 39.48538070539166, -80.96392286138914 39.752778534815405))"
34E,2019-06-30 05:55:00+00:00,2019-06-30 07:55:00+00:00,0.0,38000.0,"POLYGON ((-88.67961080880822 30.061777665082957, -87.25277072908092 29.626644268814356, -87.66250245918195 29.25890691881109, -88.92620314144315 29.458382138503936, -88.67961080880822 30.061777665082957))"
19C,2019-06-30 05:55:00+00:00,2019-06-30 07:55:00+00:00,0.0,45000.0,"POLYGON ((-98.88575670926988 30.928612702900896, -96.52453731204442 30.37615088275426, -97.01382606355064 29.37153817238279, -99.35527079019141 30.43319942851285, -98.88575670926988 30.928612702900896))"
20C,2019-06-30 05:55:00+00:00,2019-06-30 07:55:00+00:00,0.0,45000.0,"POLYGON ((-100.44663406194758 43.370497401971235, -99.68690180652098 43.10386720806672, -101.12058552113884 41.71724054255493, -102.21646401059134 42.27037351021368, -100.44663406194758 43.370497401971235))"
22C,2019-06-30 05:55:00+00:00,2019-06-30 07:55:00+00:00,0.0,34000.0,"POLYGON ((-98.44215045697653 32.215742924647664, -97.98760500243107 32.215742924647664, -97.98760500243107 31.761197470102207, -98.44215045697653 31.761197470102207, -98.44215045697653 32.215742924647664))"
10W,2019-06-30 05:55:00+00:00,2019-06-30 07:55:00+00:00,0.0,31000.0,"POLYGON ((-109.30725220485701 39.224833630200656, -108.60381423244021 39.05985198436235, -108.93 38.24371281826269, -109.77740628998333 38.41638346336164, -109.30725220485701 39.224833630200656))"
12W,2019-06-30 05:55:00+00:00,2019-06-30 07:55:00+00:00,0.0,35000.0,"POLYGON ((-119.32172557050801 45.58871372223848, -118.94000000000001 45.41085812115822, -119.80868992632496 45.08332124688305, -120.08061405752373 45.36235233241346, -119.32172557050801 45.58871372223848))"
33E,2019-06-30 05:55:00+00:00,2019-06-30 07:55:00+00:00,0.0,42000.0,"POLYGON ((-74.8 38.767262088527225, -72.25555602617851 38.24451853059374, -74.12016973503353 36.871874559671994, -75.11870304124645 38.22201601428515, -74.8 38.767262088527225))"
35E,2019-06-30 05:55:00+00:00,2019-06-30 07:55:00+00:00,0.0,45000.0,"POLYGON ((-82.71166105579938 25.41072961911324, -80.28 25.13452417705443, -78.3482983082875 24.022719882865772, -82.07870782025289 23.9749247783217, -82.71166105579938 25.41072961911324))"
31E,2019-06-30 05:55:00+00:00,2019-06-30 07:55:00+00:00,0.0,45000.0,"POLYGON ((-69.23558126018924 43.42176921549752, -68.54860539674647 43.411482893540494, -69.63921535313581 42.352071745190194, -70.50968662390335 42.711922886847105, -69.23558126018924 43.42176921549752))"
21C,2019-06-30 05:55:00+00:00,2019-06-30 07:55:00+00:00,0.0,45000.0,"POLYGON ((-95.79834144547387 48.89992915975619, -93.17800645056752 48.50610012183533, -94.32863254872048 47.1073469278029, -97.01475798364254 47.83222587541091, -95.79834144547387 48.89992915975619))"
11W,2019-06-30 05:55:00+00:00,2019-06-30 07:55:00+00:00,0.0,37000.0,"POLYGON ((-108.00378533096217 47.82977178219938, -107.5222719592918 46.814953004992944, -108.62000000000002 46.47547582294557, -108.84296714031849 47.53846137754133, -108.00378533096217 47.82977178219938))"
41E,2019-06-30 06:55:00+00:00,2019-06-30 08:55:00+00:00,0.0,45000.0,"POLYGON ((-81.8 25.457425636525368, -80.0352948498954 25.265531115424707, -79.55225447247375 24.19540677724495, -80.77496090601463 24.199262682122832, -81.8 25.457425636525368))"
24C,2019-06-30 06:55:00+00:00,2019-06-30 08:55:00+00:00,0.0,45000.0,"POLYGON ((-89.08727272727275 40.40098554553541, -88.63272727272728 40.40098554553541, -88.63272727272728 39.94644009098996, -89.08727272727275 39.94644009098996, -89.08727272727275 40.40098554553541))"
25C,2019-06-30 06:55:00+00:00,2019-06-30 08:55:00+00:00,0.0,45000.0,"POLYGON ((-99.04190690953568 30.874309919322872, -96.27191252735597 29.624841601015948, -97.87487287883147 29.127580541516576, -99.6279638327521 30.199160574723766, -99.04190690953568 30.874309919322872))"
15W,2019-06-30 06:55:00+00:00,2019-06-30 08:55:00+00:00,0.0,34000.0,"POLYGON ((-119.3232393869722 45.810010008102815, -118.94 45.7, -119.17595690252097 45.29905756507521, -119.52122918649742 45.28961069145118, -119.3232393869722 45.810010008102815))"
40E,2019-06-30 06:55:00+00:00,2019-06-30 08:55:00+00:00,0.0,41000.0,"POLYGON ((-87.91977605708156 29.807027638847178, -86.68 29.665417309845242, -87.6307966136423 29.190912175467794, -88.87279943900792 29.653057515835197, -87.91977605708156 29.807027638847178))"
36E,2019-06-30 06:55:00+00:00,2019-06-30 08:55:00+00:00,0.0,45000.0,"POLYGON ((-68.77757084315371 43.415368555578354, -67.91026303078768 43.145151384017474, -68.75931543449695 42.2141970114123, -69.63921535313581 42.352071745190194, -68.77757084315371 43.415368555578354))"
39E,2019-06-30 06:55:00+00:00,2019-06-30 08:55:00+00:00,0.0,42000.0,"POLYGON ((-74.04831366555631 38.50937374795807, -71.86951135689726 38.108070973791584, -73.08087118819039 36.84922738544569, -74.53434818943421 38.02761640341515, -74.04831366555631 38.50937374795807))"
38E,2019-06-30 06:55:00+00:00,2019-06-30 08:55:00+00:00,0.0,45000.0,"POLYGON ((-80.65447382353831 39.712472227796134, -77.87 38.806368955736396, -78.46852271958727 38.16790808413082, -80.82 39.35452417705444, -80.65447382353831 39.712472227796134))"
37E,2019-06-30 06:55:00+00:00,2019-06-30 08:55:00+00:00,0.0,45000.0,"POLYGON ((-67.75615296355639 41.958096613856135, -67.15305874683217 41.24417760921642, -68.60808196405806 40.825551519565714, -68.92313924388488 41.274699054739656, -67.75615296355639 41.958096613856135))"
23C,2019-06-30 06:55:00+00:00,2019-06-30 08:55:00+00:00,0.0,45000.0,"POLYGON ((-94.57870979123473 48.882446840330374, -92.48554979931848 48.311619474997826, -93.75093003437351 46.81077718879923, -97.00101031206006 47.642434564792055, -94.57870979123473 48.882446840330374))"
14W,2019-06-30 06:55:00+00:00,2019-06-30 08:55:00+00:00,0.0,36000.0,"POLYGON ((-107.31949294077114 48.02693314732605, -106.81190755296451 46.96498981535245, -108.06270188051028 46.73089018976146, -108.23072149677571 47.76315164863681, -107.31949294077114 48.02693314732605))"
13W,2019-06-30 06:55:00+00:00,2019-06-30 08:55:00+00:00,0.0,41000.0,"POLYGON ((-111.46626009269494 33.619770289016145, -109.39895047599234 32.152283304807085, -109.9511867790765 31.679912939298102, -111.60887001725484 32.68628639374022, -111.46626009269494 33.619770289016145))"
45E,2019-06-30 07:55:00+00:00,2019-06-30 09:55:00+00:00,0.0,42000.0,"POLYGON ((-73.88715191364103 38.38083364983567, -71.91332722915506 38.12364704983345, -73.30870436477785 36.85496763814194, -74.32419117477049 37.956739761599884, -73.88715191364103 38.38083364983567))"
44E,2019-06-30 07:55:00+00:00,2019-06-30 09:55:00+00:00,0.0,45000.0,"POLYGON ((-79.70416426155133 39.216014412527755, -78.21147330560862 38.528853531682984, -78.88936054595993 37.917315694065216, -80.0290339244019 38.776412368563925, -79.70416426155133 39.216014412527755))"
47E,2019-06-30 07:55:00+00:00,2019-06-30 09:55:00+00:00,0.0,42000.0,"POLYGON ((-81.78 25.951716242316426, -79.97445658483859 25.131850901814374, -79.55225447247375 24.19540677724495, -80.62904358868819 24.14288289400962, -81.78 25.951716242316426))"
42E,2019-06-30 07:55:00+00:00,2019-06-30 09:55:00+00:00,0.0,45000.0,"POLYGON ((-68.10732787171523 43.501762552481075, -67.81169959012414 42.96508535653236, -68.23766551100884 41.81941590719887, -69.06721092729084 41.99160427337389, -68.10732787171523 43.501762552481075))"
46E,2019-06-30 07:55:00+00:00,2019-06-30 09:55:00+00:00,0.0,43000.0,"POLYGON ((-83.26117160628476 28.419915230542266, -83.14449303795003 28.31812903682967, -83.237073995238 26.78495666823789, -83.35085788746275 26.682127353065905, -83.26117160628476 28.419915230542266))"
16W,2019-06-30 07:55:00+00:00,2019-06-30 09:55:00+00:00,0.0,33000.0,"POLYGON ((-106.7128205171852 48.086404071006136, -105.95 47.10285469710448, -107.11869305290578 46.70602164095029, -107.42839507199656 47.99592775866167, -106.7128205171852 48.086404071006136))"
43E,2019-06-30 07:55:00+00:00,2019-06-30 09:55:00+00:00,0.0,45000.0,"POLYGON ((-67.12776205799324 42.135165731758825, -66.93193646781027 41.238457112729044, -68.40655729833676 40.75921272945844, -68.79564651424269 41.65542942224836, -67.12776205799324 42.135165731758825))"
27C,2019-06-30 07:55:00+00:00,2019-06-30 09:55:00+00:00,0.0,45000.0,"POLYGON ((-99.28533853559829 30.407906945601354, -96.852238933185 29.790047765613423, -97.78715740613077 29.050099161629138, -99.82 29.76815522131804, -99.28533853559829 30.407906945601354))"
26C,2019-06-30 07:55:00+00:00,2019-06-30 09:55:00+00:00,0.0,45000.0,"POLYGON ((-93.87574033003665 48.69639590106215, -91.79840681925181 48.113014139092165, -93.13514434899064 46.601187669668604, -96.66665241089504 47.59588349247036, -93.87574033003665 48.69639590106215))"
CHARLIE 4,2019-06-30 08:45:00+00:00,2019-06-30 12:45:00+00:00,0.0,45000.0,"POLYGON ((-61.15 42.15, -58 41.45, -63.45 37.15, -69.15 38.45, -66.3 39.15, -61.15 42.15))"
50E,2019-06-30 08:55:00+00:00,2019-06-30 10:55:00+00:00,0.0,42000.0,"POLYGON ((-72.92317476480595 38.47631615584957, -72.7399328010859 37.446039405728555, -73.15120009541278 37.55170573248467, -73.62968352333836 38.17406920169719, -72.92317476480595 38.47631615584957))"
48E,2019-06-30 08:55:00+00:00,2019-06-30 10:55:00+00:00,0.0,43000.0,"POLYGON ((-67.73859902851368 42.830798191352976, -67.3375719123388 41.248626529843456, -69.0880932520638 40.56054823705864, -70.03 40.70171624231643, -67.73859902851368 42.830798191352976))"
30C,2019-06-30 08:55:00+00:00,2019-06-30 10:55:00+00:00,0.0,38000.0,"POLYGON ((-97.52462114208697 32.460156528309916, -97.39962432749827 31.392802205184726, -97.8961816667922 31.437171228573096, -98.3730108208536 32.04253345908895, -97.52462114208697 32.460156528309916))"
31C,2019-06-30 08:55:00+00:00,2019-06-30 10:55:00+00:00,0.0,38000.0,"POLYGON ((-99.5837496812839 44.79746641612471, -98.68233655194383 44.885307156704975, -99.73306874651493 44.082520892185116, -100.16000000000001 44.245429060579106, -99.5837496812839 44.79746641612471))"
32C,2019-06-30 08:55:00+00:00,2019-06-30 10:55:00+00:00,0.0,34000.0,"POLYGON ((-103.35418694741253 46.692536068290245, -103.09045869322183 46.32528520666694, -104.92614415638425 45.65980014066495, -104.9868699498977 46.09931825205209, -103.35418694741253 46.692536068290245))"
49E,2019-06-30 08:55:00+00:00,2019-06-30 10:55:00+00:00,0.0,45000.0,"POLYGON ((-79.5058167750536 39.09949609017936, -78.65433459047547 38.382710601601474, -78.8359418763432 38.01784094918022, -79.85612054271215 38.44863091008301, -79.5058167750536 39.09949609017936))"
52E,2019-06-30 08:55:00+00:00,2019-06-30 10:55:00+00:00,0.0,35000.0,"POLYGON ((-80.43158422428436 29.88648850803795, -78.43961397804969 29.273439933692682, -78.21648200970473 28.48908274740241, -79.27005623616982 28.120319361713236, -80.43158422428436 29.88648850803795))"
51E,2019-06-30 08:55:00+00:00,2019-06-30 10:55:00+00:00,0.0,45000.0,"POLYGON ((-83.05 29.26726208852722, -82.83527003641518 26.78489076403373, -83.58517661441802 27.014182684276577, -83.72258195053587 29.010101918639464, -83.05 29.26726208852722))"
53E,2019-06-30 08:55:00+00:00,2019-06-30 10:55:00+00:00,0.0,32000.0,"POLYGON ((-76.2 44.15821373441835, -74.92783876104926 43.53497988146811, -75.35363781874884 43.41155545294415, -76.2 43.65910686720917, -76.2 44.15821373441835))"
28C,2019-06-30 08:55:00+00:00,2019-06-30 10:55:00+00:00,0.0,45000.0,"POLYGON ((-93.69604475718468 48.108528757136554, -90.97835432733909 47.61705584813174, -93.1434435539389 46.09189651976792, -95.92699049662752 47.32174589486951, -93.69604475718468 48.108528757136554))"
29C,2019-06-30 08:55:00+00:00,2019-06-30 10:55:00+00:00,0.0,45000.0,"POLYGON ((-99.2759405436463 30.128305530125854, -97.36585252328616 29.13789487785986, -97.87599258993156 28.821542252083713, -99.6247133900029 29.355108574801317, -99.2759405436463 30.128305530125854))"
DELTA 1,2019-06-30 09:15:00+00:00,2019-06-30 13:15:00+00:00,0.0,42000.0,"POLYGON ((-71.15 33.45, -66.45 31.15, -59.45 30.3, -59 28, -68 30, -72 32.45, -71.15 33.45))"
60E,2019-06-30 09:55:00+00:00,2019-06-30 11:55:00+00:00,0.0,32000.0,"POLYGON ((-74.92413335212369 44.909818178983215, -74.72 44.620858121158214, -75.10612120463882 44.24151384832895, -75.43536064958961 44.39661852690308, -74.92413335212369 44.909818178983215))"
56E,2019-06-30 09:55:00+00:00,2019-06-30 11:55:00+00:00,0.0,42000.0,"POLYGON ((-72.58546813903706 38.359722892611025, -72.7399328010859 37.446039405728555, -73.15120009541278 37.55170573248467, -73.37367391225632 37.96674579186318, -72.58546813903706 38.359722892611025))"
61E,2019-06-30 09:55:00+00:00,2019-06-30 11:55:00+00:00,0.0,37000.0,"POLYGON ((-68.4622321772458 44.83927449544598, -68.29738798503902 44.42965428388199, -68.40825541379617 44.03766446071424, -68.87 44.26171624231643, -68.4622321772458 44.83927449544598))"
58E,2019-06-30 09:55:00+00:00,2019-06-30 11:55:00+00:00,0.0,45000.0,"POLYGON ((-77.14542774327897 32.87862845857617, -76.82403370368165 32.208465830153784, -78.59893688826263 31.654990326569408, -78.61649783822287 32.384003383515086, -77.14542774327897 32.87862845857617))"
59E,2019-06-30 09:55:00+00:00,2019-06-30 11:55:00+00:00,0.0,36000.0,"POLYGON ((-75.09541349850004 43.486654399540704, -74.36055051891627 43.157547089767284, -74.7134997580425 43.02300442769115, -75.40725288646388 43.157263453488675, -75.09541349850004 43.486654399540704))"
36C,2019-06-30 09:55:00+00:00,2019-06-30 11:55:00+00:00,0.0,42000.0,"POLYGON ((-99.5837496812839 44.79746641612471, -99.22103749905745 44.66279020940981, -99.73306874651493 44.082520892185116, -99.9732650692898 44.33452288844272, -99.5837496812839 44.79746641612471))"
33C,2019-06-30 09:55:00+00:00,2019-06-30 11:55:00+00:00,0.0,45000.0,"POLYGON ((-94.02300231844997 48.15945501223531, -90.82440569364228 47.17907533379216, -92.84508142282645 45.537155456042576, -95.34475853412097 47.04527379425897, -94.02300231844997 48.15945501223531))"
37C,2019-06-30 09:55:00+00:00,2019-06-30 11:55:00+00:00,0.0,38000.0,"POLYGON ((-102.98142747720546 46.85980536304434, -102.77 46.426287181737315, -103.94806477085491 46.03607570228571, -104.69273442769418 46.37311023010341, -102.98142747720546 46.85980536304434))"
35C,2019-06-30 09:55:00+00:00,2019-06-30 11:55:00+00:00,0.0,36000.0,"POLYGON ((-98.36563244946463 31.092931871627066, -98.03274124290867 30.37903769269292, -98.98021146678154 30.597303392786653, -99.19787994136524 30.819819914120085, -98.36563244946463 31.092931871627066))"
17W,2019-06-30 09:55:00+00:00,2019-06-30 11:55:00+00:00,0.0,37000.0,"POLYGON ((-107.08755213042339 47.91240702556412, -106.87717789764439 47.8190351867834, -107.20086933977028 47.28360536189354, -107.68920174675571 47.499496280695915, -107.08755213042339 47.91240702556412))"
55E,2019-06-30 09:55:00+00:00,2019-06-30 11:55:00+00:00,0.0,42000.0,"POLYGON ((-79.11678628224644 38.58753458744913, -78.65433459047547 38.382710601601474, -79.24 37.91547582294557, -79.77552067155793 38.294729581741606, -79.11678628224644 38.58753458744913))"
54E,2019-06-30 09:55:00+00:00,2019-06-30 11:55:00+00:00,0.0,43000.0,"POLYGON ((-66.7108543225198 41.23231367512957, -66.93193646781027 41.238457112729044, -68.4804754695701 41.269610727431655, -68.38102815496221 41.77762008166946, -66.7108543225198 41.23231367512957))"
57E,2019-06-30 09:55:00+00:00,2019-06-30 11:55:00+00:00,0.0,39000.0,"POLYGON ((-84.12959054430938 29.93870032634315, -83.18514014846834 29.48229093829512, -82.13345205899296 25.761040989273386, -82.69389247378191 25.703610405595555, -84.78878348330078 29.47703734748007, -84.12959054430938 29.93870032634315))"
34C,2019-06-30 09:55:00+00:00,2019-06-30 11:55:00+00:00,0.0,45000.0,"POLYGON ((-99.2759405436463 30.128305530125854, -96.66023942028421 28.63221525758191, -98.10921892872766 28.486585306557085, -99.89097089581738 29.03878587607854, -99.2759405436463 30.128305530125854))"
63E,2019-06-30 10:55:00+00:00,2019-06-30 12:55:00+00:00,0.0,41000.0,"POLYGON ((-80.11534877712033 29.296315376177343, -78.45798645570856 29.273804175733744, -78.51631447248634 28.38522115888339, -79.27848637280454 28.117325761342954, -80.11534877712033 29.296315376177343))"
42C,2019-06-30 10:55:00+00:00,2019-06-30 12:55:00+00:00,0.0,30000.0,"POLYGON ((-102.1674036269722 47.26733582277907, -101.51410862300115 46.75689679043577, -102.5290649560797 46.459047521575, -103.06786989191505 46.65515845105206, -102.1674036269722 47.26733582277907))"
41C,2019-06-30 10:55:00+00:00,2019-06-30 12:55:00+00:00,0.0,42000.0,"POLYGON ((-96.183455368752 29.027073305853563, -95.81525992354989 28.759099054869413, -96.98590540349731 28.065230351611735, -97.25149507953233 28.30057007399128, -96.183455368752 29.027073305853563))"
43C,2019-06-30 10:55:00+00:00,2019-06-30 12:55:00+00:00,0.0,40000.0,"POLYGON ((-94.62082507950142 29.332780451745645, -94.43900689768323 29.332780451745645, -94.43900689768323 29.150962269927465, -94.62082507950142 29.150962269927465, -94.62082507950142 29.332780451745645))"
18W,2019-06-30 10:55:00+00:00,2019-06-30 12:55:00+00:00,0.0,37000.0,"POLYGON ((-106.79521180604192 47.95274893931946, -106.63 47.786287181737315, -107.20086933977028 47.28360536189354, -107.53968130196385 47.60301804587773, -106.79521180604192 47.95274893931946))"
67E,2019-06-30 10:55:00+00:00,2019-06-30 12:55:00+00:00,0.0,34000.0,"POLYGON ((-74.88576894908826 44.792239319631975, -74.3642060153232 44.29462427253707, -74.72 43.91178626558165, -75.37903767736725 44.43753214997941, -74.88576894908826 44.792239319631975))"
66E,2019-06-30 10:55:00+00:00,2019-06-30 12:55:00+00:00,0.0,33000.0,"POLYGON ((-75.14095569490476 43.47346515960337, -73.71308308340424 42.903672061567484, -74.42600742947047 42.55729219887414, -75.87620523702529 43.39482580724368, -75.14095569490476 43.47346515960337))"
62E,2019-06-30 10:55:00+00:00,2019-06-30 12:55:00+00:00,0.0,41000.0,"POLYGON ((-66.93193646781027 41.238457112729044, -67.00718342785322 40.285131084847016, -67.80440202587403 40.55810345247593, -67.59541230998616 41.2543491535426, -66.93193646781027 41.238457112729044))"
65E,2019-06-30 10:55:00+00:00,2019-06-30 12:55:00+00:00,0.0,45000.0,"POLYGON ((-78.45511452833776 32.88000418259385, -77.0382851343027 32.656419589869714, -76.67065906260929 31.884832305941785, -78.38501580971713 31.467382158990375, -78.45511452833776 32.88000418259385))"
64E,2019-06-30 10:55:00+00:00,2019-06-30 12:55:00+00:00,0.0,45000.0,"POLYGON ((-84.12959054430938 29.93870032634315, -83.18514014846834 29.48229093829512, -82.30380527474698 26.058482039171153, -82.97790131436908 26.079335843722717, -84.78878348330078 29.47703734748007, -84.12959054430938 29.93870032634315))"
38C,2019-06-30 10:55:00+00:00,2019-06-30 12:55:00+00:00,0.0,45000.0,"POLYGON ((-93.41000000000001 48.23726208852722, -90.17591208310544 46.93790643131056, -92.73894942563432 45.22183091325544, -94.99405903323921 46.34594898189536, -93.41000000000001 48.23726208852722))"
39C,2019-06-30 10:55:00+00:00,2019-06-30 12:55:00+00:00,0.0,45000.0,"POLYGON ((-99.31454319328525 32.28782345440256, -97.94058048361798 30.73228010495411, -98.86748571452526 29.9922989611131, -100.03509570923327 31.72225441977049, -99.31454319328525 32.28782345440256))"
40C,2019-06-30 10:55:00+00:00,2019-06-30 12:55:00+00:00,0.0,44000.0,"POLYGON ((-98.99154167604539 29.829940069245925, -97.01304559912371 29.01284678973706, -97.97478574416338 28.369529555461696, -99.71582581337711 28.973856989398584, -98.99154167604539 29.829940069245925))"
CHARLIE 5,2019-06-30 11:15:00+00:00,2019-06-30 15:15:00+00:00,0.0,45000.0,"POLYGON ((-64.3 42.15, -57.15 41.15, -64 36.3, -70.15 37.3, -66.15 39.45, -64.3 42.15))"
DELTA 2,2019-06-30 11:30:00+00:00,2019-06-30 15:30:00+00:00,0.0,45000.0,"POLYGON ((-72.45 32.15, -50 29.3, -55.3 26, -71.15 30.3, -73.45 27.15, -75.3 28.15, -72.45 32.15))"
68E,2019-06-30 11:55:00+00:00,2019-06-30 13:55:00+00:00,0.0,42000.0,"POLYGON ((-80.11534877712033 29.296315376177343, -78.45798645570856 29.273804175733744, -78.51631447248634 28.38522115888339, -79.1263583695969 28.171242487101285, -80.11534877712033 29.296315376177343))"
71E,2019-06-30 11:55:00+00:00,2019-06-30 13:55:00+00:00,0.0,34000.0,"POLYGON ((-74.50185424514312 43.25900355684137, -73.43686946993168 42.638775976252, -74.21558275153455 42.44256520433218, -75.47023331886619 42.93637620053637, -74.50185424514312 43.25900355684137))"
72E,2019-06-30 11:55:00+00:00,2019-06-30 13:55:00+00:00,0.0,34000.0,"POLYGON ((-74.31173587873745 44.90927272054142, -74.00463935041039 44.39661852690308, -74.41039596358375 44.375314668047054, -74.86408810794018 44.80768221322026, -74.31173587873745 44.90927272054142))"
49C,2019-06-30 11:55:00+00:00,2019-06-30 13:55:00+00:00,0.0,39000.0,"POLYGON ((-95.88034330468443 46.46926562414684, -95.2865755422748 46.34311744855724, -96.45120310376038 46.08147070221959, -96.40494254770226 46.442452613386344, -95.88034330468443 46.46926562414684))"
48C,2019-06-30 11:55:00+00:00,2019-06-30 13:55:00+00:00,0.0,35000.0,"POLYGON ((-94.62082507950142 29.332780451745645, -94.43900689768323 29.332780451745645, -94.43900689768323 29.150962269927465, -94.62082507950142 29.150962269927465, -94.62082507950142 29.332780451745645))"
47C,2019-06-30 11:55:00+00:00,2019-06-30 13:55:00+00:00,0.0,45000.0,"POLYGON ((-95.85219025131525 28.925203122343977, -95.55021288421337 28.4812512611716, -96.94924715648963 27.899130856114514, -96.97555063482021 28.308129365408774, -95.85219025131525 28.925203122343977))"
19W,2019-06-30 11:55:00+00:00,2019-06-30 13:55:00+00:00,0.0,35000.0,"POLYGON ((-107.53968130196385 47.60301804587773, -107.12056462363248 47.417547918013476, -108.94421149211524 46.65953844115255, -108.9032352287333 47.06823538233356, -107.53968130196385 47.60301804587773))"
69E,2019-06-30 11:55:00+00:00,2019-06-30 13:55:00+00:00,0.0,45000.0,"POLYGON ((-84.12959054430938 29.93870032634315, -83.05 29.433631044263617, -82.29452713152386 26.33807733320986, -82.80734252391953 26.144323595407585, -84.35 29.73452417705442, -84.12959054430938 29.93870032634315))"
70E,2019-06-30 11:55:00+00:00,2019-06-30 13:55:00+00:00,0.0,38000.0,"POLYGON ((-76.96425744252087 32.50218772195476, -76.67065906260929 31.884832305941785, -79.36799617291318 31.504854143236706, -79.06831981707582 32.062751988236165, -76.96425744252087 32.50218772195476))"
44C,2019-06-30 11:55:00+00:00,2019-06-30 13:55:00+00:00,0.0,45000.0,"POLYGON ((-94.28012265377649 47.57762104104076, -89.46 46.461844778681964, -91.30119160492869 44.592450255592254, -94.39485496326783 45.73459580440702, -94.28012265377649 47.57762104104076))"
45C,2019-06-30 11:55:00+00:00,2019-06-30 13:55:00+00:00,0.0,42000.0,"POLYGON ((-99.31454319328525 32.28782345440256, -98.06555231490383 30.56990798583969, -98.99154167604539 29.829940069245925, -100.09044886589382 31.242165215042228, -99.31454319328525 32.28782345440256))"
46C,2019-06-30 11:55:00+00:00,2019-06-30 13:55:00+00:00,0.0,35000.0,"POLYGON ((-97.9304709149763 29.447948339967343, -97.01304559912371 29.01284678973706, -97.84064902514227 28.252342220654576, -98.46 28.641786265581647, -97.9304709149763 29.447948339967343))"
76E,2019-06-30 12:55:00+00:00,2019-06-30 14:55:00+00:00,0.0,33000.0,"POLYGON ((-74.21971564926378 43.05591731701891, -73.01251633659616 42.747302436396474, -73.41073482693852 42.15905052887846, -75.0950252922227 42.460479539514225, -74.21971564926378 43.05591731701891))"
73E,2019-06-30 12:55:00+00:00,2019-06-30 14:55:00+00:00,0.0,35000.0,"POLYGON ((-78.29229768140722 29.270428376573577, -78.21037324678865 28.491189867959182, -79.1263583695969 28.171242487101285, -79.78382318143825 29.29344974687121, -78.29229768140722 29.270428376573577))"
53C,2019-06-30 12:55:00+00:00,2019-06-30 14:55:00+00:00,0.0,39000.0,"POLYGON ((-94.02244200866102 29.512761981510803, -93.84062382684283 29.512761981510803, -93.84062382684283 29.330943799692623, -94.02244200866102 29.330943799692623, -94.02244200866102 29.512761981510803))"
74E,2019-06-30 12:55:00+00:00,2019-06-30 14:55:00+00:00,0.0,45000.0,"POLYGON ((-83.80703713433742 29.928314528563, -82.78003344855044 29.364445634601253, -82.68 28.076368955736392, -83.37410889149062 27.653595118851918, -84.35 29.73452417705442, -83.80703713433742 29.928314528563))"
75E,2019-06-30 12:55:00+00:00,2019-06-30 14:55:00+00:00,0.0,40000.0,"POLYGON ((-77.0382851343027 32.656419589869714, -76.67065906260929 31.884832305941785, -79.4862113480442 31.57662182340266, -80.02519000488448 31.773369501996388, -77.0382851343027 32.656419589869714))"
78E,2019-06-30 12:55:00+00:00,2019-06-30 14:55:00+00:00,0.0,45000.0,"POLYGON ((-86.13466574353804 30.358295136734466, -85.56446082960115 29.33561597820869, -86.68 28.999941486899676, -87.40991619648305 29.290904068838216, -87.22533425646198 30.358295136734466, -86.13466574353804 30.358295136734466))"
77E,2019-06-30 12:55:00+00:00,2019-06-30 14:55:00+00:00,0.0,36000.0,"POLYGON ((-80.69099427377796 38.71750841571271, -79.64869264835566 38.55620734700596, -79.69526203336449 38.14077334138909, -81.50827419756392 37.65202920401076, -82.48030684743435 38.39621229948763, -80.69099427377796 38.71750841571271))"
54C,2019-06-30 12:55:00+00:00,2019-06-30 14:55:00+00:00,0.0,39000.0,"POLYGON ((-95.02 46.74815522131804, -94.7530599038952 46.34772125416716, -97.71527899734322 45.22712558541912, -97.5231693161076 46.00509653020866, -95.02 46.74815522131804))"
50C,2019-06-30 12:55:00+00:00,2019-06-30 14:55:00+00:00,0.0,45000.0,"POLYGON ((-94.52674013512328 47.57894266784768, -89.36870465693616 45.78366858230514, -90.97720087948173 44.26186701468672, -94.1789549985163 44.86615300370806, -94.52674013512328 47.57894266784768))"
52C,2019-06-30 12:55:00+00:00,2019-06-30 14:55:00+00:00,0.0,45000.0,"POLYGON ((-95.55089171359393 28.757878939558193, -94.91416845680416 28.243499346776428, -96.87525374698188 27.898849006115082, -96.9052142558366 28.369529555461696, -95.55089171359393 28.757878939558193))"
51C,2019-06-30 12:55:00+00:00,2019-06-30 14:55:00+00:00,0.0,45000.0,"POLYGON ((-99.31454319328525 32.28782345440256, -98.30138409186 30.37773447881275, -99.22565175848308 29.637801042878127, -100.31239118107055 31.25228592573746, -99.31454319328525 32.28782345440256))"
20W,2019-06-30 12:55:00+00:00,2019-06-30 14:55:00+00:00,0.0,35000.0,"POLYGON ((-106.91411518443324 47.758533089427594, -106.9865444409397 47.081203486840934, -108.64164568230386 46.81180918421376, -108.56299660711905 47.065845697401315, -106.91411518443324 47.758533089427594))"
58C,2019-06-30 13:55:00+00:00,2019-06-30 15:55:00+00:00,0.0,40000.0,"POLYGON ((-93.8800718347491 29.861128297009255, -93.30114918483132 29.739163146498836, -93.74130471400191 28.80282875408366, -94.52991598859232 29.241871360836555, -93.8800718347491 29.861128297009255))"
80E,2019-06-30 13:55:00+00:00,2019-06-30 15:55:00+00:00,0.0,40000.0,"POLYGON ((-80.74140487295652 38.90824531068147, -79.70564882348481 38.78200285313742, -79.98477151439766 37.83587867484488, -83.14329496713495 37.3444191708102, -83.80045586891734 38.31068550399571, -80.74140487295652 38.90824531068147))"
79E,2019-06-30 13:55:00+00:00,2019-06-30 15:55:00+00:00,0.0,45000.0,"POLYGON ((-83.32122903611679 29.835005498836335, -82.78003344855044 29.364445634601253, -82.68 28.076368955736392, -83.43306044547168 27.907952943525746, -84.10663405095258 29.213816273932444, -83.32122903611679 29.835005498836335))"
81E,2019-06-30 13:55:00+00:00,2019-06-30 15:55:00+00:00,0.0,42000.0,"POLYGON ((-86.13466574353804 30.358295136734466, -85.56446082960115 29.33561597820869, -86.68 28.999941486899676, -87.40991619648305 29.290904068838216, -87.22533425646198 30.358295136734466, -86.13466574353804 30.358295136734466))"
55C,2019-06-30 13:55:00+00:00,2019-06-30 15:55:00+00:00,0.0,45000.0,"POLYGON ((-92.40146707996382 45.45515601276651, -88.79268739181839 45.15748392405804, -90.67814736885333 43.54632630744694, -93.7349435307203 44.51600494576946, -92.40146707996382 45.45515601276651))"
59C,2019-06-30 13:55:00+00:00,2019-06-30 15:55:00+00:00,0.0,45000.0,"POLYGON ((-93.06875135139347 47.384941917276706, -92.2 46.30089313279082, -96.71105971434771 45.407991349081534, -96.85 46.084524177054426, -93.06875135139347 47.384941917276706))"
56C,2019-06-30 13:55:00+00:00,2019-06-30 15:55:00+00:00,0.0,45000.0,"POLYGON ((-99.13324003092005 32.223244372259146, -98.2392296444803 30.10093177842394, -99.60845674039682 29.63505248351929, -100.52444492412046 31.216273627371617, -99.13324003092005 32.223244372259146))"
57C,2019-06-30 13:55:00+00:00,2019-06-30 15:55:00+00:00,0.0,40000.0,"POLYGON ((-95.17135684729308 28.755227741662534, -94.56734362335169 28.112163378606606, -96.40015767798008 27.514100713451217, -96.5988116816614 28.144873699561114, -95.17135684729308 28.755227741662534))"
21W,2019-06-30 13:55:00+00:00,2019-06-30 15:55:00+00:00,0.0,33000.0,"POLYGON ((-106.72527063393271 48.06625568663009, -106.252298723062 47.6045565619278, -108.64164568230386 46.81180918421376, -108.86056949106586 47.25899604763327, -106.72527063393271 48.06625568663009))"
85E,2019-06-30 14:55:00+00:00,2019-06-30 16:55:00+00:00,0.0,40000.0,"POLYGON ((-70.82814377559772 45.44268403602049, -69.81633680936584 45.11272930945433, -70.14674537508327 44.230469694772474, -71.3507311266819 43.6204704271455, -72.02521693893823 43.78252917860908, -73.00631521373815 43.92267312633769, -73.16784677477536 44.59890074027799, -71.54621829009464 44.76906201791453, -70.82814377559772 45.44268403602049))"
61C,2019-06-30 14:55:00+00:00,2019-06-30 16:55:00+00:00,0.0,42000.0,"POLYGON ((-100.68893801155195 31.16532432721253, -99.462567625348 30.90619285961957, -98.76768666664731 29.750294680984574, -100.46316669020942 29.470298707145993, -100.68893801155195 31.16532432721253))"
62C,2019-06-30 14:55:00+00:00,2019-06-30 16:55:00+00:00,0.0,43000.0,"POLYGON ((-93.8800718347491 29.861128297009255, -93.11 29.706287181737324, -93.11 28.549719666370162, -94.19274592153579 27.968965548617486, -94.29773101624471 29.035776245217505, -93.8800718347491 29.861128297009255))"
84E,2019-06-30 14:55:00+00:00,2019-06-30 16:55:00+00:00,0.0,41000.0,"POLYGON ((-89.32770451625778 30.726410429325952, -85.96590365845428 30.57337477620931, -85.69781876556978 29.216673780951727, -86.68 28.833572531163288, -89.04765111827678 28.793887402199687, -89.32770451625778 30.726410429325952))"
86E,2019-06-30 14:55:00+00:00,2019-06-30 16:55:00+00:00,0.0,42000.0,"POLYGON ((-80.64857631903219 26.678907617793083, -79.4034547880396 26.42368438524639, -79.6298812004389 25.210354803629514, -80.9301187995611 25.210354803629514, -81.38674750248056 26.17653939656358, -80.64857631903219 26.678907617793083))"
82E,2019-06-30 14:55:00+00:00,2019-06-30 16:55:00+00:00,0.0,36000.0,"POLYGON ((-83.32122903611679 29.835005498836335, -82.78003344855044 29.364445634601253, -82.68 28.076368955736392, -83.37410889149062 27.653595118851918, -84.10663405095258 29.213816273932444, -83.32122903611679 29.835005498836335))"
83E,2019-06-30 14:55:00+00:00,2019-06-30 16:55:00+00:00,0.0,36000.0,"POLYGON ((-80.79507397691819 38.39437506344984, -79.77552067155793 38.294729581741606, -79.86700792962317 37.2483469760245, -83.14329496713495 37.3444191708102, -83.07389097721506 37.92184827117966, -80.79507397691819 38.39437506344984))"
63C,2019-06-30 14:55:00+00:00,2019-06-30 16:55:00+00:00,0.0,45000.0,"POLYGON ((-93.1023779695715 47.05113232632974, -92.2 46.30089313279082, -96.64917447952163 44.905647688094234, -96.85 45.75178626558164, -93.1023779695715 47.05113232632974))"
60C,2019-06-30 14:55:00+00:00,2019-06-30 16:55:00+00:00,0.0,45000.0,"POLYGON ((-90.82686261281665 45.089142678484905, -88.62238549668203 44.68651879409954, -90.4042265182389 43.077620086045435, -92.13892492188594 44.427532811382356, -90.82686261281665 45.089142678484905))"
22W,2019-06-30 14:55:00+00:00,2019-06-30 16:55:00+00:00,0.0,36000.0,"POLYGON ((-105.880920198954 48.217567018203326, -105.3867212641212 47.300862937665734, -108.06270188051028 46.73089018976146, -108.66676645742726 47.65491072087989, -105.880920198954 48.217567018203326))"
CHARLIE 6,2019-06-30 15:15:00+00:00,2019-06-30 19:15:00+00:00,0.0,41000.0,"POLYGON ((-59.15 41.45, -63.3 36.45, -69.3 36.3, -63.45 41.3, -59.15 41.45))"
DELTA 3,2019-06-30 15:30:00+00:00,2019-06-30 19:30:00+00:00,0.0,45000.0,"POLYGON ((-50.3 30, -49.15 29.3, -52.15 27.3, -59 26, -58.15 28.15, -50.3 30))"
ECHO 1,2019-06-30 15:30:00+00:00,2019-06-30 19:30:00+00:00,0.0,53000.0,"POLYGON ((-74.15 32, -70.45 31.15, -73.15 28.15, -75.45 27.45, -74.15 32))"
90E,2019-06-30 15:55:00+00:00,2019-06-30 17:55:00+00:00,0.0,34000.0,"POLYGON ((-81.6281137340946 37.94488486428437, -82.47685458106163 37.107330697896366, -84.17942383790275 37.163545925552896, -84.3891776561539 37.563938496762106, -81.6281137340946 37.94488486428437))"
66C,2019-06-30 15:55:00+00:00,2019-06-30 17:55:00+00:00,0.0,45000.0,"POLYGON ((-92.91885081516868 29.739163146498836, -93.11 28.116006848107485, -94.69927395346423 27.319288787349368, -94.29773101624471 29.035776245217505, -93.81488952738852 29.52475463212357, -92.91885081516868 29.739163146498836))"
65C,2019-06-30 15:55:00+00:00,2019-06-30 17:55:00+00:00,0.0,37000.0,"POLYGON ((-100.77171072674204 30.7017676424564, -99.93864113223562 30.497719085764757, -99.82 29.877145302895535, -100.61666660416932 29.415237226135794, -100.77171072674204 30.7017676424564))"
64C,2019-06-30 15:55:00+00:00,2019-06-30 17:55:00+00:00,0.0,45000.0,"POLYGON ((-89.92802881923849 44.82763845851411, -88.04627408453402 44.662137072503214, -89.38249798764741 42.881544038403405, -91.18717681945536 43.70519628620944, -89.92802881923849 44.82763845851411))"
88E,2019-06-30 15:55:00+00:00,2019-06-30 17:55:00+00:00,0.0,37000.0,"POLYGON ((-70.69601556597533 44.846520456046775, -68.96002819417546 44.99366957123421, -69.22537064625493 44.22462562057288, -73.30250246328585 40.98198204388069, -75.85434380578747 42.544657047095825, -71.78 44.504524177054435, -70.69601556597533 44.846520456046775))"
89E,2019-06-30 15:55:00+00:00,2019-06-30 17:55:00+00:00,0.0,44000.0,"POLYGON ((-80.64857631903219 26.678907617793083, -79.7176144659696 26.679514493799267, -80.06867079833995 25.338732925408017, -80.67083656346551 25.446556484941148, -81.38674750248056 26.17653939656358, -80.64857631903219 26.678907617793083))"
87E,2019-06-30 15:55:00+00:00,2019-06-30 17:55:00+00:00,0.0,41000.0,"POLYGON ((-89.25701726296049 31.045249547713563, -85.96590365845428 30.57337477620931, -86.02206625453677 29.444992833966868, -86.68 28.833572531163288, -89.04765111827678 28.793887402199687, -89.25701726296049 31.045249547713563))"
67C,2019-06-30 15:55:00+00:00,2019-06-30 17:55:00+00:00,0.0,45000.0,"POLYGON ((-92.2 46.6336310442636, -91.65133295878103 45.87644417776397, -95.39978662340067 44.9307987432688, -96.30182597824066 45.826446468202796, -92.2 46.6336310442636))"
23W,2019-06-30 15:55:00+00:00,2019-06-30 17:55:00+00:00,0.0,38000.0,"POLYGON ((-105.9353431348351 48.40891338607296, -105.17857186520034 47.69317892851356, -107.5222719592918 46.814953004992944, -108.66676645742726 47.65491072087989, -105.9353431348351 48.40891338607296))"
93E,2019-06-30 16:55:00+00:00,2019-06-30 18:55:00+00:00,0.0,45000.0,"POLYGON ((-80.57539121450807 26.67917511534555, -79.94059079506302 26.624596952635187, -80.15737482756369 25.53281636739097, -80.61975967462241 25.49292443151951, -81.43813576473457 26.222911517540677, -80.57539121450807 26.67917511534555))"
71C,2019-06-30 16:55:00+00:00,2019-06-30 18:55:00+00:00,0.0,45000.0,"POLYGON ((-105.52607252289215 44.08650592859655, -105.34425434107396 44.08650592859655, -105.34425434107396 43.904687746778364, -105.52607252289215 43.904687746778364, -105.52607252289215 44.08650592859655))"
94E,2019-06-30 16:55:00+00:00,2019-06-30 18:55:00+00:00,0.0,44000.0,"POLYGON ((-81.28178033921161 38.08729935984582, -81.36324960851009 36.692218128848026, -84.11 36.863631044263606, -84.35071838181597 37.49087212796139, -81.28178033921161 38.08729935984582))"
91E,2019-06-30 16:55:00+00:00,2019-06-30 18:55:00+00:00,0.0,41000.0,"POLYGON ((-89.0485046770977 31.316386786392243, -85.96590365845428 30.57337477620931, -86.02206625453677 29.444992833966868, -86.68 28.833572531163288, -89.04765111827678 28.793887402199687, -89.0485046770977 31.316386786392243))"
92E,2019-06-30 16:55:00+00:00,2019-06-30 18:55:00+00:00,0.0,35000.0,"POLYGON ((-68.96002819417546 44.99366957123421, -69.22537064625493 44.22462562057288, -72.48773518021773 40.61246842204901, -75.47874468875276 42.17753135995051, -70.48069092750141 44.780600546930884, -68.96002819417546 44.99366957123421))"
70C,2019-06-30 16:55:00+00:00,2019-06-30 18:55:00+00:00,0.0,45000.0,"POLYGON ((-91.92334963642357 46.33855008725631, -90.81020095999888 45.36861564463131, -95.30937978279466 44.77726985709515, -95.20530813745194 45.52043228848776, -91.92334963642357 46.33855008725631))"
69C,2019-06-30 16:55:00+00:00,2019-06-30 18:55:00+00:00,0.0,44000.0,"POLYGON ((-92.81733287662304 29.524855935199767, -93.11 27.64446566395412, -95.38324899694923 26.758684294582924, -93.76353843840683 28.75503802079858, -93.40266712337696 29.524855935199767, -92.81733287662304 29.524855935199767))"
68C,2019-06-30 16:55:00+00:00,2019-06-30 18:55:00+00:00,0.0,45000.0,"POLYGON ((-89.3150869040346 44.31766879922346, -87.6976683615097 44.206016450992074, -88.5397185073174 42.65859033182533, -91.05828795846794 43.01429551756506, -89.3150869040346 44.31766879922346))"
24W,2019-06-30 16:55:00+00:00,2019-06-30 18:55:00+00:00,0.0,34000.0,"POLYGON ((-105.880920198954 48.217567018203326, -104.79476056601548 47.32004095002691, -107.07047901756098 46.69288351613736, -108.48977905441616 47.771089088444036, -105.880920198954 48.217567018203326))"
99E,2019-06-30 17:55:00+00:00,2019-06-30 19:55:00+00:00,0.0,45000.0,"POLYGON ((-78.5197642889764 38.12706152414968, -77.10966163894507 37.900512370405735, -77.11190709216034 37.099118679602455, -78.90490063027733 37.138877754578054, -78.5197642889764 38.12706152414968))"
02E,2019-06-30 17:55:00+00:00,2019-06-30 19:55:00+00:00,0.0,44000.0,"POLYGON ((-89.98 34.875429060579116, -84.4998635303525 34.73696672591499, -83.91453960990441 33.223987268658796, -90.47803351418656 33.05914401581503, -92.28302653340697 32.724220643578406, -92.74 33.69371281826269, -89.98 34.875429060579116))"
01E,2019-06-30 17:55:00+00:00,2019-06-30 19:55:00+00:00,0.0,45000.0,"POLYGON ((-83.87788237514063 29.990242575605, -82.43419771144458 29.81987826050759, -81.7213125119795 29.077308782615507, -81.79589826915044 27.674595746800907, -82.48760872642984 27.533552248750752, -83.51838908975586 29.190269519176454, -83.87788237514063 29.990242575605))"
97E,2019-06-30 17:55:00+00:00,2019-06-30 19:55:00+00:00,0.0,41000.0,"POLYGON ((-80.20451111713369 26.782181168878804, -80.09 26.390858121158214, -80.28 25.51085812115821, -80.73262609557923 25.390392131449328, -81.43813576473457 26.222911517540677, -80.20451111713369 26.782181168878804))"
75C,2019-06-30 17:55:00+00:00,2019-06-30 19:55:00+00:00,0.0,45000.0,"POLYGON ((-103.4776461417135 44.78045154732739, -103.43400370095783 43.672532196141944, -105.29021575786447 43.08573467693125, -106.06933575406659 43.88875035252621, -105.13179940019653 44.37984243892516, -103.4776461417135 44.78045154732739))"
72C,2019-06-30 17:55:00+00:00,2019-06-30 19:55:00+00:00,0.0,45000.0,"POLYGON ((-87.47887939393186 44.04664564459893, -87.9 41.99, -90.71 42.110858121158216, -89.20561978068615 43.71463773064988, -87.47887939393186 44.04664564459893))"
95E,2019-06-30 17:55:00+00:00,2019-06-30 19:55:00+00:00,0.0,41000.0,"POLYGON ((-89.18722966404943 31.433221999198235, -85.06468176276314 30.65272130238764, -85.2968089984912 29.573100777403145, -86.68 28.833572531163288, -89.04765111827678 28.793887402199687, -89.18722966404943 31.433221999198235))"
96E,2019-06-30 17:55:00+00:00,2019-06-30 19:55:00+00:00,0.0,38000.0,"POLYGON ((-70.95420395937752 44.578800947286105, -68.53953682017502 44.60424098602056, -70.57313546997231 42.48657917572223, -72.0689756530409 40.458612172131694, -75.00426841166248 41.82428514703966, -70.95420395937752 44.578800947286105))"
98E,2019-06-30 17:55:00+00:00,2019-06-30 19:55:00+00:00,0.0,45000.0,"POLYGON ((-80.73038582527145 37.90669235203446, -81.1503819240933 36.7362624306669, -83.95114009907918 36.72248419739157, -84.27015109267967 37.33730231941818, -80.73038582527145 37.90669235203446))"
73C,2019-06-30 17:55:00+00:00,2019-06-30 19:55:00+00:00,0.0,37000.0,"POLYGON ((-93.24619448144807 30.257570329205606, -92.40089692444066 29.88342798996715, -93.11 27.478096708217727, -95.71101042993071 27.25255799744366, -93.83507074762302 28.600959686264062, -93.24619448144807 30.257570329205606))"
74C,2019-06-30 17:55:00+00:00,2019-06-30 19:55:00+00:00,0.0,45000.0,"POLYGON ((-91.48 45.89821373441836, -90.30572360894804 44.89398292211494, -95.13 44.47, -95.13 45.468213734418356, -91.48 45.89821373441836))"
25W,2019-06-30 17:55:00+00:00,2019-06-30 19:55:00+00:00,0.0,35000.0,"POLYGON ((-105.70265036220216 48.47095136265611, -104.26855831014906 47.956938208927966, -106.61606252196069 46.18706182632793, -108.48977905441616 47.771089088444036, -105.70265036220216 48.47095136265611))"
07E,2019-06-30 18:55:00+00:00,2019-06-30 20:55:00+00:00,0.0,45000.0,"POLYGON ((-78.5934787990694 37.75938308591102, -76.81380903836087 37.664895832943174, -76.74227791774942 36.88876795950001, -78.98384326842992 37.04526960926152, -78.5934787990694 37.75938308591102))"
05E,2019-06-30 18:55:00+00:00,2019-06-30 20:55:00+00:00,0.0,45000.0,"POLYGON ((-80.49 27.68, -79.96645388137776 26.412814336910078, -80.28 25.36628718173732, -81.2355696607407 25.10008101007333, -82.00892542164652 26.734271308487628, -80.49 27.68))"
04E,2019-06-30 18:55:00+00:00,2019-06-30 20:55:00+00:00,0.0,40000.0,"POLYGON ((-70.91925810434903 44.553381603362766, -68.87 44.11714530289553, -70.20742163548539 42.35733904208581, -72.6105286929075 40.38536928672967, -74.83594910148832 41.60388769919036, -70.91925810434903 44.553381603362766))"
78C,2019-06-30 18:55:00+00:00,2019-06-30 20:55:00+00:00,0.0,45000.0,"POLYGON ((-103.55684512680534 44.9136723411775, -103.19578908135723 44.035174477300046, -105.09228316742045 43.08385806470935, -105.63611642920809 43.99718192502322, -103.55684512680534 44.9136723411775))"
08E,2019-06-30 18:55:00+00:00,2019-06-30 20:55:00+00:00,0.0,43000.0,"POLYGON ((-83.81642834450271 30.207915635652693, -82.34111470983488 29.852783030599475, -81.81325431818071 29.043491787627, -81.61306075576996 27.39687001735732, -82.28555036921107 27.16446955083763, -83.454481077942 29.246465056446542, -83.81642834450271 30.207915635652693))"
03E,2019-06-30 18:55:00+00:00,2019-06-30 20:55:00+00:00,0.0,42000.0,"POLYGON ((-89.53851323964713 31.55265062430279, -85.06468176276314 30.65272130238764, -85.2968089984912 29.573100777403145, -86.68 28.833572531163288, -88.76619753622238 29.173391202068682, -89.53851323964713 31.55265062430279))"
09E,2019-06-30 18:55:00+00:00,2019-06-30 20:55:00+00:00,0.0,44000.0,"POLYGON ((-90.05759593097679 34.866270418164156, -83.90707222766581 34.69849476116072, -83.87813001962584 33.150908393169914, -90.25137775461174 32.737319286518066, -93.33196875464965 31.963166444608426, -93.50254103079556 33.97927067191303, -90.05759593097679 34.866270418164156))"
06E,2019-06-30 18:55:00+00:00,2019-06-30 20:55:00+00:00,0.0,41000.0,"POLYGON ((-84.79599746175148 38.352066166173906, -80.26549739133524 37.44209401422839, -80.94799810106845 36.6286469969386, -83.95114009907918 36.72248419739157, -84.79599746175148 38.352066166173906))"
77C,2019-06-30 18:55:00+00:00,2019-06-30 20:55:00+00:00,0.0,45000.0,"POLYGON ((-91.11657632850802 45.514247336409056, -90.1867239604309 44.51066964598057, -93.33 43.92184477868197, -95.13 44.47, -95.5820588526993 45.23764061786939, -91.11657632850802 45.514247336409056))"
76C,2019-06-30 18:55:00+00:00,2019-06-30 20:55:00+00:00,0.0,45000.0,"POLYGON ((-87.44120723243894 42.862262156768836, -87.4738623247609 40.43196283439998, -90.4738828877305 41.15662162883213, -89.66401673443404 42.71359337856477, -87.44120723243894 42.862262156768836))"
26W,2019-06-30 18:55:00+00:00,2019-06-30 20:55:00+00:00,0.0,35000.0,"POLYGON ((-105.70265036220216 48.47095136265611, -103.95719680525072 47.5345580808571, -106.39456313767758 46.251803955773774, -107.94717829531584 47.50468983851502, -105.70265036220216 48.47095136265611))"
27W,2019-06-30 18:55:00+00:00,2019-06-30 20:55:00+00:00,0.0,45000.0,"POLYGON ((-104.77 40.87726208852722, -105.03344842925797 38.75902166027757, -106.23856481077517 37.3492626507828, -108.14911461651886 38.0620932069341, -106.05603114996269 40.72468923892798, -104.77 40.87726208852722))"
28W,2019-06-30 18:55:00+00:00,2019-06-30 20:55:00+00:00,0.0,42000.0,"POLYGON ((-109.93049746488067 36.558226398950744, -107.70702584092672 36.612052756705, -108.19593447309032 32.95830555593388, -109.9602061274071 32.856273723351336, -111.09575086263004 33.74490874071189, -109.93049746488067 36.558226398950744))"
CHARLIE 7,2019-06-30 19:15:00+00:00,2019-06-30 23:15:00+00:00,0.0,47000.0,"POLYGON ((-64.45 39.45, -62.3 39, -64.3 36, -70 37.15, -64.45 39.45))"
12E,2019-06-30 19:55:00+00:00,2019-06-30 21:55:00+00:00,0.0,45000.0,"POLYGON ((-80.98344833902095 29.032808099971728, -80.14465225522746 27.37289083983201, -80.40262517243633 25.53281636739097, -81.3488290158478 24.998234947041666, -82.55 27.544570939420897, -80.98344833902095 29.032808099971728))"
10E,2019-06-30 19:55:00+00:00,2019-06-30 21:55:00+00:00,0.0,43000.0,"POLYGON ((-83.84633393658177 32.289148575512534, -83.88463993902863 30.565149913835874, -88.67961080880822 30.061777665082957, -89.40184646693109 31.86743363473883, -83.84633393658177 32.289148575512534))"
82C,2019-06-30 19:55:00+00:00,2019-06-30 21:55:00+00:00,0.0,45000.0,"POLYGON ((-101.71659802386237 32.17509589935455, -100.05588157942994 32.079149805587576, -100.09198038974843 31.062821399317443, -101.96859003079274 30.946062600297328, -101.71659802386237 32.17509589935455))"
81C,2019-06-30 19:55:00+00:00,2019-06-30 21:55:00+00:00,0.0,45000.0,"POLYGON ((-103.15303194469813 45.07103866127506, -102.63807649428172 44.09004734258658, -104.11745154065399 43.64268318726802, -105.50729003169704 44.27284222951255, -103.15303194469813 45.07103866127506))"
29W,2019-06-30 19:55:00+00:00,2019-06-30 21:55:00+00:00,0.0,30000.0,"POLYGON ((-105.41942986035264 48.54562523261584, -103.9082824798011 47.61526453876644, -106.26768241963116 45.84529264927269, -108.55441760549061 47.34241260922502, -105.41942986035264 48.54562523261584))"
14E,2019-06-30 19:55:00+00:00,2019-06-30 21:55:00+00:00,0.0,45000.0,"POLYGON ((-78.46500852202657 37.50214482282196, -76.64332038330934 37.24210001688769, -76.35857133244019 36.58248473453594, -78.9226464540487 36.63475561336929, -78.46500852202657 37.50214482282196))"
15E,2019-06-30 19:55:00+00:00,2019-06-30 21:55:00+00:00,0.0,45000.0,"POLYGON ((-93.51821534209513 35.13300231982025, -90.16753871927507 34.95618907771466, -83.48681226016797 34.63619078524487, -82.91738508349383 32.942538733280855, -90.23955898794854 32.547563701522996, -93.81 31.77178626558165, -93.51821534209513 35.13300231982025))"
11E,2019-06-30 19:55:00+00:00,2019-06-30 21:55:00+00:00,0.0,37000.0,"POLYGON ((-70.16194685103439 44.45068491437497, -68.87 44.00815522131804, -69.562897803956 40.92613127388506, -72.32 40.08815522131805, -73.92473588941117 40.51225602509405, -70.16194685103439 44.45068491437497))"
13E,2019-06-30 19:55:00+00:00,2019-06-30 21:55:00+00:00,0.0,45000.0,"POLYGON ((-86.28 39.886368955736394, -80.1304815108413 37.27959152502712, -80.71 36.590893132790825, -83.95114009907918 36.72248419739157, -87.84914260376968 39.67946464225538, -86.28 39.886368955736394))"
79C,2019-06-30 19:55:00+00:00,2019-06-30 21:55:00+00:00,0.0,45000.0,"POLYGON ((-91.0274227503881 42.164279957174344, -87.22850474147172 41.988043363982484, -86.3629575399158 39.87367538758872, -88.69514101369357 39.43247339154707, -91.0274227503881 42.164279957174344))"
80C,2019-06-30 19:55:00+00:00,2019-06-30 21:55:00+00:00,0.0,45000.0,"POLYGON ((-90.82686261281665 45.089142678484905, -89.30091232540373 43.549081548126445, -93.59353170184666 43.55081368546148, -95.49067798356249 45.08425592101803, -90.82686261281665 45.089142678484905))"
30W,2019-06-30 19:55:00+00:00,2019-06-30 21:55:00+00:00,0.0,45000.0,"POLYGON ((-104.77 40.87726208852722, -104.87 37.155475822945576, -106.23856481077517 37.3492626507828, -108.15448216992738 37.55278749235115, -106.05603114996269 40.72468923892798, -104.77 40.87726208852722))"
31W,2019-06-30 19:55:00+00:00,2019-06-30 21:55:00+00:00,0.0,44000.0,"POLYGON ((-109.93049746488067 36.558226398950744, -107.51601668689459 36.54762050379873, -109.26 31.438155221318045, -111.20862620415681 31.4848298498301, -111.16727355000431 34.13293202734433, -109.93049746488067 36.558226398950744))"
20E,2019-06-30 20:55:00+00:00,2019-06-30 22:55:00+00:00,0.0,45000.0,"POLYGON ((-76.45632197871892 37.094179222262795, -75.92710359195087 36.055279376820536, -78.42318984174901 35.869472461305044, -78.57078839651555 37.0268150181539, -76.45632197871892 37.094179222262795))"
86C,2019-06-30 20:55:00+00:00,2019-06-30 22:55:00+00:00,0.0,45000.0,"POLYGON ((-101.94942176331496 31.805318724005996, -100.0896360376392 31.676177754081056, -100.28632421896697 30.765143303423695, -102.13715128433186 30.9472656614796, -101.94942176331496 31.805318724005996))"
87C,2019-06-30 20:55:00+00:00,2019-06-30 22:55:00+00:00,0.0,45000.0,"POLYGON ((-93.13048604738496 35.91396942427397, -89.35973510056975 34.50728358549704, -91.71645891735984 31.534248635523515, -94.94575319955527 32.01915015599876, -93.13048604738496 35.91396942427397))"
18E,2019-06-30 20:55:00+00:00,2019-06-30 22:55:00+00:00,0.0,45000.0,"POLYGON ((-81.55647691247047 28.078713840927172, -80.28 25.467262088527217, -81.12248353355385 24.84314904610989, -82.60805522070862 27.756276448164257, -81.55647691247047 28.078713840927172))"
16E,2019-06-30 20:55:00+00:00,2019-06-30 22:55:00+00:00,0.0,43000.0,"POLYGON ((-86.91428885410875 35.179210967045584, -83.34946255558243 32.07482178501174, -86.97469838740562 30.21484687132116, -89.84850227976207 30.946421966718926, -86.91428885410875 35.179210967045584))"
19E,2019-06-30 20:55:00+00:00,2019-06-30 22:55:00+00:00,0.0,45000.0,"POLYGON ((-85.84741357284022 39.719197310223784, -79.817818523241 37.05759474199591, -79.35040300175942 36.059652943244885, -82.44408325787079 35.824767909892564, -87.40217902008251 39.37226011342942, -85.84741357284022 39.719197310223784))"
17E,2019-06-30 20:55:00+00:00,2019-06-30 22:55:00+00:00,0.0,37000.0,"POLYGON ((-71.58 43.88547582294556, -69.33913166260074 42.50759658278763, -69.61130824364902 40.510712188676514, -72.32 39.42267939837247, -73.12033122534865 42.74799053638802, -71.58 43.88547582294556))"
84C,2019-06-30 20:55:00+00:00,2019-06-30 22:55:00+00:00,0.0,45000.0,"POLYGON ((-90.1867239604309 44.51066964598057, -87.95889779833763 42.88426878015464, -92.5631335243806 42.22193390417453, -95.98778489554078 44.21211423112329, -90.1867239604309 44.51066964598057))"
85C,2019-06-30 20:55:00+00:00,2019-06-30 22:55:00+00:00,0.0,45000.0,"POLYGON ((-102.56167275069184 45.66513343927875, -100.85843046947387 44.38787198011027, -102.57324509170037 43.21063701635652, -104.49395165000278 43.5246841604914, -102.56167275069184 45.66513343927875))"
83C,2019-06-30 20:55:00+00:00,2019-06-30 22:55:00+00:00,0.0,45000.0,"POLYGON ((-87.10123327368761 42.57544968783123, -86.1970424600842 39.87367538758872, -87.70500167585676 39.13618920737461, -90.40979592552496 41.41176676336402, -87.10123327368761 42.57544968783123))"
32W,2019-06-30 20:55:00+00:00,2019-06-30 22:55:00+00:00,0.0,37000.0,"POLYGON ((-110.05192203482676 45.80105604456935, -107.42303681563926 45.45424854210649, -108.58922134405637 42.35772600282377, -110.74427739717123 42.107680451581125, -110.05192203482676 45.80105604456935))"
34W,2019-06-30 20:55:00+00:00,2019-06-30 22:55:00+00:00,0.0,45000.0,"POLYGON ((-109.96085475025946 36.98200232549708, -107.32532645806296 36.48288412960742, -109.26 31.27178626558165, -111.2826672660394 31.330929419644484, -110.95497723078898 34.75249158301748, -109.96085475025946 36.98200232549708))"
33W,2019-06-30 20:55:00+00:00,2019-06-30 22:55:00+00:00,0.0,45000.0,"POLYGON ((-104.45837101219327 40.97429788449089, -104.57645495198484 36.72492214860059, -107.76962905791136 37.35439155155304, -106.48815121427128 40.77183163715063, -104.45837101219327 40.97429788449089))"
FOXTROT 1,2019-06-30 21:00:00+00:00,2019-07-01 01:00:00+00:00,0.0,45000.0,"POLYGON ((-64.3 33.35, -64.5 29.25, -69.4 30.4, -68 32.3, -64.3 33.35))"
25E,2019-06-30 21:55:00+00:00,2019-06-30 23:55:00+00:00,0.0,45000.0,"POLYGON ((-76.45632197871892 37.094179222262795, -75.92710359195087 36.055279376820536, -78.78 35.43628718173732, -78.57078839651555 37.0268150181539, -76.45632197871892 37.094179222262795))"
23E,2019-06-30 21:55:00+00:00,2019-06-30 23:55:00+00:00,0.0,45000.0,"POLYGON ((-81.46563772539767 28.27280994037643, -80.38867342740315 26.569037969393626, -81.53379442271535 25.99552441694599, -82.56442627252594 27.807724701565782, -81.46563772539767 28.27280994037643))"
88C,2019-06-30 21:55:00+00:00,2019-06-30 23:55:00+00:00,0.0,45000.0,"POLYGON ((-87.54121986040084 41.87879105673735, -85.90409125723747 39.71939386958906, -87.23867938554133 38.33776136693333, -89.39494944458234 40.14768449892137, -87.54121986040084 41.87879105673735))"
36W,2019-06-30 21:55:00+00:00,2019-06-30 23:55:00+00:00,0.0,45000.0,"POLYGON ((-106.89471202526359 40.82597507831924, -104.49907420121653 41.005227784883985, -104.48701900683295 36.7960702726046, -108.09 37.31828375768359, -106.89471202526359 40.82597507831924))"
22E,2019-06-30 21:55:00+00:00,2019-06-30 23:55:00+00:00,0.0,37000.0,"POLYGON ((-72.42015481235356 42.96225142353116, -69.33913166260074 42.50759658278763, -69.20212328424691 39.73994761723672, -71.25643258679824 38.91687249029341, -73.13678563204553 41.171791239405174, -72.42015481235356 42.96225142353116))"
24E,2019-06-30 21:55:00+00:00,2019-06-30 23:55:00+00:00,0.0,45000.0,"POLYGON ((-86.11518831400065 39.41247347431365, -79.817818523241 37.05759474199591, -78.96982984642734 35.933517370120136, -82.50799555535994 35.49919474902198, -86.84199799864682 38.72075875392721, -86.11518831400065 39.41247347431365))"
21E,2019-06-30 21:55:00+00:00,2019-06-30 23:55:00+00:00,0.0,43000.0,"POLYGON ((-86.47811248651783 34.70581733632313, -82.53930437815256 32.94089476184316, -85.99915682857404 30.240016139093544, -89.07119337921092 33.018171193646076, -86.47811248651783 34.70581733632313))"
89C,2019-06-30 21:55:00+00:00,2019-06-30 23:55:00+00:00,0.0,45000.0,"POLYGON ((-89.76 44.38184477868196, -87.64024480022579 42.64764707816552, -91.52476389540222 41.6736734493593, -93.77146650280437 43.857682560182, -89.76 44.38184477868196))"
92C,2019-06-30 21:55:00+00:00,2019-06-30 23:55:00+00:00,0.0,45000.0,"POLYGON ((-93.24965430460212 35.385710408272125, -90.36510966734616 34.25086561920501, -91.94675343382102 31.72937823056986, -95.14417166992766 32.41938638276148, -93.24965430460212 35.385710408272125))"
91C,2019-06-30 21:55:00+00:00,2019-06-30 23:55:00+00:00,0.0,45000.0,"POLYGON ((-97.82565865872743 32.12935950199946, -97.53 31.04547582294557, -102.01007482866206 30.94637897958997, -102.38619986474505 32.00984900965835, -97.82565865872743 32.12935950199946))"
90C,2019-06-30 21:55:00+00:00,2019-06-30 23:55:00+00:00,0.0,45000.0,"POLYGON ((-102.2229115197598 45.4318228536565, -98.37 44.25541730984525, -97.58503731052336 43.05895483320172, -104.28334283516341 43.59090038037705, -102.2229115197598 45.4318228536565))"
35W,2019-06-30 21:55:00+00:00,2019-06-30 23:55:00+00:00,0.0,37000.0,"POLYGON ((-108.89630811316543 46.2707835306783, -105.95 45.880893132790824, -108.58922134405637 42.35772600282377, -111.14837541429382 42.25696431162419, -108.89630811316543 46.2707835306783))"
37W,2019-06-30 21:55:00+00:00,2019-06-30 23:55:00+00:00,0.0,45000.0,"POLYGON ((-108.09 37.07273791147279, -107.38187513789626 34.8477039959153, -110.08313843673078 31.391467531074888, -111.2826672660394 31.330929419644484, -111.27 35.9536310442636, -108.09 37.07273791147279))"
GOLF 1,2019-06-30 22:05:00+00:00,2019-07-01 02:05:00+00:00,0.0,44000.0,"POLYGON ((-61.2 29.1, -58.25 27.55, -55.25 29, -55.5 26.15, -63.35 26.55, -61.2 29.1))"
CHARLIE 8,2019-06-30 22:55:00+00:00,2019-07-01 02:55:00+00:00,0.0,43000.0,"POLYGON ((-63.15 42.45, -60.2 42.25, -64.5 35.5, -68.1 37.05, -63.15 42.45))"
98C,2019-06-30 22:55:00+00:00,2019-07-01 00:55:00+00:00,0.0,45000.0,"POLYGON ((-96.95331765260626 28.630952409617827, -96.88298709817907 28.443726308034833, -99.15394939270688 27.59065061021832, -99.22427994713406 27.777876711801312, -96.95331765260626 28.630952409617827))"
28E,2019-06-30 22:55:00+00:00,2019-07-01 00:55:00+00:00,0.0,37000.0,"POLYGON ((-72.42015481235356 42.96225142353116, -69.33913166260074 42.50759658278763, -69.20212328424691 39.73994761723672, -71.25643258679824 38.91687249029341, -73.13678563204553 41.171791239405174, -72.42015481235356 42.96225142353116))"
30E,2019-06-30 22:55:00+00:00,2019-07-01 00:55:00+00:00,0.0,45000.0,"POLYGON ((-75.75667961669066 37.24210001688769, -74.10202207210175 35.54163455364396, -76.18 35.095417309845246, -77.71718375288742 36.730807860823106, -75.75667961669066 37.24210001688769))"
29E,2019-06-30 22:55:00+00:00,2019-07-01 00:55:00+00:00,0.0,45000.0,"POLYGON ((-85.82425981149618 38.560862546232066, -80.71 37.422737911472794, -78.78 35.537262088527214, -82.49443858289428 35.21969413245041, -86.35855722106766 37.84276082397626, -85.82425981149618 38.560862546232066))"
26E,2019-06-30 22:55:00+00:00,2019-07-01 00:55:00+00:00,0.0,43000.0,"POLYGON ((-87.25893615511069 34.24866692576293, -82.16000000000001 32.87815522131804, -86.85911761898309 30.893543437506416, -88.61812451644968 32.31620278778603, -87.25893615511069 34.24866692576293))"
27E,2019-06-30 22:55:00+00:00,2019-07-01 00:55:00+00:00,0.0,45000.0,"POLYGON ((-80.49 28.17910686720918, -80.09 26.34726208852722, -81.49686748526675 25.914901466215348, -82.2041446016085 27.272240346452733, -80.49 28.17910686720918))"
97C,2019-06-30 22:55:00+00:00,2019-07-01 00:55:00+00:00,0.0,45000.0,"POLYGON ((-93.5134530208099 35.642310891519315, -91.77538022545181 34.679331498059085, -91.59792160603413 31.57518423005951, -95.45139443398276 33.006262503210436, -93.5134530208099 35.642310891519315))"
94C,2019-06-30 22:55:00+00:00,2019-07-01 00:55:00+00:00,0.0,45000.0,"POLYGON ((-90.11500688320739 44.16427386211114, -87.422523094076 42.341935810877445, -91.3566996288134 41.05860636155787, -93.97934803370066 43.55873552507589, -90.11500688320739 44.16427386211114))"
93C,2019-06-30 22:55:00+00:00,2019-07-01 00:55:00+00:00,0.0,45000.0,"POLYGON ((-87.48723256563433 41.861926530555344, -85.52174072795097 39.12931992642605, -86.35855722106766 37.84276082397626, -89.94173571889883 39.73497985282954, -87.48723256563433 41.861926530555344))"
96C,2019-06-30 22:55:00+00:00,2019-07-01 00:55:00+00:00,0.0,45000.0,"POLYGON ((-103.79694434427167 32.33934960372403, -97.82565865872743 32.12935950199946, -97.53 31.04547582294557, -103.25367026958605 30.71443044469519, -103.79694434427167 32.33934960372403))"
95C,2019-06-30 22:55:00+00:00,2019-07-01 00:55:00+00:00,0.0,45000.0,"POLYGON ((-102.07682852603313 44.46462098530934, -97.84774010986139 43.96338077120431, -98.42913647727863 42.93082017708635, -103.01 43.31452417705443, -102.07682852603313 44.46462098530934))"
38W,2019-06-30 22:55:00+00:00,2019-07-01 00:55:00+00:00,0.0,37000.0,"POLYGON ((-111.05923532880804 46.351865247652015, -104.98541149797646 46.37594473294722, -106.61610309132362 43.69245457181577, -109.30356131958408 43.165391804530024, -111.05923532880804 46.351865247652015))"
39W,2019-06-30 22:55:00+00:00,2019-07-01 00:55:00+00:00,0.0,45000.0,"POLYGON ((-100.82142473214184 42.31232057530748, -104.42900925347759 36.84211192728432, -109.32879968492946 37.04080038207598, -106.87636046551857 41.287755742204574, -100.82142473214184 42.31232057530748))"
40W,2019-06-30 22:55:00+00:00,2019-07-01 00:55:00+00:00,0.0,45000.0,"POLYGON ((-110.31474986708275 36.43454715277821, -107.0546106386474 35.50088924177636, -109.67902445077446 32.62223058918213, -109.70727149407455 31.346981460766365, -111.2826672660394 31.330929419644484, -110.31474986708275 36.43454715277821))"
31E,2019-06-30 23:55:00+00:00,2019-07-01 01:55:00+00:00,0.0,44000.0,"POLYGON ((-87.14625195012803 33.87421016201342, -83.66082853647713 31.879756724646285, -82.92240361444468 29.867071240138635, -87.89304387724498 30.895138991914035, -87.14625195012803 33.87421016201342))"
32E,2019-06-30 23:55:00+00:00,2019-07-01 01:55:00+00:00,0.0,45000.0,"POLYGON ((-81.51 31.06285469710448, -80.36535443105555 27.412811991555706, -82.09934661945864 27.233301449429366, -82.71746087075297 29.59958554599544, -81.51 31.06285469710448))"
05C,2019-06-30 23:55:00+00:00,2019-07-01 01:55:00+00:00,0.0,45000.0,"POLYGON ((-97.27866371678142 28.396808658509276, -97.22432644228324 28.204331489473287, -99.04617973853212 27.690013125640768, -99.1005170130303 27.882490294676757, -97.27866371678142 28.396808658509276))"
01C,2019-06-30 23:55:00+00:00,2019-07-01 01:55:00+00:00,0.0,45000.0,"POLYGON ((-90.32804252316797 43.957508293252516, -87.62403640795849 42.19412434933399, -91.28000000000002 40.283712818262686, -93.33 43.37914187884179, -90.32804252316797 43.957508293252516))"
42W,2019-06-30 23:55:00+00:00,2019-07-01 01:55:00+00:00,0.0,42000.0,"POLYGON ((-110.73308874948118 36.11880210422406, -106.82 35.76285469710447, -109.26 32.848283757683575, -109.64917448372418 31.46800574395262, -111.23418962456253 31.43175604669279, -110.73308874948118 36.11880210422406))"
33E,2019-06-30 23:55:00+00:00,2019-07-01 01:55:00+00:00,0.0,34000.0,"POLYGON ((-69.21506935197536 41.02245368628932, -68.80199855429646 38.967778283311084, -70.70844458805594 37.834415251901376, -71.57710874052356 39.53424557493783, -69.21506935197536 41.02245368628932))"
35E,2019-06-30 23:55:00+00:00,2019-07-01 01:55:00+00:00,0.0,45000.0,"POLYGON ((-74.74400132292926 36.88111767841492, -73.35575740293993 35.27164877728828, -75.32964868748161 34.56621388586957, -77.90111323923384 36.5726535962645, -74.74400132292926 36.88111767841492))"
34E,2019-06-30 23:55:00+00:00,2019-07-01 01:55:00+00:00,0.0,45000.0,"POLYGON ((-79.59916471214466 36.17673144288763, -78.46814088933093 35.254776413331065, -81.93 34.69726208852722, -82.24337273829825 35.64441769540652, -79.59916471214466 36.17673144288763))"
99C,2019-06-30 23:55:00+00:00,2019-07-01 01:55:00+00:00,0.0,45000.0,"POLYGON ((-87.38078521094157 40.79486564346044, -83.80045586891734 38.31068550399571, -83.15841201732007 36.48599069648934, -90.08451116624401 38.98666700716526, -87.38078521094157 40.79486564346044))"
06C,2019-06-30 23:55:00+00:00,2019-07-01 01:55:00+00:00,0.0,45000.0,"POLYGON ((-100.61420999961972 42.37730291166018, -104.66306363203208 36.48982133417492, -108.47424690104945 36.8667160645541, -106.06243626859779 41.95431477164329, -100.61420999961972 42.37730291166018))"
02C,2019-06-30 23:55:00+00:00,2019-07-01 01:55:00+00:00,0.0,45000.0,"POLYGON ((-101.72 44.41452417705443, -97.60096026152543 44.235283917443205, -98.04722812000331 42.938774937917856, -101.88125570471217 43.15091100893687, -101.72 44.41452417705443))"
03C,2019-06-30 23:55:00+00:00,2019-07-01 01:55:00+00:00,0.0,45000.0,"POLYGON ((-104.07758009517724 32.57310170470403, -97.68621182124798 32.012246792286305, -97.53 30.71273791147279, -103.53975965599138 30.65228215729454, -104.07758009517724 32.57310170470403))"
04C,2019-06-30 23:55:00+00:00,2019-07-01 01:55:00+00:00,0.0,45000.0,"POLYGON ((-94.27 35.05726208852721, -91.80560346025295 34.80676119181843, -91.59792160603413 31.57518423005951, -95.29740937673817 32.60981691610885, -94.27 35.05726208852721))"
41W,2019-06-30 23:55:00+00:00,2019-07-01 01:55:00+00:00,0.0,43000.0,"POLYGON ((-104.50320677439215 46.37087620078336, -106.11421238033269 43.764254759540286, -109.14345235096638 43.202225520727616, -111.28113353149982 46.41704621999312, -104.50320677439215 46.37087620078336))"

